0.000416319299708212
0.00449249024629582
0.00124965263304155
2.90375773528639e-05
4.18548387904015e-05
9.751008986427e-07
5.7914280370531e-05
0.000530328979621845
0.000778115267299209
1.06426737788513e-05
0.000885179660240939
0.000108443799221843
9.12865054953649e-07
4.51710150797573e-05
0.00128958450169067
0.000328263303589287
0.000327876519610681
0.000367987996875369
5.32662437205516e-05
0.00131477853613257
0.000484173741969723
0.00115040039011267
0.000116906757632456
0.00226819117098053
0.00160476136524266
0.000693607873412445
5.91908143708788e-06
0.00341950425948593
0.000384690467467725
4.98578758975744e-05
7.03766460136109e-06
0.0021075213988892
0.00435484107188955
6.74945657520904e-05
0.00699232706083649
4.11977371844435e-05
0.00169775623171336
0.00157006500377511
0.00197559927518039
0.00113656475548126
0.000153331672875934
0.000980581655915837
0.000592271328304484
0.000358295496396291
0.000652643536609356
0.00105091210225558
0.00549907627357418
0.00158940843249083
0.000818878062678843
0.00351199138169912
0.000305475535135893
0.00067778604686677
3.35709514835709e-06
0.00102691419847324
0.000371691138454052
0.000238357711582973
0.00235323960622479
9.1138821030442e-05
0.000946023805633398
0.000367012140987345
7.51633140586696e-05
0.000880986149446451
6.87429899976331e-05
0.000645515815327228
0.000520958065750725
0.00152199390435908
0.000242954944949619
0.000532364631598669
0.000328104228990789
7.45573420286641e-05
0.000535093823970485
0.000129721364433522
0.000330485091557182
0.000455309516842361
0.00467353895716314
9.23522435362472e-05
0.0070978517178904
8.27459064726345e-06
0.00173158576282254
0.00286358002237055
0.00024536877010292
0.000317371684084289
0.000371830309364505
0.000261816968196403
0
8.33908619236381e-05
0.000386680209748831
0.000186487903309947
0.00174689912788827
0.000145273701125556
0.00082503415237747
0.000214029914838049
0.000936482594899812
0.000116853260414259
0.000432889850373899
0.0129350282462498
0.00187348264377531
1.09867090900855e-06
0.000424671554689933
5.71395552309247e-06
0.000408519673978578
2.52356604560982e-05
0.00012710603245805
8.25885991823056e-05
0.000174330815486044
0.000702217329037579
3.9062682137664e-05
0.000311762354729772
0.000143304764696153
0.000381999628379909
9.19226824625793e-06
0.000380905436249863
4.61464780990626e-05
0.00106065990375926
0.000132838302787142
8.35376576831527e-05
0.000107313900016771
0
0.00454710178759226
0.000841190330313794
0.00177952887325183
0.00103861033990362
0.000428958859760462
0.00666980119818629
0.0011269665624862
0.00132202983568466
0.00190803100247525
0.000401996644442952
0.00318570154816877
0.000335458788892963
0.00502601626717804
0.0043107633330488
0.00367961721957095
0.00664759482153273
0.0229464060557028
0.0096459046119474
0.00407898058179179
0.00111268328766574
0.00057794460822953
0.000117301456130779
0.000405475768633524
0.0163995186119046
0.000456859657963252
0.000162373821210683
0.00225247190375902
0.000351335724292888
8.99058051712153e-06
4.96343662518019e-05
0.000527824542821577
9.00966281497783e-05
0.00114595395571083
0.0237616250748074
0.00665714966655826
0.000638390483485437
2.0147811286717e-05
0.00391274154750781
2.97370079637942e-05
0.000128283904150928
0.018589067321533
0.000922095561354859
0.00034331140915954
0.000263666959432181
0.000357637618599162
0.000393886540894607
0.0503001646602873
0.000154691314616433
0.000946030261838288
0.000257090099154094
0.000414345990736272
0.000212497734069189
0.000466280960820626
0.00133834288641384
0.000175299135083649
0.000778530049913256
0.0024865357753247
5.25685256678437e-05
0.00241834431672986
0.000216931287790909
0.000153514225586737
0.00535439106609843
3.17073012465679e-05
0.00294351751623589
0.000267525032547849
2.41528998617342e-05
3.77423289142857e-05
0.0271595857354922
3.28492164422468e-06
2.70049334648781e-05
1.03823008149182e-05
0.000470627044419737
0.000101888187060093
0.00605248451476792
0.00205472024586158
9.49440029855385e-05
5.85773172921737e-06
8.10361020681927e-06
9.20594848801825e-06
0.000134591576456782
0.00176398446190628
0.00373229242646798
0.00606298781253776
0.000153988813725745
0.00329084156147014
4.46698073325069e-06
0.00436964180815574
0.00461531260866254
0.000537552324399878
0.00162357098930977
0.00777706423605281
9.56131627765167e-05
0.000737763116375693
0.000318849966192251
5.06983664416531e-05
0.00829054521668872
0.00050137435380904
9.94407118363064e-05
7.05871346759324e-05
6.31530382965755e-05
1.2828747263953e-05
0.000105442793993077
0.000317309441466343
7.83468787079048e-05
0.00654631007738727
0.000137004240418588
0.000188960141127765
0.000226603330546812
0.0001587540589504
0.00411237436759695
0.0120381252698074
0.000618636024745503
0.00281831104978882
0.00122389341086488
0.000168067323520707
0.000717101433713948
0.000190957821276768
0.000634653849589585
0.000125420543525691
0.000496512214877335
4.93295812167158e-05
9.28121884248453e-05
0.000789717230323812
0.00107970127231659
0.000432597365722761
0.000234397623327222
0.00848931828814033
0.000220283984710989
0.000419790851984429
2.62432175970507e-05
0.00729728228918205
0.00237022001912619
0.000774886583876019
0.00490933744469237
0.0013716113735183
1.61774371277228e-05
0.00144936557352048
0.00119795274277461
5.0258295056278e-05
0.00791578975797257
0.000334725489637356
0.00299653336389331
0.000246233014665385
0.00897642896978594
0.00299283397458433
0.000675097502031926
0.000249591196204577
0.0241435141625706
0.00154079557591559
0.00239742684075524
0.00765654646320569
2.33126771779787e-05
0.00730462526834317
2.67809113902326e-05
0.000141566395428276
0.00824732042969961
1.02794489486296e-05
8.02962446761885e-05
7.59578781010955e-05
0.00706125916634536
1.2841726147112e-05
0.00476407223698182
1.59041822509177e-05
1.89819399596757e-05
0.00071227123160301
0.00451053014003146
0.000435289403737963
0.00294131242221185
0.00416428910174807
2.50706637877842e-05
2.2767894907308e-05
3.25831057325223e-05
5.30504487097977e-05
0.0261541723055008
0.00711800492735852
0.00522124774475734
0.00102406192088389
0.00232595994664113
0.000474285014927221
0.000721264805521292
0.000399776283003776
7.1313818785966e-05
8.71709836103234e-05
5.24631476471674e-05
0.000450811533795585
0.000258054016143991
0.00173384854755101
8.4390660956795e-05
0.000718282269212616
0.00010125180259539
0.00070457945280546
0.0149322238063469
0
0.0721263800122116
0.000722251488041053
0.00124375567139161
0.00236895233319592
2.50002807387701e-05
0.000130744792719664
0.00026027479250245
0.00121548976141635
0.000764081211049195
0.00345896801473386
0.00790458935145827
0.00958472684484815
0.00710584178089815
7.23849874073861e-05
0.00130952198487775
0.000487983885635142
6.66780847964544e-05
0.030767851068376
0.00609675442806615
0.0222803206461303
0.0350654097403598
0.00213383121898945
0.000113953669389648
0.00161285978497746
0.000119238354336527
0.000576289137267563
0.00108804484036871
2.21870407046051e-05
1.38602482932612e-05
2.01198377425605e-05
0.000627345917630719
9.69707458569246e-05
3.75229282418374e-05
2.02275416311799e-05
2.47823290183103e-05
8.44029492274608e-05
0.000423774037578706
0.000924189081762659
0.00284143678643862
7.46092368783886e-05
0.00230510987123892
0.000663796943826684
0.00114754775942508
0.000366275249327585
0.000638865605544376
0.00146317735018526
0.000702536570982893
0.000733275869748176
0.00176146200740368
0.000483757063924475
0.00247035751551475
0.000678406511524035
0.000137320191795264
0.00474312881669274
0.000687879679817766
9.09194249733424e-05
0.00851162273328857
0.00866352930919136
0.000146460836829302
0.00479302492513121
0.0108196720398065
0.000208104800385939
0.000159732367953391
0.000286271122388667
0.00566244265135836
0.000672753745991413
8.76499665818307e-05
0.000183435913872478
6.16894212881345e-05
9.02040767120909e-05
5.40918390421446e-05
4.12077690245319e-05
9.60100127463633e-05
2.79093494797719e-05
0.0422029629966457
2.66093540650998e-05
0.00667574784061725
0.00955266520516547
0.00015395588231755
8.87861908564981e-06
0.00875888327197439
9.704463814945e-06
0.000213586837394453
1.21731680692396e-05
0.000115644383466446
0.000263960615050082
0.000245658193936222
0.000161451639592107
8.12767650081624e-05
4.86566883996353e-05
3.06838180382926e-05
0.0001381104134546
0.0161715963591255
0.0372989170983366
0.000924294574659632
0.0149616077844809
0.000343172547860569
0.0026914251895335
7.28636496008647e-05
9.98785089915069e-05
0.0352257618601351
0.00580811668726828
5.82712115134033e-05
0.0140122987582893
4.93802585329081e-05
0.0276719838068451
7.37890977437282e-05
5.55904911991475e-05
5.91907618489577e-05
5.87282064960397e-05
0.00699287371544152
0.000196533624442146
0.00205738707778043
6.35461622013603e-05
0.000182342224258047
1.77757180965414e-05
1.25442128650042e-05
2.28192160877518e-05
0.00397524797314145
0.00157465579052716
0.00241457266775044
1.59724838966202e-05
0.00015251173912766
0.000172174974580634
7.76707908964448e-05
0.000134954991359926
0.000136264946551916
0.000396457928602462
0.00934920788809736
0.000367880553141401
0.00917873440279004
0.00020380436615578
0.00350150601482725
0.000684624132473855
0.0263835365191078
0.00686090484572715
0.00812145549836105
0.004075708586563
0.00225778515399427
0.0153241649443077
0.00901825314599003
0.000251795140203928
1.20507346731671e-05
1.5236215353775e-05
2.02495882456271e-05
0.0087406070322969
0.0017961823891163
0.000232812539730394
0.000311275271453617
0.00620408464570034
0.000135898272937074
0.000152979861287613
0.000121245264197672
0.00136449311912521
0.0232835343130627
0.000150817765865829
5.75415267620793e-06
8.06824261465039e-05
3.23043887471657e-05
0.0020248477285223
0.00359804527697018
0.00334165064485786
0.00450355353478748
0.00320626317534701
0.0140229202136379
0.00969792857754322
0.00953186630383921
0.0105838064575453
0.00927048668974382
0.0050149217209988
0.0132930792626276
0.0172649489185499
0.0079925037940379
0.000422148021333735
0.0363045461198284
0.0389457366185493
0.0011618389576873
0.0183586390456073
0.0610451755781108
6.0277149594214e-05
0.00106574724301734
0.00153733923895124
0.011775849385891
0.0469618083763695
0.016352252104659
0.00111669026715848
2.00801721062463e-05
0.00114788207705669
0.000372847658295707
0.000693856422498334
4.00494078380813e-05
0.00124682304463354
0.000448432359367407
0.00137499995528279
0.000510868356253588
0.000290855828582243
0.00162700631614152
0.000216930416765141
0.000159859513869144
0.00391957884667965
9.90662386089244e-05
0.000952150724713315
0.000923830746862758
0.00126782933600527
0.00196164450567772
3.47151413825479e-06
2.1363515244106e-05
4.5558863024195e-05
2.01352705014423e-05
0.000180810441757902
0.000166235495598357
0.000993186071778754
4.23037648988014e-05
6.08773032951351e-05
0.000876179344505725
1.07641188213817e-05
0.000425735076195851
0.000263461118532124
0.00137115584136992
1.28781086480101e-05
0.00172845787624303
0.00482746164751818
0.000272597920599176
0.000398352105485454
0.0218066480054991
0.0376010654577196
0.00360628088417176
0.000321992626360304
0.000719485840518317
0.0125208944000204
0.00249331047983972
0.00068626768141796
0.000567490413574365
0.00168561979901587
0.0182773058972862
0.0153788172163019
0.000604333074366451
0.000553349758101571
0.000164615578504499
2.97103297705027e-05
5.25049497375332e-05
2.17655718389745e-05
0.000253350606808163
0.383876311427267
2.8881506530535e-05
4.8854899907419e-05
9.5376560315251e-05
0.000106245775944272
0.00200289725028204
2.24497856256042e-05
0.000242818570582815
0.00833677055399208
7.53039146279053e-05
0.0215560672679013
0.000703020856064479
0.00112007137643623
0.0290327762915416
0.00011273331284234
0.00776436836534126
0.00190932433654336
0.000753228456862995
0.0153006014730754
0.000471807222635714
0.00576047554672448
0.000932811990507737
3.02630123004543e-05
0.000529482467720765
0.00211683374117867
0.000363998454743122
0.000353088528361563
0.00232665982201985
0.000327365819383619
1.82410642505813e-05
0.000272074112065423
0.0006297482420545
1.05708073088133e-05
0.00222569646181608
0.000268240960116101
1.35125884123985e-05
0.000374812601176538
7.95075261031975e-06
0.000305808409933801
0.000991907189583511
0.000362963468403123
0.00119750160566826
6.89883130944324e-06
0.000218595681565637
8.92083069703182e-05
1.05076217101054e-05
0.000462446374973363
0.000574785857439422
0.000625851070429519
0.000669550890116987
0.000436612063343287
1.55570433855291e-05
0.000327577696434128
1.31885929942969e-05
5.71400310259836e-05
0.000340008934951277
0.000488489330338609
0.000101484082132191
0.00287498852272783
5.19221273419831e-05
0.000210223640441281
6.03457496653171e-05
0.000358660063036926
6.3104119186654e-05
9.47783033802511e-06
9.65180839738734e-06
1.26481694423562e-05
9.80888946701066e-05
2.56631744355787e-05
0.000745240908625034
0.000386101701945552
0.00273187495612556
0.0008208728700215
0.00111710784652977
2.17736628480154e-05
0.000634370247450479
0.00191084712942605
2.60028844890142e-05
0.000374097511221053
0.00179123479518263
0.000372629611975507
1.27147323088045e-05
0.000868499717029888
0.00100809221918971
0.00021659862322725
8.40353936863084e-05
7.2033230421256e-05
3.62735869139828e-05
0.00017735381998947
0.000836230356197628
0.000739006882377617
3.42632108801316e-05
7.67545586831487e-05
7.34608303139537e-05
0.000942287588439861
5.42846837598414e-05
7.50447909562253e-05
0.000532256458213394
0.000416447115387086
1.10474865697725e-05
0.000353922708421929
0.000211478292271273
3.96800972212637e-05
4.32641250917886e-05
0.000345854592368258
0.000536226707240188
1.1841611752009e-05
3.27783375890695e-06
0.000500083922834772
8.39229623827116e-06
9.82493547178652e-06
0.000364650162635076
8.0260577444737e-06
0.000376647727233571
1.05064190632553e-05
0.000356580064273657
0.000164630733313292
3.32698037200571e-05
0.000307450567045685
0.000140058080561606
1.20690100944963e-05
1.88415382334884e-05
0.000231392495451574
3.63990214263952e-05
8.67180547121371e-05
0.000365493659410008
0.000273350176179736
0.000972574581516683
0.000133888278772374
2.73682149935997e-05
4.31748519351802e-06
0.00011435800206408
1.85797319676672e-05
7.626356584737e-06
0.000481734430811167
0.000414262668361085
1.52530231033382e-05
8.72246610512741e-06
0.000315733336248128
0.00160405259374313
0.124223284255442
0.000326140709410275
0.002495397359581
0.000100719409833347
0.00143467508912167
0.000263848951286927
0.000145592024945065
0.000299747307493025
0.000133323970987243
0.000161632720394323
0.000101439360984197
0.000201492627197739
0.000121872796214493
0.000211570125002328
0.00123669612860035
0.00250213301182168
0.00121277353791787
0.00349540340689023
0.112475377455571
0.00106724423660509
0.00180925073027122
1.58936404425783e-05
0.0140159600843569
0.000309640103253583
0.00083633261698759
0.000664260129237344
0.00157896299476535
7.4080613852487e-05
3.48081642607592e-05
0.000203182364164278
0.000310738645479881
0.00130118291119825
0.000174178685744915
0.000316462840131282
7.19535533815356e-06
0.000310253349671171
0.000117985241116534
0.0113761473230597
0.000959421711709998
0.000113534311986175
6.57763440203507e-05
3.31364545627373e-05
0.00149790293656826
9.64463070727785e-06
1.68088561052484e-05
0.0223189772748346
0.000103861933460167
0.00901951824715376
0.00274739654000733
0.000349763869709656
0.00540957150867873
0.000170964581995714
0.0206315397716494
3.51417652089257e-05
0.0178644013764337
0.00117171754455094
1.92431778025848e-05
0.0015736895271917
5.26297563921774e-05
0.00145561100827762
5.11365799384478e-05
0.0588296391299022
3.56042074281022e-05
0.000197925174848811
3.52592200191941e-05
0.000387885091005719
0.00082819250471958
3.37349607730797e-05
0.00215188408972849
1.96162835473085e-05
0.111710966318268
0.00693603577782273
0.00018911601732027
0.00104166924051818
3.37821055132943e-05
8.2825645045325e-05
0.00274990149251424
0.00276041818487824
0.000585537006322929
5.99883440422427e-05
6.79633724760913e-05
0.000204840333230316
0.000519257547534955
0.000172569747651802
0.000132942406430506
0.000294094747960664
0.011721018888799
0.00423416607052378
0.0580809831496468
0.000652018360322742
0.000448046665674743
0.00735673831393296
0.000842014192827294
0.000685535299268677
0.186991328312796
0.000876449969668296
0.00181912751455187
0.000136208276850001
0.00141662905431642
0.00421646359869129
0.000785222825091963
0.000125642168241235
7.59006855702442e-06
0.00197403003801809
0.001393299487009
2.44118782326251e-05
5.91751056993009e-05
0.00265943408927051
0.00116705245500627
2.87709908158839e-05
2.23615969284023e-05
7.71307340915594e-06
3.77141672848507e-05
0.00065361181706387
0.000337326957307362
0.000200700996724645
0.000302524778205441
0.00977202403614701
0.000537998968776987
0.000158806466516415
2.48656178028534e-05
0.000205192806691467
3.29623263520318e-05
9.08253699203846e-05
0.00463629620355337
0.000375511132257859
0.00382748521865084
0.00138409699937075
0.00636848130659026
0.00828329782837043
0.0122456611231067
0.0152337091016285
0.000581590070332143
0.0043766491190351
5.94921453958828e-05
0.000659265267641033
0.00211260646866453
0.000992405806795345
1.66413706064408e-05
0.00178448366689644
0.000376362316287744
0.0198411867113129
0.000143139264072756
2.59775361176065e-05
0.00738866353241381
4.08441393776305e-05
0.000126051780530155
0.00158106400224272
1.77964985796537e-05
6.1714444738369e-05
0.0203090933227643
4.62410491033385e-05
4.40774554497799e-05
6.41705152681062e-05
5.90193594261138e-05
2.05554749977709e-05
9.12187747086114e-05
0.0103599755370375
8.06166297422144e-05
0.0287040782511246
0.0385967916338968
0.000143994001313529
0.000364595305725124
0.0377648773008784
4.801771905956e-05
1.24902994093716e-05
0.127999272697129
0.000243083639648548
1.52956772519233e-05
7.2775038711232e-05
0.0283671803527327
0.00026400153348129
4.16928098366558e-06
0.000256497936666751
0.000269921933286261
0.00726478611484469
0.00289759441841493
0.00118063441884101
0.153724968786189
0.00127829883453636
0.00978910922277073
0.000283711971854849
0.000871733574866499
0.0153541131855693
0.036972810658411
5.74922855429591e-05
0.00128749354477974
4.98953676617814e-05
0.00130524185715134
0.00140479240841943
0.000224285416409141
0.000271684181027078
0.00624838602137167
1.45389478167016e-05
0.00359907381783855
0.00350263150805342
0.0104182718005666
0.0045835135880922
0.0104045907324147
0.00452323939056512
0.00133161868468709
2.0570401539916e-05
1.39078677483096e-05
0.00958540299250534
0.000138533905257033
0.000323012122046563
5.13099419066389e-05
0.0305606018003378
0.000296713803959344
0.000188115944449055
0.000113884311165122
0.000139609929492914
0.000204147642242406
1.75921141163981e-05
0.0129477033084257
0.000434962321044209
0.000878476453802661
0.00949229247731184
0.00116864222495045
0.000354533756295527
0.0196924434981544
0.000802845933619057
0.00891604018387982
0.00934512858597181
0.00207207681815415
0.0025027955156438
0.00217694942992212
0.00553372191922848
0.000446506063616217
0.0114570410783592
0.000962113192274445
7.64394293038698e-05
0.00159247535818989
0.00141785291460179
0.000107273523096529
8.28597551760953e-05
0.0016000658374368
0.0212061829712604
0.0109677288982696
8.08562289299548e-06
0.000841602669070112
0.00044960450095754
0.000604445812551679
0.00437749007533668
3.64912931247032e-06
2.1380311553152e-05
0.000116836318536018
0.000581636025508328
0.0100270611689917
0.00014958708123639
0.000448410765493719
0.000127021526820201
8.5069996705812e-05
2.15723541388201e-05
0.000313130219952989
0.000334073938185186
7.5424681447133e-05
2.71265899664266e-05
0.000982660460707199
0.0150000065983804
5.62347427511545e-05
0.0183798650593141
4.10088472982318e-05
0.00631030368444053
0.00740110248354396
6.19058352253227e-05
0.000773372296607941
0.000352015616808866
0.000276570239571484
0.000231118089894418
0.0259878174398132
0.0141324359671481
0.0317750220267013
0.0349115523487548
0.0195102903810268
0.000867752541023092
0.113840275162076
0.0257538219722587
4.62439724049827e-05
0.0225058201147047
0.0191301562236007
0.00110176527846291
0.000885963126724256
0.00018999510394026
0.0193193683593579
0.000179993687930421
0.00290967093078662
0.000194169925295992
0.00263117570942121
0.00029289488495059
0.000305583258844923
0.019861122869222
0.000211680812248469
0.000312758754685939
0.000655756751526701
0.0159200398061502
0.000326818757870118
0.00312408719454229
0.00120319801313158
0.0279158909679688
0.018756893105142
0.000173951089673513
0.000280746016008718
0.000191544424808207
0.00114039796161891
0.0133100376782838
0.000189954244097312
0.00130012687881586
0.000648487828974372
0.000224901254269189
2.5477959347498e-05
2.94418383742041e-05
2.80851480851725e-05
0.0132161364571369
1.93785652613551e-05
0.000132658214799885
0.00334135507095088
2.15999209030094e-05
9.1787754781464e-05
5.62934569448844e-05
0.000806167697784847
0.000549255425920766
0.000224609120153598
0.00018152411337317
0.0135978622662662
0.000259961896420369
0.0442014488139932
0.00574273226186558
0.000379901230091718
0.0166259424095218
0.00892532559923821
0.0440552266518369
0.0289156759262361
0.00653531843454055
0.018560993209452
0.0107806024143974
0.0178164610834651
0.00415964945295256
9.22726337242472e-05
0.00611576318427891
0.000147805484932173
0.00138698599536932
0.00376014580902363
0.00131603927519835
0.00128416834303478
0.000232489324655184
0.0433952974541242
0.0383086299488749
7.12446621330847e-05
0.00016036821006717
0.0276234726561381
0.000832857917717166
7.92933751193403e-05
0.0102493622917929
0.00212580597840632
7.32202792998877e-06
4.19975009092498e-05
0.000888740332771397
0.000158797095977856
0.000865367712486695
0.00598556767086521
0.000283074845938098
6.33164479891908e-05
0.00410286869552575
0.000105012158740085
0.0109857049474852
0.00014217792901602
0.000151785339119785
6.3895597903358e-05
0.00435621224804374
0.038106152606367
0.000701521290973844
0.0897284230636001
0.0169777606700163
0.000140416153415279
0.000792140069738322
6.27486739723845e-05
0.0159363575553331
0.000468245364626969
0.0320266550867275
0.0122113318419263
0.00790589916864627
0.0286687847638736
0.013705498657911
0.000981845589308703
0.0191438406951444
0.025629779579571
0.00834827728558153
0.000559827824297688
8.444357361735e-05
0.0123338407754934
0.000145359161414543
6.29835930518603e-05
0.00747819518150368
4.64638323643801e-06
8.32993972117975e-05
3.08019590155632e-06
1.17000957757966e-05
0.000297524525799052
0.0196654656509312
0.00148753891672233
0.000648489465184123
0.0153181967858169
0.00174512599735331
0.00116402347874892
0.00405254643806247
0.000796188680403534
0.000422644553351493
0.000471288572952747
0.00311268632774279
0.0133373873352989
0.00281563905449792
0.00109747005160941
0.000909716295773346
0.00118707285435149
0.000505741199131333
0.000290539168301471
0.000986360247737771
7.09169973363835e-05
0.000172749525346307
0.0118590807447537
0.00613822407364883
0.00726220283830267
0.00367470247264466
0.00456905701602207
2.51336487817156e-05
0.000321778758735804
0.0011367269742582
3.35151775101807e-05
4.843566998448e-05
0.00179016942292436
2.56608359560318e-05
0.0068287476358659
0.000737905765837377
0.220449660123611
0.0384882958777794
0.000483467959659236
2.08688280910908e-05
1.33561954930421e-05
0.000493829477027829
0.000455219972607063
0.00960217426898525
0.000449013719501357
0.000921999878093548
0.000957340129089961
0.0126338954476492
0.000396179669900528
0.000682448869683
0.000116410194408911
0.0738133987547447
0.00933728177565138
0.000483238642689789
0.00948597328707773
0.000283313468614075
0.00108893872468884
0.00101839168647464
0.00255906332971665
2.19038526582889e-05
0.000341692485204117
0.000331250620577818
0.000174964763923242
0.000233227184320354
2.00361064382173e-05
0.000163000972349333
0.000375352572780737
0.000320950833573528
0.000571526021040627
0.0123978058654338
0.00026585533758081
0.000186673036958065
0.000660756226322434
0.00018725632732096
0.0340401709785881
0.000160844741775636
3.84751167177719e-05
0.00380342153194409
0.00568926369989899
0.0002132201049205
9.09439286475523e-05
0.00131879571402627
5.52639011970947e-05
4.07643477599544e-05
5.74660302966773e-05
2.87059664911261e-05
0.00657474322061071
0.000156774338753916
0.000708432644577785
0.000784457236147883
3.59448494061154e-05
8.41151796795994e-05
9.07854014795801e-05
0.00113480021539834
0.0104865568312549
0.00121690692559902
3.49489709712367e-05
0.00134861749154699
0.000224215654215595
1.31357099966265e-05
1.06966578317639e-05
0.000894617710143262
0.000365655642483875
0.0713905148947765
0.00211016751494981
0.000166301790892772
6.59215356939551e-05
0.0702549021072904
5.74005069345185e-05
7.06030404482555e-05
4.6261338795675e-05
0.00034110335411703
1.79574310483532e-05
0.00465412408824341
0.00926269758127239
0.00304394697963223
1.61937927021796e-05
0.00175806168686509
0.00265216850522217
0.00116042458641106
3.3940096290666e-05
0.00028007241179087
0.00077513840948413
0.00201642756330113
0.0449750592567915
0.000799637539110291
0.000645889692785748
0.0399874841771796
0.000347894103041209
9.76713853034691e-05
4.53015832028839e-05
0.002074271226086
0.00065264506692512
0.000722714837600795
0.000545089805398183
0.00116165940498788
5.45620503743344e-05
0.000105999164348441
0.106461799482471
0.000115517029267562
0.00355021385466861
0.0001658258129965
0.000207919100517944
0.000918643717356707
0.113818243711338
2.92380142992098e-05
0.000823328184890101
0.00167444281656982
0.00128210156296752
0.000844138611720469
0.000789837524463232
0.000254802876734977
0.00136816155364511
3.65979146085662e-05
2.75489262833869e-05
0.000320135875509578
0.000202709402043081
0.000188928001067691
0.00124299259874348
8.28065570131462e-05
0.00014561508765802
1.09556159958089e-05
2.99297167044769e-05
6.50535978364778e-05
5.52988457557251e-05
0.000279771933577828
0.000652165327921648
0.000263474476856415
8.28694905959625e-05
6.03705300157234e-05
0.000130626967223493
0.00377411400496509
0.00133065725264974
0.00112588497551698
0.00107785753837858
0.0012038776739858
8.15237491487846e-05
0.00139550009113647
6.27093839659733e-05
4.16763576077166e-05
0.00083546308935754
0.0386122899325538
1.12885658017004e-05
0.000379977851912447
1.47602726030356e-05
0.000481649647704209
0.000666228630378871
0.000492595423598111
0.000239498274403984
8.14849299570377e-05
2.47982174635921e-05
0.0316148106195984
0.000135292659904223
1.72042209883684e-05
0.000873742580735243
0.0101733888990513
0.000217134570171883
0.000160492912515524
0.0116813659170628
0.000540704121720586
0.000422586158968775
0.000119552391742414
2.00942975656175e-05
0.000516957896952672
7.98586785913856e-06
0.000116424965575468
8.56839936353748e-06
8.28472499496433e-05
0.000153216517246366
0.00113391523922735
0.000513555404038525
3.58108283548754e-05
0.00100950978681774
0.000148354587013108
0.00013922064631832
0.000209701757947541
4.66613089412378e-05
8.46702348382427e-05
0.000346187530072822
0.000547932379346696
0.000679554171360749
8.85636274058311e-05
0.00031279569120429
1.8969285266967e-05
0.00104642523286602
0.00380341715521056
0.000163084654966938
0.000348507385434686
8.33692029658481e-05
2.86313120461786e-05
0.000586129297794076
0.000825338853297921
0.00147074985448816
0.0477716955531469
6.92433877629055e-05
2.62602709162278e-05
0.000310530040576428
3.86251085081459e-05
9.92669576607358e-05
0.000188957986125565
0.0112476677561969
0.000139584904372511
2.82007753971345e-05
0.000126769595477698
0.000360543405873868
2.65475387709956e-05
0.000683735612881555
1.37423397512715e-05
0.000273729059720806
0.00101003748307474
0.000118939444033651
0.000122093762527912
8.85301745221779e-05
2.74567106572094e-05
0.000638442384642977
3.23229808353066e-05
0.00112266403916008
0.00569597324616107
0.00134977029917908
0.0463802927270996
0.000666714390738498
0.00147420305910423
0.00223747788733479
8.85409523686849e-05
2.66851078669059e-05
2.40003328113111e-05
3.04087114882188e-06
3.87160821465338e-06
0.000258234256392966
0.000613264988699137
0.000199396266682521
2.31861216344985e-05
0.000788921274839189
0.00112106387903634
0.000777424346073981
1.29234429273685e-05
0.000803462946085692
1.58237680869423e-05
7.91794322787312e-05
0.00102313511165691
0.000488819773725154
0.0181826003970189
0.000279348798819857
0.000229683598979921
0.000321573068996338
0.000135613560075429
2.55791085370386e-06
0.000165300483670443
0.000252032375718609
0.00269436557706278
0.0562291507970306
0.112549833703142
0.00073529910123495
0.0644679497345535
0.000372826919961428
0.000578916483325994
0.0861565284355893
0.00220142033644361
0.00324613244600064
0.000693223330297107
3.88864788934253e-05
0.000813381059189077
0.0301550628717748
0.0422478181856916
0.000898358333435213
0.0428915086516158
0.000244670796721541
0.00258653243735256
0.000433376560192986
0.00143049824163031
7.48113256472667e-05
0.00017773125996619
0.000467144928102257
0.000529597801048233
0.00123460864292191
4.08058555432401e-05
0.000338051708274895
0.000296995428487032
0.0030714734270757
0.000454051555429572
0.000108186359900891
0.000565122088622314
0.00108030974213721
0.00203157446626097
0.00385064675670869
2.64864164848297e-05
0.199514000397008
0.000167746289658359
5.87929341861703e-05
1.60229977880626e-05
0.000462387465875373
0.000126882023241037
0.000200365444253813
0.000303876483208624
0.000214575324027437
0.000394251107879228
0.000358870361676992
0.000486259107114864
0.000777971976443258
0.0892488250424944
6.95865205013155e-05
0.0298605093253536
0.0896417240904819
0.000709115502389547
0.00122820092928592
0.00554866361926567
0.00113783343861236
0.000397184439854771
0.000556965846824877
1.92448757853384e-05
0.000331413330646847
0.00832797927769581
0.0225716401201114
0.0017230077877051
0.0844878844716269
0.00210899896411261
0.00115581802314788
0.000238148017937156
0.0215668816951388
0.000111439748130798
0.00148329289714781
0.000187578432020304
0.000757546347558379
0.000172052846591454
0.000392905971428691
0.00198099426631366
0.000387039255856585
0.0180062220652665
0.000133767845335091
1.42693784979497e-05
3.16697993146371e-05
4.58258124687681e-05
0.00118742334973326
0.000129198989106811
0.000213876395528347
0.000624770280801699
0.000441006543838042
0.000602705929731698
1.1970059167913e-05
0.000133098506704926
0.00865488099078732
0.000426065116034028
0.000142263099910943
0.000716600529785386
5.45426227141239e-05
6.37186008961702e-05
1.60596692733746e-05
0.000589891735593864
9.3614668226695e-05
0.000225863760677923
0.000155204261351704
0.0037912698416476
0.0821900391904941
5.54308147187834e-05
0.000151204548312824
0.000269290884022397
0.000274475352596116
0.000224444676721042
0.0923426603092357
0.00137420388432276
0.000545217501506785
0.000796092634666687
4.35397680380744e-05
0.000146226311320637
0.000435180515478218
0.00307832647498151
0.000104027922961638
4.03350840360434e-05
0.000204718030977203
0.0149734354227936
4.42525308865088e-05
0.00281100965219714
0.000143956011200278
0.000130014329779455
9.48382595004705e-05
0.000166175253159804
2.11374129016281e-05
6.19649375762493e-05
0.000442984082041942
0.000409104892717379
0.000102212987746445
0.000183210169493072
0.00142177283771726
5.35997846427138e-05
0.000614963615724557
9.86560035470937e-05
0.000291133667207809
0.00865204137275344
0.00039062116709633
0.000150058823817537
8.03572238600869e-05
0.000129338976172711
0.000434582519526117
9.74943652082522e-05
3.80748954888103e-05
5.10019229125613e-05
0.000356187262744756
8.60448034711725e-05
6.71462597815314e-05
0.000224507674170469
0.000234380382952057
0.000227662951822697
0.000813297162695625
0.000275172081765669
0.000384820872194654
0.000755094690971393
0.00641154067639782
8.63420667992932e-05
0.000969818409254176
0.0136305073288099
0.00394950659956366
6.98124250649121e-05
0.00079413920156724
0.00105279107061484
0.000413532071302028
0.00373097654279503
7.03852098745751e-05
0.000994093313795015
4.51051923387382e-05
0.000113695566782521
0.000362851267333489
0.000102616673262833
0.142074879577538
0.000396560104233043
0.00285851925444609
0.12971081749908
0.0137455551733044
0.00121851225465872
0.000425952729795005
8.49842669507608e-05
0.00466257864886876
0.000950741132242483
4.35928661681229e-05
0.00374259475210733
0.000140880615112819
0.000137642369372607
0.000124766144499454
6.44038893580959e-05
0.000133632070977077
0.000121710326507712
0.000340869076046531
0.00190177709160156
9.62477797936395e-06
5.57976741511948e-05
0.00085357667865456
0.000524255070964007
6.83776868145267e-05
0.0103247740319008
0.00176157055070189
0.000776866757108198
5.48981762135579e-06
4.00370356017125e-05
3.57218194205204e-05
0.0174449913140353
0.00269348220048407
0.000725802610757965
0.00289386889601626
0.00489470131614568
0.000162648818982415
0.00324014678829441
0.00568413749069612
0.00413002090970709
0.00574827765983024
1.54165053389537e-05
5.05760707935538e-05
0.00011674077350525
3.62605990796171e-05
2.38943613138294e-05
1.48000168263095e-05
0.00011060755846455
0.000126268041261129
0.000615323161142413
9.26339551868306e-05
0.00331470012839841
5.20781807679358e-05
0.000234776243892241
0.000201541240638164
0.000348484275977945
5.45021400144545e-05
0.00172131324357828
0.00387989420205005
0.00334231484280462
0.00204285246822607
0.000291190023622335
0.232995085341936
0.236981530650701
0.00161578491512389
0.00145059063353748
0.000111607363326289
0.000188670725768803
0.00111009759782455
0.00135321000415722
9.3027841987306e-05
0.000317467846995562
7.67369242497046e-05
0.000259401539606153
0.000362194430115725
0.000236190405851723
0.000187443100284644
4.85308786351441e-05
0.00465065032357431
8.1967153996073e-05
6.81297291862594e-05
1.84043244197685e-05
0.0114574194924059
9.08200842923134e-05
0.000649436876915593
0.000225550735336172
0.000105840726800042
0.000736386272126365
0.000328864310186838
5.92724593340336e-05
0.000105557076252378
0.000784863154352163
0.000227460316922007
0.000408497793011072
4.07541695435689e-05
1.24080806860618e-05
3.54420598978205e-05
0.000101601279940371
0.000766141291460083
7.20492075881201e-06
0.00105455538341736
0.000236953365448336
7.81861110982784e-05
0.000334599107315198
8.41973429328242e-05
0.000167744453515304
0.000206221938392856
0.000119457931231159
0.00060948312963931
0.000106942268713197
0.00729975361671801
0.000111209267064122
7.6791074139758e-05
0.000215306489189445
0.00876649867248339
0.000121246304074986
0.000132365051519578
0.000201905542256605
0.000197138831046925
5.59586763107702e-05
0.00644200566339276
0.000957378451713564
8.64088728742881e-06
0.000285907143723478
8.77535289371138e-05
0.000596458932025939
1.04012277052181e-05
7.6614856641406e-06
1.2643162943857e-05
0.000122756217550652
0.000948336235549067
6.54615353207489e-06
8.97727464031477e-06
9.62854168955936e-05
0.00169701763376171
0.000392789266156378
7.9385835010005e-05
0.00113539038310618
1.25789886802213e-05
0.000425754659205677
0.000161038243088861
7.41899705616314e-05
0.000227228733619009
4.46321689672933e-05
4.16243762496141e-05
0.00137227486941728
0.0016540786434969
0.00123098724315274
1.39783833391711e-05
0.000322079826015284
0.000138014666260008
0.000147308743947068
0.00143059973812043
0.000471780280566903
0.0124102783398753
0.000127142569032411
0.0157405789732611
8.51884034663747e-05
0.000276269997033321
0.000435997645425627
0.00312578456115728
9.79712449966755e-06
0.000124158636224539
0.000631845216912958
0.000285288421647952
0.000270566593490364
3.88375509002525e-05
4.86757526507093e-05
0.000214005442626137
0.000355760306842575
0.000579369167800141
1.09049315392162e-05
6.99710317844254e-05
8.84521905290789e-05
1.80829383226551e-05
0.000297934859424594
0.00351594100589974
0.000128212221925036
0.000990524542747138
0.000100219936599554
0.00351615096695547
0.00114415295590914
7.89448956818968e-05
0.000569928194559727
0.00113354629637874
0.000907462464436556
0.000706427701924934
8.55454205862095e-05
0.0203032858153788
2.51119109481086e-05
4.01209391940721e-06
8.69246071831877e-06
0.000303831674679018
5.68928325906528e-05
0.000474125409119065
0.0163465377301267
4.80267196912154e-05
0.000127956118288023
0.000486620634262961
0.00568807833710834
0.000157098095689403
0.00656701876052709
0.0162259741248173
0.0192984508020752
0.000153280537184227
0.00316905150415982
0.000246941939895848
0.0189144522039767
0.00466164453994242
0.007920268762118
0.00186280684000812
0.00328130815945195
0.000287989567075621
0.00658159811976378
0.00660732331435701
0.0006937293177414
0.000938110684945312
1.15415380571306e-05
0.00759816312625721
2.06965479168906e-05
5.56723047613382e-05
0.0391706408209607
0.000319037397296507
0.0906243036410163
0.00279063746670657
0.000727392474017533
0.000101678132245026
5.28515444001732e-05
0.0333594523420708
0.000381509609299489
0.000285153880902186
0.000857899376262167
0.00142476820473129
0.000308417711884306
0.00054124573910578
0.022140025846911
0.00210622843118847
0.000798143812548072
0.012997757140147
0.0131904052363079
0.0744572120630545
0.000145563922316333
0.00452737262377946
0.00256478526473694
0.00181900611504879
9.24844061040973e-05
0.000143469090447405
0.0161969912788436
0.000283549474861356
0.00223037466789136
0.0135397470580392
0.0154894271900841
0.00193371071617524
0.00650298445503621
0.00129606201729902
0.00156121939518038
0.0764662513143022
0.00619130802083614
0.00797258359721366
0.0140365240566
0.00123941246230605
0.00667341129555237
7.58709182959603e-05
0.0195505799811818
0.0136447788913501
0.000816188353188955
5.69128349807886e-05
0.00249684922884056
0.135474872073524
0.0111553932236951
0.000220281348610792
0.000416810858520037
0.00268459447261258
0.000623707912651633
0.00138598655064343
0.000255943476566627
0.00014496171025145
0.0012947022273311
0.00422453700327068
0.000139117358477419
0.069338897030411
0.000332450338168608
0.100381279550293
0.00252698084929786
0.00116343520638704
0.0026564756153213
0.0249847350115316
0.00013090463791945
0.000269845505571175
0.00246564663434892
0.0016490469237601
0.0039510730521703
4.19817474405084e-05
0.0001500241406884
0.00428397876799998
0.00380646682930221
0.00249755373228479
0.00010337009152261
8.54458361101641e-06
0.00729809008006143
0.00719456930504502
2.3573331749108e-05
0.000181165432581647
0.000172510987396762
7.17799176602919e-05
9.76740853359896e-05
0.000519916352579786
0.0115347395896674
0.000258716638480541
0.0100800117161926
0.000202699515644029
0.00581893745707321
0.000228231936945277
4.37805325936107e-05
0.00520963084012284
0.00463588539944749
9.96593644450566e-05
0.000104735700341058
3.71823062747221e-05
0.000503637459204893
0.0017551236295961
0.00017064952485815
0.00476337966915767
0.000526961030439535
0.000178705260079039
0.000909110528579031
0.00138864476624762
0.000151524910369053
0.000507333593712222
0.000160097201538447
0.000246301316562543
9.65328817478771e-05
0.00767495914700457
0.00501001751790567
0.0071609525786239
0.00123435826990291
0.0051337818206944
0.0139063480080411
0.00678729897608483
0.000343465675096577
0.000186300917812297
0.00592504343615792
0.00014216736918501
0.00185009665347227
9.38657086770913e-05
0.000210195579026617
0.00309873820083977
0.00280531641644454
0.00092907294607638
8.37379318217344e-05
2.34382810565726e-05
0.00172166454461802
1.45069859537353e-05
0.00352136597062447
8.83802443296142e-05
0.000450674178035545
0.000339605786963544
0.000383074102520727
8.06443637485978e-05
1.50218730558103e-05
7.15333637233958e-05
0.031115078720869
0.00542176381608514
0.000610041976781232
1.58161818866918e-05
7.30441767822882e-05
0.0144428030539997
0.000203171036776232
2.25821574833781e-05
0.00694943893639932
0.000498984631012907
0.0310966680520082
0.00015865874633338
0.022219337562281
0.00812901803191264
0.000100290804002267
0.00879611152200084
0.0232998257388404
0.0226797448371278
0.000288131209920271
0.0279067562638449
2.64605048724537e-05
0.000163261090465087
0.0020496498250324
3.76840751107979e-05
9.1744736430565e-05
2.1180882335329e-05
0.0021751591587473
1.88804076057493e-05
8.73132575936343e-05
0.0016756063417527
0.0361429654729715
0.0024411402387586
0.00126572787017241
0.000422910726276874
0.000128411490056043
0.00161087571666739
4.78984061712375e-05
0.00184919216689137
3.82993558481927e-05
1.99210422784899e-05
1.62603078541432e-05
2.27203708796243e-05
3.19677622997936e-05
0.00167859887907846
0.000527316815396685
0.00834815500896396
0.00310939202848971
0.000103003453910344
7.75710442938363e-06
2.01670294742136e-05
0.0361604012237031
0.0465214261756137
3.6578350471032e-05
0.000697742030765269
0.000264408148339945
6.16530534598069e-05
2.34195942944316e-05
0.00279187165033827
0.00237982041773395
2.01106500943378e-05
0.00257611979533441
2.62472888819994e-05
0.00253778108009683
0.000642917355518361
2.5931372317728e-05
3.11833583833392e-05
7.22961270868474e-05
0.0012818144458025
0.0139476735311224
0.0541796932700313
0.000690103192089805
0.000778641233587093
0.000126443578439599
7.32729244243142e-05
1.92227563511879e-05
0.00532187939208493
0.000546325714850542
0.0592285980982828
0.00015971353076141
0.00281939886278765
0.000137613637975448
0.00231580172098147
9.43959019619159e-05
0.000359982041332002
0.000829311633472834
0.000779824100290726
7.42508115519671e-05
0.000797258764810708
9.26958939197326e-05
0.000242996952196385
0.00187177178459648
0.00266008318989436
2.87964804196479e-05
1.70093034398527e-05
7.48034261600047e-05
0.0004354478425926
0.000764401372266158
8.71886601917771e-05
0.00683048255544192
0.00550818295445288
0.000112916652977009
0.000633818021046434
0.000201947717449147
3.0373553612457e-05
0.00962990771719037
0.000571772587824908
0.000135437813741655
0.0186185902190858
0.00115143640355775
0.0793028755717286
8.03036543506158e-05
0.000608781243531505
0.000171740590270154
0.000207593250855755
0.000485836987424273
0.000118289112005202
0.0507219154339271
0.000944677094645307
0.00304926071104002
0.00133371345202103
0.000421600264104566
0.000243787495173807
0.00174891869035385
0.000131637433992662
0.000653084270965598
0.00690217980188234
0.000496552684017446
0.00171942085260861
6.53990088264706e-06
0.00250462528212714
6.64824172536845e-06
0.00398175782486892
4.11248869792936e-05
9.81245444878521e-05
0.000190214800744988
0.00695020732129456
0.000503245711368129
0.0521189195192507
0.000147873868938274
0.000695680870838112
0.000327698968965373
0.00178444222631504
0.000526358229787635
0.000695423533595597
0.000263343694455435
0.000201688013086676
2.25581313456989e-05
0.000398223215049295
3.99683370829386e-05
0.000214770330223695
0.00402668447848302
3.82768247213856e-05
0.041384559660491
7.80279878587743e-05
4.6045954617408e-05
0.000131606139331703
0.00260501784121452
0.000516513751503539
1.23321418018295e-05
7.30246563112398e-05
0.030718254137257
0.000404769018905135
0.000495754401348772
0.00478977483950758
0.00121768962678158
0.000148118232828566
0.000159999767647625
0.00227909023865679
0.00235018426962585
0.00154239950649857
0.000290009713450376
0.000918741866251376
0.000956834265718115
0.00304865887581835
0.0449939584246442
0.00244568397675832
0.0030036718994374
0.0701792023742555
0.00117082761325878
0.0119386640981906
0.00108845239247907
1.97586064458757e-05
0.00246291196627967
5.85879847554437e-05
0.000136412108921598
1.06431096731308e-05
0.000203465330564224
0.000148957424183356
1.08112895276867e-05
0.00571136669337158
0.00521163685715518
0.000155701517882324
0.000950311169352034
8.45534655823985e-05
0.00559394614501535
4.44102699255665e-05
0.0043791225475378
5.46980055906403e-05
3.17389193672743e-05
4.48796934241899e-05
2.98758223461593e-05
0.00602401634001922
8.59639687325762e-05
0.00972475442368679
0.000265957002193048
0.00064068078731261
0.000948730203177349
0.000559928654126933
0.000892533303699793
0.00108845239247907
0.00177684933359674
0.00944303550541281
0.000154113099320043
0.00175813702936646
0.00151228823775114
0.000591600076376528
0.0547410406290857
0.0273853158451431
0.0514976722112183
0.00605227055922631
0.00158627931361064
0.125471903512013
0.000830645715575631
0.00204889831425666
0.000228194700823565
0.0158857834454918
1.24962933296101e-05
0.00410925052832855
0.00700786470465388
0.00707259287836829
0.00649085832931746
0.000134782476961323
2.13650015162354e-05
0.0194551036001325
0.00851818411336596
0.0222375932849958
0.0844188248381477
0.000403672820047082
0.00133173275514551
0.00103174136561833
0.000861335648394609
0.00505751423676836
0.000918431386391
0.000472508150646896
0.000378727149851854
0.000205452949968339
0.000562183504390368
0.00217283267675019
2.69138852037268e-05
0.0149724310253295
0.00387898924875741
5.19393929588221e-05
1.68476975492453e-05
0.0203763838044665
0.000472329084783822
0.00015664544003542
1.91142750171722e-05
7.55137256248502e-06
5.97438794785084e-06
0.00143293455022157
0.000313501146963907
3.75978557798969e-05
0.000526060446991272
0.00046140165864281
0.000934953017117115
0.00736777434309958
0.00414804028319998
0.00709925290948769
9.76299503717428e-06
0.0214725836179753
0.00968575424156775
6.45016550758279e-05
0.00289210550156149
0.0179527164998783
0.00210223011188814
0.00175633975258919
0.00934061512440666
0.0078823440914029
0.000874935595380483
0.00419498725366937
1.91557253239323e-05
0.00783234038567366
0.00522518794666624
0.00399313623964822
0.00807418087420949
1.56989304243386e-05
0.00796293412901161
0.00691894890965154
0.00710428419721171
0.000774382221289531
0.000105814270019913
0.00247590504986358
0.000527118153773203
9.82861476632286e-05
1.24962933296101e-05
0.000762563137369616
0.00234910565130699
0.00145169617527942
0.00032071878606698
0.00642097157923434
0.000805598029357834
0.0275541347278372
0.00206560688876817
0.00284741489713683
0.00642115001276777
0.0218592722919805
0.00641327716503815
0.00910287340711522
0.00469240896188312
9.45738122737713e-05
0.0199027543589725
0.000120361294502605
2.14476380869811e-06
0.0127847397676415
1.85929898198417e-06
0.0231603261586612
1.17117449790233e-05
0.000435783552916693
0.000514553627758191
3.51242560248112e-05
0.000224747935908009
2.4560416386606e-05
0.00686397664082113
0.000293247287608623
0.0170317808714423
0.00285377004822577
0.00300613670543708
0.0103531673581691
0.00723433889224503
0.000895732311027351
0.000115864327155681
0.00462500875598295
0.000986277043699609
0.000124448461377818
0.00171628799536112
0.000556223249917693
0.00127515290595641
0.00444249503935867
0.00268812998608198
0.00167924169325657
0.000523524812773218
0.00118375392496197
0.002647440968946
0.00227048001138815
0.00423544302939447
5.47735255201458e-06
0.00717227846316587
0.00115792315652177
0.00305211888259824
0.0332875414563878
0.0306505478551561
0.0268229618015087
0.00115855942757398
0.000437856461318104
0.0201770060700966
0.0001089174619829
0.0018243854232202
0.000701149852848848
0.0225370633962974
1.54924501137415e-06
0.0729883979435876
0.0120198795397553
0.0239225626368074
1.54924501137415e-06
0.0752966513825205
0
2.6782051875841e-05
7.24193819819185e-06
0.00887987041174498
9.10074971826359e-05
0.00413898168663816
0.0098769715198667
0.00995414756148395
0.00168255073436548
3.69158966306786e-05
0.0054624630903809
0.0322499530156482
0.00296107506608466
0.00109977933439221
0.00252247683224852
0.0159217459057127
0.0220615031660466
0.00033012507687245
2.04987272890665e-05
0.00458402743525803
1.88653745459986e-05
0.00033012507687245
0.0225370633962974
0.000539025521994244
0.000532112955287291
2.6782051875841e-05
0.0120198795397553
1.25052105043768e-05
0
0.000701149852848848
0.0745279283034598
3.19730904637909e-06
3.88232435146431e-06
5.2577033496109e-06
1.20967161988045e-06
0.000584925914302011
0.000189953885217139
0.0262486105377117
5.2577033496109e-06
0.000532112955287291
6.96820389139248e-06
1.64853933026056e-06
8.3084672529055e-06
0.000587188935736415
1.03398515456171e-06
0.000244384151406418
3.41213759876261e-06
0.00280949602118254
0.000290336659235083
0.00261531758148698
0.00400809486932854
0.00367854822797347
0.000692920841950994
0.00429696380724644
0.00261531758148698
1.54924501137415e-06
0.00409372344056102
0.00041630492242748
0.00563496582798894
0.00518340469371154
0.010897456075643
0.0114440849057984
0.0123726636410415
0.000951559056517076
0
2.04987272890665e-05
0.00275916520722717
0.0647932352951361
0.0123726636410415
0.00176668261853649
0.0225370633962974
2.6782051875841e-05
2.30064150076604e-06
3.88232435146431e-06
0.000584925914302011
3.41213759876261e-06
0.000244384151406418
0.0262486105377117
0.00257855680791799
0.0257403587756572
0.00400809486932854
0.00541595152921883
0.000811333263069404
0.000290336659235083
0.00640491148156442
0.000674204940865007
0.00252247683224852
0.000692920841950994
0
0.00128837426768528
0.0206584775721958
1.54924501137415e-06
0.0206584775721958
0.0220615031660466
0.00518340469371154
1.54924501137415e-06
0.00296107506608466
0.00360545538743023
0.00105988989820797
0.000453951848022284
0.00179784393389018
5.86839634359434e-07
0.00163283861361186
0.000776832443412267
0.000776832443412267
0.000151445978874075
0.00283625196766095
0
0.00152245920556875
0.0120198795397553
0.00934171556831422
0.00994084958331656
0.0125961679449792
0.000674204940865007
0.00640491148156442
0.00824547100419954
0.00563496582798894
0.00536033995090085
0.00234380752004751
1.25052105043768e-05
0.000584925914302011
