0.00214338956368
0.00219441419697
0.00174761683085
0.00296116714329
0.00543324644255
0.000790629498696
0.00196898052362
0.000994180899198
0.000616566676051
0.00211072280275
0.00302361778566
0.0
0.0
0.0
0.0
0.0
0.0
0.0
0.0
0.0
0.0
0.000864050865882
0.00109056430697
0.00137347581892
0.00263274202098
0.000910860588336
0.000584346523006
0.000655266945122
0.00404410338794
0.00263172162648
0.000633062175621
0.00975227368531
0.00106321052136
0.00047636497758
0.000550206352811
0.000671741900468
0.000603312660331
0.00109722321618
0.00602689780886
0.000249601172538
0.000416852384336
0.00132465180024
0.00900073444177
0.00126433388394
0.0059375
0.0101350832758
0.00912091209121
0.00684916705956
0.00760478503328
0.00853272212284
0.00666971916972
0.010834078712
0.00405982905983
0.0650384615385
0.00244840065178
0.00352740230291
0.00170670151022
0.00060795491375
0.000570228077757
0.00255477875107
0.000506544166572
0.000565659090719
0.00066034160535
0.000626589076505
0.0010998584725
0.000431312993516
0.00357812214196
0.00324421015848
0.0039145136476
0.00795092786833
0.00352734134174
0.00361156812233
0.00448082693925
0.00887571872338
0.00167376001593
0.00394999235982
0.00229074736142
0.0030729229988
0.00154776344824
0.00143392222719
0.00236846637612
0.000519075167219
0.000907842136837
0.000471688113229
0.00142839983548
0.000469399784527
0.000397569728838
0.000589543047481
0.00105075510854
0.000431350651124
0.00112739411961
0.00565128252335
0.00274071165146
0.00515169386387
0.00240674805025
0.00328443030457
0.0021771345819
0.0026867238432
0.00364124175089
0.00614763081408
0.00193416570528
0.0126641689421
0.00136300003051
0.000962387358772
0.00135220819203
0.000702001590997
0.000412688014659
0.000746094656315
0.00203152960234
0.0073738704825
0.000679253913648
0.000630222577886
0.000825273009221
0.00422974992889
0.00205385374115
0.00173278333846
0.00326422443439
0.00261935282657
0.00341374024014
0.00317716365628
0.00143086832912
0.0110893373496
0.00218751056636
0.00476891094868
0.00428660519839
0.00371533334786
0.00984514640802
0.00300386252597
0.00179433328316
0.00236505249506
0.00295933399732
0.00216573359779
0.00987207742991
0.00190158913178
0.00249785370808
0.00119826045851
0.00108340581459
0.00181252150503
0.00195770918571
0.00160391983868
0.000797719711771
0.00259652866479
0.0108992280621
0.00142538438752
0.000776338793497
0.000738687129072
0.000588526818751
0.00186576553828
0.00165769729289
0.00175672842413
0.00153309597795
0.00166457331676
0.000899545672655
0.00184994317238
0.00205245255195
0.00149813798911
0.000939298476264
0.00575249184978
0.0125817823587
0.000810520226239
0.00529303102958
0.00331086558634
0.00125050951782
0.00157835117211
0.00129079581977
0.00115461654022
0.00336563647799
0.00157582033466
0.001007557961
0.00154709432352
0.00124336024441
0.00126274619958
0.00178007178607
0.00255545939217
0.00230743066
0.00152477286892
0.00430547131232
0.00216591421134
0.00249574336554
0.00227264136344
0.00182738886896
0.00221997220196
0.00281978341465
0.000898868863679
0.00222403201991
0.000844987198686
0.00880820976711
0.00191983622592
0.00164542229423
0.00322160050201
0.00260710929548
0.0131448107946
0.00051519513164
0.00208346348411
0.000701654381117
0.00717690559131
0.0016056392165
0.00197388838909
0.00116808349938
0.0012822814669
0.00550807998954
0.00061715588062
0.000579879143535
0.000734876135622
0.00226206760437
0.000233717700363
0.00248040122248
0.000772136213913
0.00121708388901
0.000857867499408
0.00218677080996
0.0
0.000805148483948
0.000690990796433
0.00250182884076
0.00123863778216
0.002695474633
0.00354552843033
0.000915133279649
0.0019902911528
0.00203687882663
0.000749201876874
0.00124882397336
0.0
0.0
0.0
0.0
0.0
0.0
0.0
0.0
0.0
0.0
0.00118031334539
0.00142267959589
0.000924255351986
0.000895557946056
0.00121491602711
0.000590545434924
0.000556085849886
0.000729671585042
0.000927150999131
0.000744573107795
0.0
0.0
0.0
0.0
0.00565476190476
0.0083733974359
0.0
0.0
0.0
0.0
0.0
0.00284541062802
0.00121282712374
0.00103405460801
0.000815697086332
0.000685796484359
0.00272051659295
0.00100925153324
0.000994560736585
0.00138081849441
0.000354884788126
0.00051971451289
0.00217113257181
0.00378782596619
0.00246987571751
0.00213823229467
0.00292070348501
0.00477274078157
0.00288650334836
0.00274721612383
0.00202034102682
0.00289741267435
0.00403351754122
0.00196672124377
0.00198264288106
0.00465270824127
0.00123509770657
0.0031784647212
0.00297081311476
0.00163617490012
0.00254555298808
0.00303613240343
0.00496966304745
0.00319659067883
0.00134382978332
0.0199276935726
0.00355330986551
0.00377466903471
0.00483261449995
0.00206814382928
0.0190657450725
0.00237283216115
0.00148673465367
0.00358687813392
0.00481209119224
0.00349134917612
0.00379080567912
0.00631514421132
0.0254324760457
0.00290068939595
0.00278852235175
0.00281383204866
0.00427552107685
0.00199851698766
0.00363764232461
0.00335278487916
0.00173398547292
0.00168300632717
0.0025646728328
0.0115249236448
0.00253665478468
0.00157912018475
0.0016321286708
0.00345263664687
0.00187755153356
0.0097077869685
0.00522349694066
0.00178592429302
0.00458678471486
0.00357929807414
0.00230247305631
0.00183227799121
0.00254414136757
0.00271146834296
0.00220554207802
0.00443423636245
0.000724274563837
0.00482079226662
0.000667311487774
0.00973638776008
0.00104024202191
0.00132819564632
0.00786411743099
0.00180634705111
0.000561266049285
0.000787766599312
0.00288942339393
0.0094127918517
0.0120280367576
0.000426876778269
0.000649703838323
0.000682366483837
0.00235026615834
0.00190281581989
0.00372642863035
0.00917137452343
0.00107875991147
0.000611184356249
0.00321660982109
0.00105404533557
0.00260035257759
0.00218785090452
0.0012225422257
0.0
0.00285418884657
0.000671067477586
0.00262457548317
0.00075638157132
0.00346710658697
0.00385433346314
0.00152235489805
0.00156430932768
0.0002037246704
0.00355929796808
0.00337975054157
0.00557486163147
0.00171467434063
0.0011030503133
0.00229327483762
0.00235165004999
0.00199644763539
0.000411317997157
0.000933889229455
0.00144901752062
0.00192661077649
0.00347696903277
0.00117107636684
0.000759705573793
0.00079635354348
0.000855791463121
0.00181851732537
0.00230766761541
0.00168914987168
0.00070901637989
0.000803092070216
0.000687074878263
0.00137889333918
0.00120965105553
0.00259128235387
0.000772899476067
0.000586572070939
0.00474390672945
0.00381199982741
0.000178432404225
0.00136782006493
0.00379630549911
0.0111281446541
0.00279303437581
0.00343845311582
0.00516625889593
0.000518869671133
0.000598034027539
0.000990426000779
0.00100507259765
0.00130085548612
0.00242541832162
0.000537847341421
0.00170243846331
0.00184137992354
0.00424406282855
0.00151407041878
0.00645685579196
0.00287610029341
0.00837742504409
0.0129326171875
0.00470720720721
0.0045148989899
0.00975360555384
0.0
0.00451784356899
0.00701840604703
0.000870498775483
0.0011343087733
0.00163737520002
0.00133643873912
0.00177924110265
0.000906765763137
0.00297782299589
0.00146597089196
0.000526614502267
0.000482375710558
0.00198861374309
0.00229772587899
0.00944441257
0.00138642174897
0.001636104737
0.00361520312999
0.00118233622301
0.00269881427889
0.00323074731009
0.00187571341885
0.00227778802996
0.00349902963489
0.0036663311751
0.00467326176456
0.00320719838852
0.00418683536586
0.00115464928799
0.0042869493509
0.00166054607577
0.00839372406714
0.0127389047478
0.00261560484913
0.00210442838347
0.0013676593006
0.00298169644479
0.00124831671481
0.00506259529088
0.00700383422744
0.00372338734825
0.00217267701851
0.000889416089689
0.000732231029378
0.00274633652809
0.00231766229645
0.000618402705217
0.00304427886927
0.00189145105914
0.0127227376664
0.000603263297213
0.00209913863688
0.00328515021196
0.00269160017268
0.00144774269375
0.00250291928349
0.0110160077959
0.00204030173971
0.0029399307128
0.00071026685966
0.00912460062826
0.00167248177343
0.00281687919438
0.00242809136834
0.00213232396382
0.0027877319757
0.00122535952781
0.0013715298977
0.00128326293632
0.00237207687817
0.00139451806449
0.00229046885872
0.00192198244326
0.00395976096429
0.00413955604724
0.0033362887387
0.00198629908969
0.00645464889458
0.000663186271241
0.00040652513936
0.00320144721698
0.0029709198652
0.000545811627381
0.00061836523313
0.00182635432325
0.000736578549998
0.000519048208189
0.00127216270553
0.000528818946906
0.00118823578924
0.00252323987694
0.000495837692726
0.000624503032133
0.00057624883033
0.000857515900986
0.000557063743321
0.000729378290273
0.00302536531404
0.00504319294006
0.000366449569855
0.00312873263096
0.00347108240097
0.00107100848593
0.00365208292329
0.00237574725381
0.00070366527514
0.000719399615646
0.00159622848042
0.00195767092671
0.000812999200096
0.00228296674104
0.000914035107853
0.00147979251521
0.000391251628766
0.00398644934889
0.00727083179845
0.0051809253037
0.00262510824588
0.00529384328358
0.00471837380656
0.000514209381316
0.000651225480847
0.000690329814873
0.00244662182434
0.00042808372098
0.000479774531579
0.00429407291173
0.00178959094915
0.00318909682908
0.000575497096392
0.00290990990991
0.00567087233754
0.00700735722611
0.00433104535119
0.0049134565999
0.00344982613015
0.00239898989899
0.00452713230057
0.00881694047365
0.0287087912088
0.00439265046296
0.000421739947597
0.000924147830952
0.0012437388864
0.000804687493224
0.00141178208677
0.00042448481439
0.000854159658839
0.000568177774954
0.000542201334514
0.00105345092628
0.00482186840253
0.00536199763593
0.00139177041159
0.00430771983023
0.00334743938674
0.00158301587409
0.00299861650669
0.00189420351019
0.00429652006002
0.00365430688327
0.00466328905213
0.00264719602491
0.00128146422725
0.00800713370756
0.00287985785948
0.00204303199552
0.0024804983296
0.00332862208541
0.00477179293758
0.000605579365001
0.0147996873421
0.00304964885493
0.00204186357015
0.00111672830878
0.00647666740182
0.00170118545025
0.00231843194219
0.00447219063582
0.00234059579282
0.0106031371179
0.00430399858032
0.000748724617459
0.00213368215044
0.00225563964691
0.00265159100346
0.00316196400378
0.00270166380328
0.00743057359814
0.00219550678061
0.0119886039852
0.00140828839299
0.00449901003215
0.00279285699609
0.00266376292053
0.0016018805117
0.00247633199679
0.00550475111608
0.00450223137773
0.00222778245285
0.00400288891844
0.00269489891388
0.00126243459155
0.00546201108615
0.00322356725586
0.00459330598728
0.00306358928357
0.00260114253169
0.00209607347079
0.00571912566513
0.00302792026372
0.00378399108547
0.000612747012216
0.003901568708
0.00338257446637
0.00662913620419
0.00260529959547
0.00224781624271
0.00134055349869
0.00285897522931
0.000879834726788
0.00154184011949
0.00106686717599
0.00465918877951
0.00366192041472
0.00189457549329
0.000877798526661
0.00258376313102
0.00330434686185
0.000710318084401
0.00183809952955
0.000754373066533
0.000878620739295
0.00126760075888
0.00190762848254
0.0029955643193
0.00182185747306
0.00333803864076
0.00206268706506
0.00081477228282
0.000643888555846
0.00264766063526
0.00240855680997
0.0033364949066
0.0122985238103
0.00353470372874
0.00316095014004
0.0034605096059
0.00228258185729
0.00479134654161
0.00205675886055
0.00249950292575
0.00259195618638
0.00259226976094
0.000755890843713
0.00113496141663
0.00213295225859
0.00114921000543
0.00073868018569
0.00231742782778
0.000648932948239
0.000577008652622
0.00255946255998
0.00387458347171
0.00205258164498
0.00271660086871
0.000886468445273
0.000909619259441
0.00248572306397
0.000883538657368
0.000901806053244
0.000451639792658
0.000671619948856
0.000283551587382
0.000910169919881
0.00110076366702
0.0034527474783
0.00496669501134
0.00795796606104
0.00599029494687
0.00428626000209
0.0035917178174
0.0376237623762
0.0107965294076
0.00604402456405
0.00445750661376
0.000952380952381
0.000887797329071
0.00199929028318
0.00177042700467
0.00108336129032
0.000948913364785
0.000894352056837
0.000566536032543
0.000491203666434
0.000433578190793
0.000812276578522
0.00480440886923
0.00622233274035
0.0039317232789
0.0221592367042
0.00362900186566
0.00559115891353
0.00276216255368
0.00444743690153
0.0033559298122
0.00413786050834
0.00165060188526
0.00292677711175
0.00151199962106
0.00252094323469
0.00722235977997
0.00328938697903
0.010381460589
0.00891561072341
0.00107101329364
0.00181626537484
0.00105698529412
0.00102710680108
0.00496158243574
0.004351827137
0.00144404289494
0.00378465506376
0.0016603752673
0.0017258637967
0.00136376380404
0.00415524001885
0.00287544479928
0.00321857548696
0.00255226250091
0.000791531203975
0.00349741166339
0.00392867882804
0.00307836876668
0.00232069710635
0.00177322504888
0.0112156363594
0.00142179863318
0.00402119014911
0.00932385339636
0.00501578037794
0.00217640696335
0.00354868625944
0.00172459711883
0.00145866650794
0.00159709527227
0.00536233151365
0.00262536399885
0.00128504316434
0.00484002787408
0.00103504943215
0.000360813181709
0.00291217754141
0.00262207691738
0.00370603360228
0.00292552593857
0.00240209197269
0.00461297465948
0.00328501348052
0.00229522873772
0.00344317805552
0.00244422461593
0.00257651099054
0.00470270985101
0.00352268490523
0.00838293853417
0.00139618595456
0.00121033337692
0.00189277288234
0.000495554916918
0.00226831397817
0.000906195518808
0.00503958323612
0.00255851444665
0.00294921352165
0.00141781959195
0.00116042767102
0.00481827317418
0.000957786260317
0.00191794520212
0.00875577874497
0.00161032654149
0.00100675246887
0.00515754457676
0.00149135539945
0.000918611601461
0.00217502813793
0.00197561585279
0.00222081528445
0.00134577359442
0.00160104853507
0.00219905111831
0.0010467049451
0.00187872653681
0.000779863615193
0.00222869582273
0.000783559468394
0.00300375171653
0.00283906693263
0.00110313329522
0.000547417065934
0.00175327320645
0.000592183048993
0.00119899207378
0.00339219726337
0.00104572801042
0.0012139238478
0.000807724225887
0.00192650667515
0.00227052926686
0.00172908291684
0.00116873543019
0.00204184702465
0.00290966301215
0.00392051788257
0.00587546716227
0.000934729422684
0.00142857142857
0.00197073108732
0.00212580193744
0.00138288728041
0.00047379797488
0.00210622710623
0.000450527743367
0.00137362637363
0.000335968935596
0.000948644408124
0.000468091415632
0.000982608785229
0.0
0.000979310268211
0.00141541155866
0.00179016273476
0.000944592826388
0.000258867418698
0.000338345156468
0.0019119317551
0.00151048283853
0.00060927157278
0.00128181316241
0.000774323920324
0.00138250035176
0.00360630340272
0.00917097918523
0.0137560261708
0.0104166666667
0.00336099375808
0.00336740202229
0.00748708357149
0.00837207924463
0.00348060344828
0.0036959677488
0.00993868501529
0.00669035947712
0.00270075473905
0.00268091341765
0.00283457645137
0.00495021951998
0.00288573873156
0.00763871214336
0.00353002270472
0.00271425892571
0.00276002688624
0.00636572994622
0.00178090377135
0.0143939742229
0.00210415331
0.00240722011641
0.0159113852619
0.00504678902077
0.00178614874208
0.00151018643184
0.00537717287114
0.0109786211505
0.00489772177307
0.00253928670025
0.0012279179907
0.0033972232947
0.00581635762694
0.00185255548228
0.0055265579703
0.000853544732172
0.00397454122512
0.00160698498737
0.00666002241305
0.00138730858227
0.00565281700971
0.00182124225335
0.00205776158905
0.00971285446625
0.00130693714575
0.00218128925656
0.00123726578566
0.00532161579183
0.00214953058777
0.00200496202633
0.00289609911868
0.0154773168801
0.00532693990911
0.00362895241181
0.00126434621941
0.00296511469875
0.0129096029644
0.0134224452443
0.00162593055283
0.00334939065103
0.00213694745572
0.0048380239757
0.000743239521936
0.00435518535048
0.00152189198898
0.00251944737994
0.00139222642517
0.00102502216298
0.00175955271685
0.00118890462209
0.00018315018315
0.0088910924251
0.00272910041364
0.00103045655395
0.000409049683824
0.00267016386193
0.00266104466447
0.00156357074077
0.00168310649815
0.00324811815265
0.00112416410404
0.00408417710988
0.00418383234522
0.00185261452517
0.0051043868792
0.00253464082494
0.00226537318832
0.00187057821845
0.00237880585335
0.00255258526984
0.00137997395532
0.00117871256935
0.00198277961034
0.000592708467072
0.00121911144958
0.00117106169222
0.000751574932389
0.000875828618106
0.000705998824141
0.000342789619667
0.00651512652708
0.00342223937912
0.0025612005424
0.00364720633991
0.00700048634159
0.00276107190711
0.00468520137078
0.00617577642784
0.0292318568342
0.00858971512066
0.00167961437512
0.00335005808649
0.00268400961419
0.000891005036513
0.000500818290906
0.000920412788328
0.000666605248502
0.000835983839238
0.00528770663802
0.0302119654094
0.00194807927385
0.00141805138264
0.00191834863421
0.00117256023805
0.00190896028328
0.00196816933341
0.00323145209886
0.00138368324219
0.00159758358158
0.00220450536503
0.00114164947146
0.00333341512367
0.00114385460063
0.002643454813
0.00248188612586
0.00261231929351
0.00404757455004
0.00386177780672
0.00221030837137
0.00281745111496
0.00488727067418
0.00141867711657
0.00124842104605
0.00116185768752
0.00180280345599
0.00129590509968
0.00340615650633
0.00867022620051
0.0016247389535
0.00439530933652
0.00591475467334
0.00436051252199
0.00106324020268
0.00356156001202
0.00864314985488
0.00158198624295
0.00121967574437
0.00141937700011
0.00116106817084
0.00134872180631
0.00420004956775
0.0012133714001
0.000627269221855
0.00248843417675
0.000344215771522
0.000331427697172
0.00746847584206
0.00756932423718
3.1571176002e-06
0.0
0.0
0.0
0.0
0.0
0.0
0.0
0.0
0.0
0.0
0.00380489419481
0.00338954883418
0.00298283957756
0.00628178414435
0.0107546978937
0.00376374724363
0.00416681125511
0.0037365529701
0.00497781253439
0.0020370161644
0.00212412148594
0.00266826282692
0.00118742368742
0.00571135753537
0.00358281213616
0.00115441812493
0.00222224620592
0.00197988852615
0.00666327171474
0.00204526797643
0.00316619620279
0.00503368145629
0.00199788086002
0.00276316536899
0.00221292847935
0.00158077457477
0.0137774526216
0.00297073964243
0.00293695291478
0.00171529646032
0.00218315128789
0.0015705003023
0.00387935662112
0.0016896679827
0.0178105029075
0.00217621278917
0.000819772594278
0.000746207935607
0.00189851561407
0.00484885724737
0.00110630153933
0.000842815113964
0.00145669842061
0.0011877005993
0.00146590513811
0.00567737653466
0.00178909397706
0.00152779785424
0.0031132446896
0.00250181506915
0.00312578761109
0.00370099188225
0.00321644867403
0.00696901098152
0.00174461340276
0.00290798090428
0.00346926129391
0.00207279972827
0.00145176307965
0.00148207161303
0.00153890061232
0.00223876510233
0.000975023443771
0.00046832736497
0.000941691233235
0.00301241803165
0.00128335395549
0.000762553539274
0.00187899300842
0.00305937565013
0.000569211616252
0.00142123708216
0.00290178653825
0.0017697108997
0.00271715378838
0.00246427210941
0.0035103698097
0.00376515016152
0.000260832550614
0.00484897041408
0.00296300678936
0.000791026333174
0.00144087266455
0.00469808670855
0.00412359108183
0.00219706414495
0.00223364972425
0.0042069908319
0.00348424236522
0.000692653072512
0.00150828932126
0.000621501739811
0.000419516366004
0.00070380101178
0.00036354198169
0.0031811993532
0.000653946122335
0.000507963438912
0.00179144075184
0.00332207789022
0.00186378587817
0.00143215860296
0.00143744338112
0.00171496825118
0.00130243798453
0.00370553343544
0.0020690153992
0.00511169784222
0.00235944825771
0.00182100666243
0.00242815885446
0.00289416738887
0.00122921475816
0.00234266675601
0.00355730770673
0.00639265241221
0.00159688186865
0.00569150251481
0.00763043438562
0.00601073749
0.00106017459177
0.00143034443242
0.00173680521256
0.00145720551002
0.00156752596799
0.00378763623417
0.00364266519617
0.00105131086738
0.00272069558637
0.000934151324743
0.0107725311893
0.000467616043346
0.0026887883237
0.000641361613426
0.00330269994026
0.00396221955797
0.000627523524413
0.000988036490697
0.00110050258784
0.00144814929494
0.00481250605661
0.000712407489368
0.001574652765
0.000982595273383
0.000533558226562
0.00111950775426
0.00415454378172
0.000796475896307
0.000959586962488
0.000900010411954
0.000922987954231
0.00208667522399
0.00179617938411
0.00201929464252
0.0
0.0
0.0
0.00526226843309
0.0
0.0
0.0
0.0
0.0
0.00307674100796
0.00804679454891
0.0018762409008
0.00311185835163
0.00123113213397
0.00692165170561
0.00608070211954
0.00320779865583
0.00436927268423
0.00115164235366
0.00179546496166
0.00695376195143
0.00137651568492
0.00316272855743
0.00145235134178
0.00628736113131
0.00389407314899
0.00152250374111
0.00372441457953
0.00396918782936
0.00515554018893
0.00199155214689
0.000597236000882
0.00255169070548
0.00317026782896
0.00193487481895
0.00388132305257
0.00227043378099
0.0019053145788
0.00245792397297
0.00279334531905
0.00252174110369
0.000756474265683
0.00134413547117
0.00142690081127
0.0130622159926
0.00293227658135
0.00186702017766
0.00198439892402
0.00314299660578
0.00158123763705
0.00149825179406
0.00129655920578
0.000722472696437
0.00155524954358
0.00215879400484
0.00151822890497
0.000988751763995
0.00602813265233
0.00169612569904
0.000277710352391
0.0018564418035
0.00113370385926
0.000357142857143
0.00171903393886
0.00210482642271
0.00353571826881
0.000840522887735
0.00051892207324
0.000747645663739
0.00176093502853
0.000426656728229
0.00033060522423
0.0112182427378
0.00140674996874
0.00181694449314
0.000797245787222
0.00154224549019
0.00329720654627
0.00154489012823
0.00227891869675
0.0034083952403
0.00182145581486
0.00242119741379
0.00458176667292
0.00348364949519
0.00383899214171
0.00730117875343
0.00297813637376
0.00229429902661
0.00240849462061
0.00261500672226
0.00147959483651
0.0016522048448
0.00291843139808
0.00422659024524
0.00202990724036
0.00116060053946
0.00194070937157
0.00123594402945
0.00356229180413
0.0183102765491
0.00471861277314
0.00244266630224
0.00433883962526
0.00110934428764
0.0032802170173
0.00068814170407
0.00490236519197
0.00149704508651
0.00235512564652
0.00253957367566
0.0043634083161
0.00236235066658
0.00323289643405
0.0044397208064
0.00598644387162
0.00234293067816
0.000770375095798
0.00105070803403
0.00252755936126
0.00274074531549
0.00148180694639
0.0013849007734
0.00222064544451
0.0022979950261
0.00120121097713
0.00118141404904
0.00321973729814
0.00156495834556
0.00238890499874
0.00102493683743
0.000798023455477
0.00205136132642
0.000510968505098
0.000705500641314
0.000638578257475
0.00216883634052
0.00130299050266
0.000848285997117
0.000578769743304
0.000681700960815
0.000655852467227
0.000394064493424
0.000530679985196
0.0014071801093
0.00108000182024
0.000551887467269
0.00122165167679
0.00103017426596
0.000294501093713
0.00458374864033
0.00267800021998
0.00324885496346
0.00115356269689
0.00488855958112
0.0
0.0
0.00237163753662
0.0
0.0
0.0
0.0
0.0
0.0
0.0
0.0
0.00328684419617
0.00144044107424
0.0
0.0
0.0
0.0
0.0
0.0
0.0
0.0
0.0
0.0
0.00291532984675
0.00111995045231
0.0125590136324
0.0133667881931
0.00416926086994
0.00459956934675
0.00113291244371
0.0110665247584
0.0680712940053
0.00941912889
0.00167434509891
0.00117632991275
0.00405943726573
0.00684700778036
0.00374915769793
0.0039050087797
0.00212683554022
0.0017771387156
0.00579302426561
0.00459369006099
0.000817111328907
0.00137040258057
0.00218189018846
0.00363710408686
0.00337038559079
0.000470467083257
0.000686027855331
0.00120031423518
0.000866549850378
0.000920538711968
0.00148220663046
0.00109217844594
0.00140635438161
0.00453778844068
0.00940837293609
0.000664924229282
0.00189749060418
0.00546563529333
0.00650887433189
0.00529287118062
0.00609208681176
0.0235743874691
0.00182441013092
0.00549438123595
0.00324055339223
0.00858797852442
0.00554627078672
0.00245537622571
0.00307336450002
0.00520150512063
0.00499762223005
0.00459440850871
0.00074384811721
0.00143769851946
0.0123266440392
0.00406080692519
0.00185164873323
0.00252522726642
0.00107965181102
0.00259921859642
0.00161656969495
0.000973404819099
0.00114523733307
0.00292692981104
0.000876932238831
0.00308369402331
0.000628583183446
0.00373033370508
0.00145871085149
0.00295162122395
0.00276219838898
0.00382304248239
0.00551736210499
0.00116542626566
0.00462854364076
0.00965070269586
0.00155226887145
0.00745312826771
0.00183702526524
0.00138491886156
0.0106149130087
0.00146621460292
0.000968834910144
0.00460007048908
0.00297749617279
0.00513724952813
0.000548501829002
0.00516757208825
0.000658076929226
0.0014698775867
0.000928247597254
0.000325149262219
0.000476866732249
0.00275213603378
0.00100635011735
0.0011557446526
0.000775447713386
0.000671177563364
0.00236629912644
0.00148076224755
0.00118563391118
0.00109627443993
0.000612609633774
0.00230462617237
0.00283810554397
0.00184898066323
0.00389113006751
0.0027648028934
0.00131353948227
0.000950846756158
0.00258576417682
0.00384341233012
0.00757438471561
0.00244125449879
0.00519373289575
0.00381999306886
0.00467111524722
0.00409350615621
0.00329753363486
0.00381525733764
0.00347857768875
0.00716186706943
0.00188222192423
0.00340119347272
0.00999130227074
0.00141871546958
0.00242136647457
0.00110329256221
0.0018484825981
0.000518780868561
0.0031780501052
0.000864296573722
0.000815269037322
0.00116344121904
0.00401025997869
0.00107352569067
0.00470660078126
0.00370743064234
0.00114485467038
0.00425026017939
0.00137509885631
0.00318437957405
0.0033344050193
0.0047406766567
0.00162571692561
0.00291154863247
0.00225528457277
0.00324647385774
0.00245957545485
0.00167417608299
0.00200885364937
0.00109270045745
0.00231447933298
0.000840954403013
0.00172619023258
0.00147841545317
0.00165694610557
0.000558263621655
0.00209552906951
0.00111162277561
0.000702082237079
0.000785770547024
0.00137033413354
0.00128991649477
0.00139617542963
0.000877510184554
0.00333959557904
0.00250393971621
0.00212092427929
0.00305360369581
0.00630116636748
0.00283855129196
0.0
0.00210432981417
0.00135945432169
0.00215447841132
0.00109841192059
0.0
0.00147591624309
0.0
0.0
0.0
0.0
0.0
0.0
0.0
0.0
0.00378779275578
0.0
0.00231334181456
0.0
0.0
0.0
0.0
0.0
0.0
0.0
0.0
0.0
0.0
0.00273899824447
0.00521197352407
0.0114274708088
0.00250252743917
0.0100142757777
0.00793089402748
0.005468106555
0.00480309714481
0.00726047334944
0.00698306410924
0.00104296570811
0.00104481393173
0.000578478925523
0.00173778827487
0.003171872456
0.00927012402026
0.000931910688616
0.0011564092404
0.00172595112281
0.00324801585178
0.00461119221716
0.00645307728249
0.00296711731443
0.00550928209582
0.00854079779598
0.00464476656246
0.00535560301623
0.00278547328481
0.0037075508044
0.0172165688561
0.00141018514114
0.00161846979497
0.00135268619818
0.000823358320191
0.00162306315946
0.00148784391677
0.000720311443847
0.000972875147465
0.00374214347799
0.00085593173514
0.00235909280338
0.00118726757677
0.00346182164317
0.00279369615638
0.00346604864031
0.00320465032582
0.00571776940538
0.00375825497633
0.00390629862608
0.00339335145439
0.00519052875542
0.00170897194868
0.0120180600474
0.00393356330142
0.00193512378676
0.00121047890135
0.00555980159609
0.00108427555649
0.000877510624689
0.00149562823411
0.00214632507095
0.00419443725854
0.0017552863874
0.00200721621727
0.0030847313935
0.00223294318245
0.00837214595098
0.0033882237944
0.0021457536931
0.00124486727886
0.00656175695727
0.00448072814683
0.00207911494076
0.00186995014705
0.00228608607242
0.00318644423729
0.0020855110449
0.000695635281197
0.00304966791376
0.000280178883721
0.00132880127042
0.00154637265846
0.00273961529322
0.000977739730392
0.00267500041898
0.0171824635621
0.00216003504149
0.00256017733631
0.00236898565774
0.00225432253326
0.00496072047699
0.00248593873193
0.00641869818803
0.00191887326669
0.00101826594048
0.00137537901505
0.00280851257326
0.00368541640994
0.00223731627806
0.0102819109089
0.00969585063481
0.00328127188971
0.00679802341493
0.00163704527244
0.0029938916597
0.00582372678867
0.00175715837125
0.00804581327419
0.00225585669322
0.0028732739408
0.00191375713954
0.00624129712716
0.00186554085815
0.00206597628451
0.00137381806224
0.00124944212796
0.000972138040418
0.00120468533297
0.00306485386479
0.00852902639705
0.00487766557551
0.00162340766864
0.00264386458064
0.00153193192991
0.00784027087501
0.0339303344146
0.00222879401745
0.00235757813145
0.00327949873484
0.00304249677288
0.00463943465796
0.00251547636515
0.00267841958366
0.000790902663312
0.00171460328595
0.00216055399068
0.00187980878072
0.00215987534742
0.0018978058842
0.00134852977664
0.00110219506533
0.00112567937027
0.00136521235188
0.00396471030421
0.0
0.00285672578361
0.00160863294872
0.00109261756292
0.00162950685544
0.00127087066081
0.0183565508452
0.00111042978191
0.00220571857241
0.00134879647078
0.00123481032511
0.00335833937755
0.00166625279792
0.000497961253626
0.00109683745982
0.000556849570389
0.00106361580364
0.00160307299377
0.000549511984321
0.00108627585233
0.000900542340553
0.000607548563315
0.00072474787593
0.000736638185137
0.00142837880683
0.00723348765432
0.00309448575576
0.0
0.0
0.0
0.0
0.0
0.0
0.0
0.0
0.0
0.0
0.00224166454966
0.00134642003153
0.00142069247093
0.00143131275295
0.00139363402498
0.00459101322729
0.00947818350766
0.00178067261523
0.00466366702518
0.00561171042339
0.00180109491767
0.00233878210509
0.0254252800735
0.00838954790402
0.0177597864142
0.00394558478959
0.0257796479145
0.00764689549896
0.00405287412283
0.00165465260001
0.00168622557859
0.00333285755902
0.00215086281088
0.00269462693486
0.0040491167656
0.00177978496505
0.00993942610024
0.00259891727458
0.00379986106871
0.00248172971204
0.00235657452962
0.00871559548529
0.00259326386766
0.00425652143716
0.0028809888492
0.00317835859668
0.00765285663081
0.0021871762179
0.00128199948527
0.00146832781443
0.00440194984856
0.00472276083801
0.00144278882693
0.00177561346531
0.00201126775062
0.004440697096
0.00261179307385
0.00186146673474
0.000562671374993
0.00466399846978
0.000985805585131
0.00227152832954
0.000965559782928
0.00141064297725
0.00048735323782
0.00351174168041
0.000758693297768
0.00162791010201
0.00345330404067
0.00249925196042
0.00156573313544
0.00424569087134
0.00139108602038
0.00246173470557
0.000823558640822
0.00267147552938
0.00458402623726
0.00129582012914
0.00294456597859
0.00276881049527
0.00144322840812
0.00152374445776
0.00897650374534
0.00287826766478
0.00138404403433
0.00571999865098
0.00759908904929
0.00216958231159
0.00620897496636
0.0042965022764
0.000721172751531
0.000615959786569
0.00117632568804
0.00453200834153
0.00292706609565
0.000566106587571
0.000519425587638
0.000938866494688
0.000745528116284
0.0112887206755
0.00712526404428
0.00180111086708
0.000733233739889
0.00231552174134
0.00152887443184
0.00134854140284
0.0073600864133
0.00115668993229
0.000786648663103
0.00192924807859
0.00162047794558
0.00182014867449
0.00833117916494
0.000777665539169
0.0012631816976
0.0054627652016
0.00166353460585
0.00333659062886
0.00092629006706
0.000492579810604
0.00100721427001
0.000759670145353
0.00107512965614
0.000656162382469
0.00172074429544
0.000653541698509
0.00191648322613
0.00484374100999
0.00465149432439
0.000992582868881
0.000679831672491
0.00270754061811
0.000941129749587
0.000778960378058
0.00145801226138
0.000492234890318
0.00141318932443
0.000681485193678
0.000509779836368
0.000711376874064
0.000909192833451
0.00190241775732
0.00143595796645
0.00266087864785
0.0176501023944
0.000615837435188
0.00127173099084
0.00237014503489
0.00126369579999
0.00231891536055
0.00148071064005
0.00369221546614
0.00235428117738
0.000977603652165
0.00219485408966
0.00192810141491
0.0016653827325
0.000665435402231
0.00194404990907
0.000599598994157
0.000688870638609
0.00183191948809
0.00938965073293
0.000463628440332
0.00716206832634
0.00100497031367
0.0
0.0
0.0
0.0
0.0
0.0
0.0
0.0
0.0
0.0
0.00226812569062
0.0038188867652
0.0266783887515
0.00248763999371
0.00307020458909
0.00280739276274
0.00317523961105
0.00362776104754
0.0110976546986
0.0116431414728
0.00636732565222
0.00409313774595
0.0033947606611
0.00752560594371
0.00469036722645
0.00552509605384
0.00248350636535
0.00625254282719
0.00251321095516
0.00166298437049
0.00205422386577
0.00261198892017
0.00226367979885
0.00185388795075
0.00271751624018
0.00342433408605
0.00165114082433
0.000560698311449
0.00191407304298
0.000842458713448
0.000498338343309
0.0010039535213
0.000980228251602
0.000621526724052
0.000538904172017
0.000646352520111
0.00368330608812
0.00457642014054
0.000846032087267
0.00129452751923
0.0081082483135
0.00151237587542
0.00292090338789
0.00274293543827
0.00358101434005
0.00217261383511
0.00433364508641
0.00733964012971
0.0056175750076
0.000807940209135
0.00147942428836
0.000958993572525
0.000586223275797
0.000474817684695
0.000738650103904
0.00100069596713
0.000814975865464
0.00834305544588
0.000770962323518
0.000656270375792
0.00243229378675
0.00041327123117
0.000831026851951
0.00345338799009
0.00132463338439
0.000956091124468
0.00389652800558
0.000439059904884
0.000607282609075
0.00252224508929
0.00275134681807
0.00902760783179
0.000546661569775
0.00317468334641
0.00491617155256
0.00229074905296
0.00246822985568
0.00311223757769
0.00463631181196
0.000491344489658
0.000471384670833
0.000413924407411
0.00148318100242
0.00339952892536
0.00338654186739
0.000771569059135
0.00530274333211
0.0092653829048
0.000876754101283
0.000505767952695
0.005310970758
0.00718987197401
0.00440024105211
0.00437790531549
0.00145655513159
0.00500808045768
0.00148008639716
0.00179517797134
0.00262500589161
0.00344968417307
0.00212180182107
0.000645716113546
0.00197315996027
0.00240947948844
0.00303615896599
0.0017633113607
0.00345745586796
0.00200887019992
0.00512843517646
0.00103634450994
0.00193550369192
0.00636763988362
0.000917664607201
0.00205151455197
0.00119845287147
0.00348944807196
0.00144715072713
0.00160492434602
0.00271495995971
0.00099649175186
0.000916560179317
0.00195239903793
0.0025766863652
0.00237069728004
0.00151178393989
0.00268087143822
0.00299406848051
0.00108933538321
0.000555795815577
0.00699734802113
0.00604957778899
0.00301057251336
0.00824327518781
0.00703534707947
0.0026241882544
0.00158015356752
0.00108576168788
0.00185591412354
0.00213653705262
0.00155185536221
0.000507975711573
0.000443928281626
0.000833814092118
0.000374262144263
0.00378169577922
0.0
0.0
0.0
0.0
0.0
0.0
0.0
0.00402682690456
0.0
0.0
0.0017343824461
0.00801640267848
0.00331262753311
0.00284527588386
0.00240868794326
0.00512463551668
0.00357264957265
0.00460706018519
0.004901860587
0.003474617737
0.00501991323519
0.00862080368546
0.00369808788078
0.00694212962963
0.00213953026969
0.0056105065735
0.0024733990621
0.00189763278062
0.00378156484398
0.00268240808729
0.00328541784427
0.00147515117363
0.00189429652692
0.00167916617959
0.000693271148878
0.00120740222376
0.000926896707213
0.000750932941324
0.00291261744851
0.00107654749076
0.00126317537082
0.000687649061678
0.00123361960863
0.00113155751136
0.00389628429736
0.00212234352438
0.00311738318353
0.00286495739124
0.00244016243835
0.00491523076282
0.0030882792061
0.00278860134845
0.00301423778239
0.00283328491199
0.00235794557993
0.00215511960768
0.00812923527007
0.00401153637535
0.00767555013897
0.00125022001029
0.00149138826843
0.00437194666768
0.00165685106322
0.00100532627299
0.00169157926877
0.0077354319895
0.00160252235376
0.00208290250156
0.00461403201753
0.000959368164409
0.00122059079626
0.00163295539115
0.00250246000544
0.00065325060313
0.013798999375
0.00159055920345
0.00119283521472
0.00799621750801
0.00106610428798
0.00487385348932
0.00214102277911
0.00352641580454
0.0022386938283
0.00210152586509
0.00267072292851
0.00224520142581
0.00124232202273
0.0017875915073
0.0020185402278
0.00187900330523
0.00174167588079
0.00650272257204
0.000531636392106
0.000351593049702
0.000631521358066
0.00357810731828
0.00227440561965
0.00374385373759
0.000669941609424
0.00113147675034
0.00173249581884
0.00294000805749
0.00165157701466
0.00212625366321
0.00147947184981
0.00071444263564
0.00307697149483
0.00169345084961
0.00192234655685
0.00716531809333
0.00102363730786
0.00487264036785
0.00113330607074
0.00119262331293
0.00158087861213
0.00175463197016
0.00177471765728
0.00166985839201
0.00291306535822
0.00557573225267
0.00167067474536
0.00254200087775
0.000830614935627
0.0051376175301
0.00224190394768
0.00327752210562
0.00305577136701
0.00151474713789
0.00525507774565
0.0014860982801
0.00121102120337
0.0020126178545
0.00156730701342
0.0050533834541
0.0019136896979
0.000543258862225
0.000844808311676
0.00078477598186
0.00154367046684
0.00122265808554
0.0
0.00507401512648
0.0
0.0
0.0
0.0
0.0
0.00156775066756
0.0
0.0
0.00411265101215
0.00149197751181
0.00521428873302
0.00199806524658
0.00244082128258
0.000727036032676
0.0185971253211
0.00192455704002
0.00128269949403
0.0030656515461
0.000904457486771
0.000865976576547
0.0030142974481
0.00264798341151
0.000583207805511
0.0013912711388
0.000678095457284
0.00038913422856
0.000515704242793
0.00038662276862
0.00158947734455
0.000776331564532
0.00215381362159
0.000341663544479
0.00037165052372
0.0052728429627
0.00313620437465
0.00317503593805
0.00230674407925
0.00537121995348
0.00351660212342
0.00606832884274
0.00351291780952
0.00678724122412
0.00670898229144
0.0111645299145
0.00899621212121
0.00570229713392
0.00390833915165
0.00515067533129
0.012023339908
0.00515425531915
0.0164952328566
0.00156510668958
0.00164472561827
0.00227909033654
0.00323873086569
0.00457639408134
0.00152878630467
0.00202038067248
0.00174241630961
0.00315292300029
0.00180658488655
0.00237789432998
0.00184326213239
0.00202224604547
0.000883777191554
0.0016779265356
0.00128273875876
0.000718914993401
0.000783665128082
0.00297299689317
0.0009164445296
0.00213064495312
0.00548262411355
0.00176275213401
0.00387567654681
0.00242041970915
0.00471814444182
0.00319003132295
0.00487648804016
0.00321674427088
0.022236765872
0.00901004195411
0.00307930134734
0.00215932581899
0.00263437901173
0.0118241592718
0.0121424889542
0.00493108870985
0.00586453292407
0.00485090266929
0.000972316696689
0.00165802462835
0.00302587416025
0.00894006241735
0.0117443033385
0.00356697505416
0.011727937326
0.00123397493269
0.00345773444646
0.00247856873105
0.000985454157496
0.00202915746593
0.0017962992261
0.000823417469574
0.00139122001453
0.00770804542311
0.00179544391397
0.00190879414714
0.00319892652505
0.00163157831489
0.00588935534051
0.00246830621469
0.00470883128946
0.00983423736337
0.00346147704462
0.00241277706385
0.00131190788538
0.0043505191041
0.00316793503195
0.00367753468129
0.00442393986044
0.00208574596552
0.00223179273035
0.00106729431802
0.00543479015777
0.00256195235738
0.00631184894984
0.0024875528158
0.00464045298291
0.00499021420437
0.00202553725421
0.00373939164927
0.0082578246567
0.00125899935967
0.00111527395638
0.00340377055077
0.00828112919104
0.00291278974079
0.00514660427628
0.00164849468759
0.00300659723071
0.00194682116092
0.00694337127217
0.000848993476909
0.00217959392793
0.000681098062399
0.00115983062062
0.000550314002905
0.00145476896879
0.000899350090775
0.000823711758423
0.000579765412995
0.00102340239754
0.00385590402202
0.00579106149145
0.00533421719174
0.000834276996007
0.00129230970417
0.00206882516819
0.00127609910288
0.000479565044836
0.00837953743145
0.000528659641536
0.00328600430551
0.00273722788129
0.00444277030135
0.0087326302983
0.00403093322203
0.00362044866893
0.00253392282011
0.00279964350274
0.00223596209037
0.00350092475027
0.00359371343423
0.0019389292507
0.00240817965063
0.00139910696757
0.00116369492435
0.00132184212915
0.00134576193837
0.00173514953691
0.00373665215058
0.00567530138729
0.00148907730879
0.00211302954202
0.000712077615326
0.00356146620339
0.00173116243847
