0.0478344926554123
0.0502323245008163
0.0478354460655346
0.0505316349089378
0.0505326988672253
0.0527263939540402
0.0505369551484523
0.0531443755535872
0.0531431987777064
0.0505273795237794
0.0531490831783152
0.0530398461844461
0.0527252356158967
0.0501514993208651
0.0502344273275285
0.0587803085966201
0.058799029816008
0.0559179869524697
0.058620942331648
0.0588220876939291
0.0587918279359169
0.0588336234157821
0.0559101709919396
0.0559310184106269
0.0588220876939291
0.0559101709919396
0.0505231248552723
0.0556134862704206
0.0531279054323283
0.0505369551484523
0.0505188709032353
0.0585622956419892
0.055623797714789
0.050546534403235
0.0585522945180414
0.0505454698622636
0.058836508053247
0.0588307390611595
0.0588264130594637
0.0588047925905961
0.0587918279359169
0.0558945456239229
0.0588033517910521
0.055889339108565
0.055847721878345
0.0558633210744379
0.0588624825252005
0.055847721878345
0.0588062334607468
0.0588624825252005
0.0558724246304272
0.0558659217877095
0.0501556916260893
0.0587961488522502
0.0587731113015795
0.0587644768737298
0.0588437208846173
0.0586023343263173
0.055889339108565
0.0558659217877095
0.0586080586080586
0.0558607206032958
0.0586051963274077
0.0530773824004246
0.0527379801353608
0.0531361392166847
0.052734503746347
0.0527460934924507
0.0527484120530122
0.0530328140536957
0.0527414569827491
0.0530316422131872
0.0527472527472527
0.0558776279946916
0.0528192261983362
0.050544405366131
0.0588754783632617
0.0557880055788006
0.0528169014084507
0.058809115412889
0.0585522945180414
0.0586180787924676
0.0585865983156353
0.0558321313916159
0.0456534144949591
0.0586009034305946
0.0558750261914185
0.0586137840082059
0.0558815311539536
0.0586166471277843
0.0558724246304272
0.0586166471277843
0.0587947084762371
0.0586152155330321
0.0587889476778366
0.0555812876331635
0.0531443755535872
0.0501431168125692
0.0478440284671969
0.0505199343240854
0.047843074714935
0.050522061300101
0.0527460934924507
0.052734503746347
0.0527472527472527
0.0558828323282185
0.0586051963274077
0.0530762085894998
0.0527553689578616
0.0530562617442246
0.0527379801353608
0.0530539160421779
0.0505582473140931
0.0531255533911812
0.0530339859459937
0.0527333450518545
0.0505593123933515
0.0456525460805387
0.0531396687627314
0.0558347292015634
0.0588004704037632
0.0558386263697913
0.0558178477568202
0.0588870350377858
0.0558347292015634
0.0558399255467659
0.0587932681707944
0.0586195105270871
0.0588711457796747
0.0650300764103398
0.0619179071747375
0.0619322873658134
0.0619546698332387
0.0619530705490591
0.0652652761536997
0.0619530705490591
0.061961067795735
0.0619211021956191
0.0618700213967157
0.0587731113015795
0.0587788689965957
0.0617299827670465
0.0558828323282185
0.0587615992948608
0.0558997531094238
0.0587903877715993
0.0558152515174771
0.0586137840082059
0.0587774294670846
0.0617172834109085
0.0618987439713202
0.0651801960837566
0.0585923195234491
0.0618429189857761
0.061718870544669
0.0617999227500966
0.0585194577196918
0.0613371498671028
0.0650971031789085
0.0650635725323285
0.0587414641309935
0.0587745506195817
0.0617712917921396
0.0617808324967179
0.0652919092442461
0.0617458643134632
0.0650265525089412
0.061769701961188
0.0617617540338146
0.0616839724478256
0.0587860677019546
0.0619179071747375
0.0585551516334447
0.061769701961188
0.0651448114872018
0.0649139889646219
0.0651059327781244
0.06498429546193
0.064963187527068
0.061938680706101
0.0649122332512915
0.061938680706101
0.0650177444260829
0.0585551516334447
0.0586954926752916
0.0652014452987041
0.0557556045998374
0.0585508660648939
0.0558399255467659
0.0617649329593124
0.0587285273821759
0.0619562691999897
0.0558945456239229
0.061718870544669
0.0584866577312051
0.0584952107046236
0.0584923594355487
0.0587299645173131
0.0646813097965234
0.0617617540338146
0.0617569862590706
0.0617458643134632
0.0617871946039183
0.0557607862270858
0.0619115181220173
0.0617474529175671
0.0558867362146051
0.0617649329593124
0.0617951490807972
0.0587227795448985
0.0618301731244848
0.0617903761489148
0.0587285273821759
0.0651165314594243
0.0617824229006848
0.0614109157902817
0.0587256533228932
0.0587716720540699
0.0584823821823676
0.0558932439041431
0.0559075661572866
0.0587242163987374
0.0585837381306906
0.0587299645173131
0.0587587219977965
0.0587500917970184
0.0649966147596479
0.0619338855771464
0.0651872776163186
0.0649966147596479
0.0619115181220173
0.061893955023726
0.0617506303710184
0.0618301731244848
0.0617268074380803
0.0650212673728699
0.058809115412889
0.0650600449998645
0.0587687937705079
0.0617919670442842
0.0619019370147791
0.0558867362146051
0.0587860677019546
0.0618413254657425
0.0619450753665084
0.0617569862590706
0.058781748267163
0.0558464223385689
0.0721348922485047
0.0720764009850441
0.0719920808711042
0.0721717688097673
0.0684794704254287
0.0681044267877412
0.0684540787221905
0.0684794704254287
0.0681818181818182
0.068598868118676
0.0684579839123738
0.0685283536063046
0.0682904620987935
0.0686655985351339
0.0686086732797805
0.0684990153266547
0.0683040669379856
0.0723349106362458
0.0681701982616599
0.0684990153266547
0.0686106346483705
0.0647895688794104
0.0686086732797805
0.0648438344320761
0.0649210127677992
0.0719532304002398
0.064784322194029
0.068195379763021
0.0678905830103816
0.0721500721500721
0.0680600062388339
0.0721739391934562
0.0681082921845735
0.0681121580202066
0.0684365108785537
0.0721153846153846
0.068452126294173
0.0685675104279755
0.0721218859873186
0.0681334279630944
0.0647948164146868
0.0681140911025968
0.0681973175721755
0.0686793532694234
0.0721587492483464
0.0721348922485047
0.068452126294173
0.0685596754842027
0.0684092010375395
0.0685146592823089
0.0684014022287457
0.0616760465654152
0.0682205798749289
0.068195379763021
0.068393605197914
0.0684072511686239
0.0685635927322592
0.068160518019937
0.0684228532329798
0.0649069666810904
0.0719985600287994
0.0722695654792376
0.0456612317117254
0.0724287783679382
0.0685361813924267
0.0619211021956191
0.0619211021956191
0.0648490907617066
0.0647423792824386
0.064966704563911
0.0619131152615829
0.0719769673704415
0.0721305563069155
0.0721782803524706
0.0720980533525595
0.068575347162695
0.0681237581606585
0.0684853327245748
0.0681489053582077
0.0681992554914609
0.0723240115718418
0.0684482217722385
0.0722412858948889
0.0686439950805137
0.068534224278249
0.0682360968952576
0.0681837552203188
0.0681527758057646
0.0617919670442842
0.0685283536063046
0.0648894176174769
0.0645820999946182
0.0648841547487091
0.0617951490807972
0.0649280380911157
0.0649087221095335
0.0647930671418158
0.0647685872351909
0.0648385789544779
0.0684560312615876
0.0684931506849315
0.0685087919616351
0.0681431005110733
0.0685107476235334
0.0684775165487332
0.068557717028023
0.0684540787221905
0.06848337851334
0.06848337851334
0.0754835665985218
0.0756572725553244
0.0758773316471704
0.0756620428751576
0.0758725341426404
0.0755976942703248
0.0754384862010436
0.0758078271581541
0.0753603165133294
0.0749789121809491
0.0795518578673473
0.0760408085672644
0.0751926812456921
0.0756358135577196
0.0759878419452888
0.0751950371275496
0.0751997493341689
0.0751950371275496
0.0759445604708563
0.0756954519649278
0.0679059502588914
0.0750117205813408
0.0710795202132386
0.0716589036187746
0.0710984713828653
0.0713733420567418
0.0710921532035901
0.0677602416781953
0.079588791245233
0.0713436385255648
0.0685303103851975
0.0685851456005487
0.071503053776255
0.0680754502907389
0.0685616340522782
0.0680426400544341
0.0714774994788099
0.0680387821058003
0.0714221944469244
0.0711111111111111
0.0716589036187746
0.0710984713828653
0.0710879417078878
0.0678330177213759
0.0713988219194383
0.0710942591385746
0.0760649087221095
0.0798562587342783
0.0756000756000756
0.0798004987531172
0.0756572725553244
0.0757384498863923
0.0751479475216833
0.0751809040503712
0.0798376634177173
0.0759806249406401
0.0715883668903803
0.0795755968169761
0.0749742276092593
0.0798482882523206
0.0714987934578604
0.0678119349005425
0.0716118636987528
0.0713903266107443
0.0755548559735558
0.067961714900606
0.0685009704304144
0.0717081478382981
0.0715158377782413
0.0680542165258322
0.0680793123989448
0.0681276257522425
0.0721088844154674
0.0720439468075526
0.0721218859873186
0.068098629515081
0.0715307582260372
0.0715222314936226
0.068098629515081
0.0714838863406207
0.0710942591385746
0.0719597025665627
0.0686086732797805
0.0711448390348017
0.068598868118676
0.0718111367104515
0.0756763574446617
0.0752374682591931
0.0798323520606726
0.0758821297584419
0.0759517706256527
0.0757241118192718
0.0756930646229539
0.0760239475434762
0.0796204757323425
0.0752303930788038
0.0681179575965714
0.0681256919015584
0.0681411657817779
0.0795967100026532
0.0754076727307003
0.0754645788133195
0.07546695176404
0.0756358135577196
0.0714392022622414
0.0751856144857617
0.0751926812456921
0.0755120661989114
0.0798562587342783
0.0681392311623417
0.0680638665948215
0.071539286991773
0.071396697902722
0.0792733278282411
0.0757241118192718
0.0757360598314873
0.0797845816296001
0.0756954519649278
0.0797978454581726
0.0796310428348651
0.0758293838862559
0.0759301442672741
0.0759661950432058
0.0796654052977495
0.0797951923396615
0.0798243863500299
0.0758221969481566
0.0752587017873942
0.0761252259967647
0.083559640693545
0.0777353112651422
0.0834724540901502
0.0836062147286282
0.0785623097319061
0.0822734907956532
0.0823384108686702
0.0835044013778226
0.0835363731291333
0.0834985909612775
0.0789863419450387
0.0776071139854487
0.0789915413224501
0.078874720652031
0.0789577575996842
0.0777277585257635
0.0780716307211867
0.0789343857918106
0.0790019421310774
0.0789032448959463
0.0781860828772478
0.0757145561234147
0.0750422112438247
0.0751667762848821
0.0757169448212765
0.078572597806515
0.0821552048745422
0.0821777092963534
0.0822340243275655
0.0823666689546297
0.0784621420164771
0.0785648814979704
0.0785700255352583
0.0785237534354142
0.0743701775587989
0.0786034782039105
0.0822875951450319
0.0785366013285775
0.0785648814979704
0.0821748955694035
0.0776121333635158
0.0787479082586869
0.078776340838968
0.0822706705059646
0.0777101411734231
0.0822791319551579
0.0824402308326463
0.0788177339901478
0.0788850907178543
0.0759613862952999
0.0760890241582652
0.0756525028369689
0.0791191402386761
0.0821130422882168
0.0834637454355764
0.0792995208987279
0.0791687283523008
0.0791582835845509
0.0823384108686702
0.0835450969471229
0.0835334655946539
0.0822650305066155
0.0822932382389247
0.0786034782039105
0.0786911046263812
0.078600903910395
0.0742988050275525
0.0791113162145235
0.0876552227903579
0.0785854616895874
0.0775895512737618
0.0786678903894061
0.0743425332218195
0.0779879118736596
0.077639751552795
0.0786678903894061
0.0833883464785796
0.0786782061369001
0.0834985909612775
0.0777327935222672
0.0822255721529396
0.0835538225873834
0.0787375742265674
0.0827158366362226
0.0792838029797496
0.0821777092963534
0.0834840684569361
0.0788125574674898
0.0833912439193885
0.0822706705059646
0.0786060526660553
0.0791321837185532
0.082341235804714
0.0755191944619257
0.0786189275067973
0.0794018394759479
0.0786189275067973
0.0767729759124788
0.0790982796124184
0.0791243571145984
0.0767435167716561
0.081358690125089
0.0787324082275367
0.0767459708365311
0.0787375742265674
0.0766969193404065
0.0809498111171074
0.0807374016012918
0.0809716599190283
0.0812842918106076
0.0766920176391641
0.0794780938503825
0.0768295025289711
0.0768664125804695
0.0809771239624806
0.0810427500506517
0.0810181278060966
0.081045486779455
0.0809634652363121
0.0765428161377771
0.0809634652363121
0.0767067246228586
0.0793309754404522
0.0810400135066689
0.0812540203812168
0.0794386336555011
0.0840453845076341
0.0793440888653795
0.0810290691785678
0.0768196658344536
0.0813145858038286
0.0768245838668374
0.0765672356037645
0.0767263427109974
0.0767361555186085
0.0768910389901643
0.0779195480666212
0.0789058390320884
0.0787918581746553
0.0807890396202915
0.0821439572851422
0.0791765637371338
0.0774818401937046
0.0810235981229533
0.0812512695510867
0.0766895670234862
0.0809580030359251
0.0812457684495599
0.0809716599190283
0.0767459708365311
0.0791426215993405
0.0812815389304704
0.079422860546694
0.0768172070543802
0.0767557886657285
0.0781326301396621
0.0794097210733547
0.0813256074006303
0.081056435543247
0.0767287956776112
0.076831962096232
0.0767459708365311
0.0812155257013299
0.0768
0.0768245838668374
0.0794097210733547
0.0810044552450385
0.0755691300103908
0.0794701986754967
0.0794649360969472
0.076723889901218
0.0767337020814017
0.0812017864393017
0.081276033729554
0.0768491834774256
0.0767606985223565
0.0809634652363121
0.0767116282043086
0.0767484250583608
0.0810235981229533
0.0766797661267133
0.0809580030359251
0.076723889901218
0.0810290691785678
0.0794491525423729
0.0767312488010742
0.080996253923256
0.0768565664328946
0.0756501182033097
0.0756620428751576
0.080903421540536
0.0767729759124788
0.076827043119178
0.080996253923256
0.0810427500506517
0.0793834551648861
0.076831962096232
0.0768910389901643
0.0768
0.0787065883973371
0.0768
0.0766822161160458
0.0809853214104943
0.0809225166902691
0.0767852572306117
0.0766993704260011
0.0883359711435828
0.0883229676517131
0.0932763311309755
0.0883457262754914
0.0883002207505519
0.0882872277810477
0.0840983951222931
0.0808325755279378
0.0812870448772227
0.0840277291506197
0.0809116040725507
0.0837287189506001
0.080903421540536
0.0812677773262901
0.0812375181938192
0.0840012600189003
0.0855188141391106
0.0837053571428571
0.0837345614402345
0.0882807327300817
0.0905831288922438
0.0882515168229454
0.0853211987628426
0.0837228772762157
0.0885445489762036
0.085403174151306
0.0858338399914166
0.0854366167099783
0.0836790906872145
0.079726273128924
0.0780538571614414
0.0809989875126561
0.0840394985643252
0.0855584471141849
0.0808598093056164
0.081276033729554
0.0755834094416276
0.0837345614402345
0.0809061488673139
0.0916660300970132
0.0882061082729979
0.0867898600513507
0.0867522139887945
0.0837491712321597
0.0858000858000858
0.0835160246372273
0.0837345614402345
0.0915541313801785
0.0867804454729534
0.0854001352168808
0.0838193692592463
0.0883652430044183
0.0853788687299893
0.0836440943784198
0.0916660300970132
0.0836033023304421
0.0916905444126074
0.085613384225734
0.0837784061158236
0.0856225472707813
0.083600390135154
0.086745942819966
0.0835654596100279
0.0905523694536674
0.0767729759124788
0.0811057416106249
0.0767705201202738
0.0822819528250137
0.0838076614170479
0.0794333752565036
0.085555397119635
0.0780437044745057
0.0905660377358491
0.0889745681026173
0.0867773077340275
0.0883099679876366
0.0866958060903804
0.0867365377665342
0.0867396725577361
0.0867898600513507
0.0882125923475576
0.0867553499132447
0.0866958060903804
0.0812567713976165
0.085726532361766
0.0812292696134841
0.0840159630329763
0.0812980590088412
0.0884890494801268
0.0884662169633971
0.0905421209491832
0.0882125923475576
0.0882969721496634
0.088997663811325
0.0884108155897738
0.0884727393371917
0.0932690812995492
0.0881899022561917
0.0882125923475576
0.0836820083682008
0.0855249091297841
0.0883099679876366
0.0858215626676202
0.0836878443406095
0.0835509138381201
0.0882515168229454
0.0855492977828474
0.0838398658562146
0.0839601189435018
0.0852605776404135
0.08585533376261
0.0823327615780446
0.08382815228781
0.083594566353187
0.0838603724798211
0.0812457684495599
0.0810345409730898
0.0839983200335993
0.0837754817090198
0.0884792626728111
0.0841042893187553
0.0837491712321597
0.0822988821068514
0.0808707079556559
0.0796733393088338
0.0840100812097452
0.0888987665296144
0.0914007159722751
0.0938746773057968
0.0938746773057968
0.0939003873390978
0.0959692898272553
0.0940623162845385
0.0962850036106876
0.0936768149882904
0.0938710055931474
0.0912339390253174
0.0937097340986295
0.0938232994526974
0.092965602726991
0.091119632484149
0.0908059023836549
0.0905421209491832
0.0911369332421964
0.0865114267176123
0.0862254796292304
0.0934179284574365
0.0862471700147339
0.0906960925100144
0.0907887270663893
0.086194512282718
0.0926140310257004
0.0974658869395711
0.0924962423401549
0.0926104572641327
0.0926104572641327
0.0926462072958888
0.0926462072958888
0.0928289626363425
0.0955375980255563
0.092793071450665
0.0955528128359279
0.09550718293605
0.0928433268858801
0.0931207077173787
0.0955452048250328
0.0926247539654973
0.0923751972595358
0.0976046199520111
0.0881866617674077
0.0861821315713875
0.0867490782910432
0.0934870676223123
0.0906721069930863
0.0860338399770576
0.0905011501187828
0.0891961199687814
0.0889679715302491
0.0908196473170362
0.0929296058235886
0.0964281409457994
0.0907406707247911
0.091053949465058
0.0907784249943264
0.0929800092980009
0.0911265519990887
0.0941102658615011
0.0914076782449726
0.0928074245939675
0.0913833149297491
0.0937903005197546
0.093837973099781
0.0912721049629207
0.0937060752772138
0.0940807526460212
0.0910885076666161
0.0940586298792914
0.0940365175143014
0.0959385992964503
0.093848981347515
0.0940438871473354
0.0938636630294497
0.0929404019672385
0.091324200913242
0.091150778579567
0.0911334725650275
0.0867804454729534
0.0908230842005676
0.0864615606311694
0.0935016362786349
0.0907921616100477
0.0868118353468856
0.0864927201960502
0.0867741702219973
0.0862409716482806
0.0862007039724158
0.0940881292143641
0.0936439189980101
0.0957816179111625
0.0955147848927449
0.0938232994526974
0.093622001170275
0.0941213380916899
0.0937976316098019
0.0940070505287897
0.0940733772342427
0.0907269496843458
0.0932799564693537
0.0908059023836549
0.0961615514063627
0.0936658470905046
0.0960960960960961
0.0938159643499335
0.0909573258546199
0.0938122972286284
0.0933125972006221
0.0913068289899182
0.0912235356722034
0.0938086303939962
0.0960192038407681
0.0940770647955784
0.0908540278619019
0.0931460063649771
0.0914146415784261
0.0931496215796623
0.0940254652301665
0.0860122567465864
0.0860770389498601
0.0862254796292304
0.0905933866827722
0.0934688631849515
0.0863837598531476
0.0907578278626532
0.0867898600513507
0.0906755327187547
0.0861666606828708
0.090871227897467
0.0865738402712647
0.0925033725187897
0.0923538692423135
0.0957701516360734
0.0954236412071091
0.0926247539654973
0.095435024654048
0.0924926776630183
0.0954312298699749
0.0972014094204366
0.0928289626363425
0.0959616153538585
0.0957281321048223
0.0959194276807482
0.0959040959040959
0.0978952520802741
0.0979551855026325
0.0990548516240868
0.0979631821707008
0.0979671809943669
0.095934764360235
0.101010101010101
0.100029175176093
0.0956327701625757
0.0981956548422732
0.0998086999916826
0.0957816179111625
0.0957548675390999
0.0944770302720151
0.0949742777997626
0.0945291267871913
0.0950118764845606
0.0947081804190837
0.0963661915278057
0.0942396041936624
0.0947306098283008
0.0980792807519412
0.0959539421077883
0.0959731275242932
0.0959539421077883
0.0978673082412429
0.0957243139757498
0.0974619289340102
0.0959501059449086
0.0978952520802741
0.0989853996535511
0.0946782910568464
0.0941952195926057
0.0944287063267233
0.0946596197838605
0.0949592466566432
0.094488188976378
0.094876660341556
0.0947380886590613
0.0947081804190837
0.0953516090584029
0.0953629753248301
0.0898977413192494
0.0965212145586165
0.0905352899015429
0.09439156768662
0.0951927653498334
0.090545536859579
0.0944287063267233
0.0906241739984141
0.0946222993218735
0.0947418285172904
0.0965872504829362
0.095930929730594
0.0980231988237216
0.0959194276807482
0.099321304419798
0.0950495049504951
0.0959539421077883
0.0975649416642953
0.0979631821707008
0.099321304419798
0.0990671179724263
0.0979871800106153
0.095068330362448
0.0964436407474382
0.0965678187743934
0.0964475164764507
0.0940881292143641
0.0964397653299044
0.094488188976378
0.0949667616334283
0.0949667616334283
0.094876660341556
0.0948879136519986
0.0959232613908873
0.0993459723487044
0.0992555831265509
0.0943396226415094
0.0926819849391775
0.0954729891001671
0.094876660341556
0.0942655145326002
0.0964591455327358
0.0938526513374003
0.0897531787584144
0.0906070673512534
0.0946969696969697
0.0964475164764507
0.0973196545152265
0.0975649416642953
0.0965989132622258
0.0967040051575469
0.097572874740822
0.096455268869062
0.0975927130774236
0.0965173329043674
0.0964591455327358
0.0966767371601208
0.0980352109799436
0.10016694490818
0.0959692898272553
0.0990875686387845
0.0979192166462668
0.0957166786312515
0.0959385992964503
0.0958887690279276
0.0989445910290237
0.0958466453674121
0.0979471901399829
0.0978992453599837
0.0975768417628883
0.0982117281171993
0.0975649416642953
0.0966845264472465
0.0998045494240446
0.0981996726677578
0.0975451146155097
0.0966417008939357
0.0954995821893279
0.0975847767748231
0.090689238210399
0.0906139092350676
0.096401028277635
0.089911212677481
0.0906584066785026
0.0899044764937254
0.0898640805781256
0.0944324217981507
0.0965289788038451
0.0945887360580144
0.0974263213444832
0.0989690721649484
0.0974105040993587
0.0957663301544232
0.0963197816751615
0.0947455686707986
0.0956785201722213
0.0946894973565849
0.09624253117857
0.095068330362448
0.0962348129435823
0.0957128614157527
0.0946894973565849
0.094846664558963
0.0948204338034846
0.0947231321782374
0.0966689491279655
0.0963468486551586
0.0967001087876224
0.098135426889107
0.0980632507967639
0.0975292587776333
0.0975094462276033
0.0965950253561942
0.0932219848514275
0.096723491718051
0.0978513474945978
0.0966261373701586
0.0966455925582894
0.0980111896108139
0.093764650726676
0.0972171588285332
0.0969814522972482
0.10057411054771
0.100984599848523
0.0962348129435823
0.0932075032040079
0.0930809804529941
0.0967937084089534
0.0967741935483871
0.0981514804514968
0.0968132311415894
0.0969305331179321
0.0965328613948998
0.0982237865269706
0.0970324250020215
0.0965678187743934
0.097044195544054
0.099862688802896
0.099531373118235
0.0968601178464767
0.0995767986059248
0.0957969105496348
0.0990303280379616
0.0990385012173482
0.0969736150955594
0.0960884013292229
0.0969736150955594
0.096965779160438
0.0957052278980739
0.0968914008881712
0.0959385992964503
0.0957777955144066
0.0957854406130268
0.0943470398616243
0.0969814522972482
0.0981876201775559
0.0943841434638981
0.094321084692474
0.096969696969697
0.0932618325950105
0.101044122600202
0.0967468859596082
0.0941841299740994
0.0970088924818108
0.0975570098776472
0.0966261373701586
0.0965483948829351
0.0970088924818108
0.0963545848723302
0.0966222472724345
0.0939886430389661
0.0937793060331353
0.0975530444679294
0.0967585873246251
0.0957969105496348
0.0957052278980739
0.0966494845360825
0.0965483948829351
0.0942322038556677
0.0970755976216479
0.0976046199520111
0.0970716712506067
0.0966222472724345
0.096965779160438
0.0967507861001371
0.0929620017817717
0.0930629338089883
0.0990221562074514
0.0968327617510591
0.0999833361106482
0.096965779160438
0.0971974728657055
0.0933053417308141
0.100075056292219
0.0940991962360321
0.0942211055276382
0.0932582086652419
0.0932111231940345
0.0931568528509878
0.0955033824114604
0.0995396292148812
0.0974500568458665
0.0930882010705143
0.0974342318934719
0.0966144680165855
0.0966144680165855
0.0965561635017702
0.0969579444915768
0.096961861667744
0.0965833635156344
0.099862688802896
0.0969540276318979
0.0970755976216479
0.101095197978096
0.0965833635156344
0.0965522790360864
0.0926462072958888
0.0970324250020215
0.0944547207682317
0.0944733112895607
0.0957281321048223
0.096563933370886
0.0967001087876224
0.0968914008881712
0.0999708418377973
0.0971581248481904
0.0971227388612359
0.0970913062826166
0.0971345313258864
0.0968171366331841
0.100095925261709
0.0961037920954631
0.0990303280379616
0.0969853713731512
0.0957739734227224
0.0965872504829362
0.0969422789514077
0.0969579444915768
0.0966533768273529
0.0940991962360321
0.0940696899619802
0.0963739308517046
0.0969932104752667
0.0957739734227224
0.0957586881059729
0.0968171366331841
0.0967468859596082
0.0929152148664344
0.0966183574879227
0.0938783493056914
0.0962888665997994
0.0938710055931474
0.0969383633572986
0.0937976316098019
0.0913381032120566
0.0941139563154386
0.0947380886590613
0.0967741935483871
0.095625149414296
0.0959923206143509
0.0965367442982985
0.0956061028562323
0.0926426310507218
0.0960076806144492
0.0920739660860892
0.0924677326141399
0.0945291267871913
0.0993254148905351
0.0925497454881999
0.0952192025391787
0.0926104572641327
0.096688421561518
0.096065324420606
0.0959194276807482
0.0967468859596082
0.0925640234495526
0.0932075032040079
0.100954864762546
0.0942951438000943
0.0931821711445877
0.0969422789514077
0.098159509202454
0.0953591862682772
0.0952532147959994
0.0981755706455044
0.0968796673798087
0.092678405931418
0.0926569376882094
0.0915541313801785
0.0967001087876224
0.0925140698481227
0.0927357032457496
0.0890405876678786
0.0964707773936812
0.09282537226842
0.0968015165570927
0.0932545850170967
0.0914355379457482
0.0948616600790514
0.0942803268384664
0.0913763563677898
0.0943062595779795
0.0905523694536674
0.0947231321782374
0.0967273899725939
0.0955223880597015
0.096961861667744
0.0913937547600914
0.0969148764335326
0.0929440012392534
0.0968366688185926
0.0967624884086602
0.0942914391230896
0.0943025540275049
0.0914216059728783
0.0913624424226274
0.095222980479289
0.0965522790360864
0.0956747059996014
0.0980832890596265
0.0924926776630183
0.0924321201617562
0.0954805856142584
0.0928505106778087
0.0925319042294791
0.096207808867153
0.0981755706455044
0.0964785335262904
0.0965950253561942
0.0967585873246251
0.0964203929131011
0.0939592060447089
0.0969383633572986
0.091869545245751
0.0954653937947494
0.0960230455309274
0.0953137410643368
0.0914007159722751
0.0913867946081791
0.0913276760911755
0.0944101333543134
0.0924392404575742
0.0959961601535939
0.0935964433351533
0.0950607993028875
0.09807126511932
0.0957128614157527
0.0956823346489654
0.0956365809922295
0.0914669004154122
0.0904943252516873
0.0904227262451963
0.0890075656430797
0.0890075656430797
0.0929980237919944
0.0959654524371226
0.09618081994149
0.0924250009627604
0.096602801481243
0.096
0.0966183574879227
0.0930629338089883
0.0959616153538585
0.0918941685492208
0.0930521091811414
0.096
0.0965367442982985
0.0991407799074686
0.0926211793763507
0.0963971562838896
0.0953781345626515
0.0925640234495526
0.0889943636902996
0.0925640234495526
0.09282537226842
0.0950457407627421
0.0980552377839516
0.0993912287240651
0.0956175298804781
0.0993336368527793
0.0949254439742119
0.0955604220585308
0.0980552377839516
0.0950344499881207
0.0956785201722213
0.0948429164196799
0.0914007159722751
0.0918133129303749
0.0961499939906254
0.0961769656167348
0.0918273645546373
0.096188529517855
0.0914913083257091
0.092897232436617
0.0922154768308614
0.091757149411225
0.0942766233256079
0.0942285041224971
0.0943767204089658
0.0943767204089658
0.092760793104781
0.0913137769660998
0.0914947962334642
0.0914634146341463
0.0917606576180463
0.0923609774870117
0.0935563092036019
0.0936768149882904
0.0943433311057825
0.0941213380916899
0.0944770302720151
0.0894721145243066
0.0990262419541178
0.0939408172851104
0.0931785534029584
0.0895088203483385
0.0938526513374003
0.0936329588014981
0.0936731587369736
0.09214466712739
0.0933017144190025
0.0917536414726459
0.0942803268384664
0.0917641660931406
0.0923361034164358
0.0940033684540363
0.0915192190359976
0.0961345884237933
0.0939960051697803
0.0918519652493398
0.0952872513598285
0.0919927938978113
0.0952721209955937
0.0947455686707986
0.0936146975075087
0.0912166014214587
0.0931713187623743
0.0959577785774259
0.0939628846605591
0.091757149411225
0.096219380186826
0.0925033725187897
0.0924998072920681
0.0914634146341463
0.0939408172851104
0.0915087505242689
0.0896191187453323
0.091582080439594
0.0943618778013682
0.0882352941176471
0.0936731587369736
0.0940107328920052
0.0936914428482199
0.0962039523790436
0.0943322065875324
0.0911438553850828
0.0912235356722034
0.0912443447515493
0.09550718293605
0.0942877347371729
0.094749309119621
0.0944398536182269
0.0944101333543134
0.09439156768662
0.0911923398434532
0.0943062595779795
0.0941656530780398
0.0943841434638981
0.091757149411225
0.0944733112895607
0.0917115671214032
0.0937024167414985
0.0912131346913956
0.0944361375619737
0.0937353538509608
0.0938159643499335
0.0936256534290396
0.0955908710718126
0.096579476861167
0.0909504320145521
0.0914738727750886
0.0921411294966791
0.0908677873693776
0.0937097340986295
0.096867936712948
0.0895990442768611
0.0944249911476571
0.093859992178334
0.0934797849964945
0.0934106565990737
0.0935271423561046
0.0906686815262561
0.0933670492122155
0.0914111597790897
0.094321084692474
0.0941619585687382
0.0913381032120566
0.0931098696461825
0.0942914391230896
0.0917887329330325
0.0913833149297491
0.0933089693246763
0.0912859914039025
0.0913381032120566
0.0937097340986295
0.0923254472013849
0.0942285041224971
0.0943284989977597
0.0939040613506534
0.0921871398939848
0.0935198534855629
0.0937683141238523
0.092378752886836
0.0935526623528495
0.0921552816495795
0.0908540278619019
0.0914808461978273
0.0908609070947225
0.0911403941822048
0.088492312230375
0.0884401370822125
0.0884433962264151
0.0892657888864093
0.0884890494801268
0.0907681252600129
0.0908574673480977
0.0908196473170362
0.0850762141084722
0.0893488701090801
0.0850490804068181
0.0890108667433149
0.0854670417720167
0.0902561016885412
0.0855005343783399
0.0897968346615782
0.0875113947128532
0.0902900568074941
0.091547146780592
0.0887409872434831
0.091837906095741
0.0912235356722034
0.089113322441705
0.0886328384666519
0.0912651633266152
0.0873267110577448
0.0886459333678068
0.0892624688511176
0.0908093382269477
0.0939739222365794
0.0893688326196239
0.0890703284468361
0.0909987108515963
0.0937976316098019
0.0897666068222621
0.0893688326196239
0.0889317078593397
0.091855480710349
0.0890736342042755
0.0873171796550971
0.088885596829747
0.0885282183696053
0.0908299587480604
0.0885249529711187
0.0872410032715376
0.0907818587585581
0.0885151582208453
0.0907955964135739
0.0915401632466245
0.0868401056554619
0.087070091423596
0.0887409872434831
0.08869507372778
0.0871206621170321
0.0891530460624071
0.091869545245751
0.0913033553983109
0.0867616224423397
0.0884596955512145
0.0907372400756144
0.0908471496706791
0.0917852225791648
0.0886983516889644
0.0918941685492208
0.091855480710349
0.0893655049151028
0.0918625124397152
0.091869545245751
0.0891100137377938
0.091869545245751
0.0873012986068168
0.0873108265424913
0.0885706904823412
0.0872822489726152
0.0875592849325064
0.0867428075755385
0.0875976348638587
0.0885641536588066
0.0910090629858557
0.0885543502324552
0.0888757221152422
0.0873267110577448
0.0886164752796958
0.0908643471018059
0.0909607731665719
0.0908540278619019
0.0896191187453323
0.0918133129303749
0.0918062887307781
0.0887770955093586
0.0893455438909984
0.0917185768334161
0.0886754110474783
0.0866425992779783
0.0860523485120115
0.0861171911442822
0.0859537282429625
0.0887344252597331
0.0917501338022785
0.0894187779433681
0.0894021233004284
0.0874699322108025
0.088662307436551
0.0886786875554242
0.0893888040522925
0.0893588502494601
0.0886426592797784
0.0888987665296144
0.0892757504742774
0.0886033890796323
0.0867584860644182
0.0875528965416606
0.0827614745336046
0.0860832137733142
0.0861202813262523
0.0858369098712446
0.0862038001508566
0.0859383392415941
0.0827044350253282
0.0859568067046309
0.0864677907479464
0.0859783621122018
0.0860122567465864
0.0823214653220827
0.0847308031774051
0.0847337946617709
0.0857939515264174
0.0828586224754014
0.084319994378667
0.08302200083022
0.0860492632031838
0.0860153394021934
0.0849798172933928
0.0859845227858985
0.0849196801358715
0.0849166755121537
0.0858215626676202
0.0851516764236296
0.0828729281767956
0.0840394985643252
0.0835450969471229
0.0835450969471229
0.0835683693721926
0.0842548709847288
0.0835160246372273
0.0861233717300032
0.0836411793406287
0.0849106669025296
0.0857847517603746
0.087600832207906
0.0861079219288175
0.0821748955694035
0.0859968467822847
0.0827129859387924
0.0860122567465864
0.082093381221139
0.0821552048745422
0.0822255721529396
0.0860893894827462
0.0838808891374249
0.0821552048745422
0.0843318458132752
0.0861264623555587
0.0838310803730483
0.0862285775877555
0.0859137282978343
0.08587376556462
0.0842963014997717
0.0862099931750422
0.0859906843425296
0.0860338399770576
0.0836586726157278
0.0815577530839025
0.0815466684788149
0.0860646919601234
0.0860245886949353
0.0865738402712647
0.0819924157015476
0.0859075777642553
0.0858614768174013
0.0858584051801238
0.0838164419920374
0.0859752821063944
0.0840895553764759
0.0828786518405967
0.0875976348638587
0.082930200414651
0.0862007039724158
0.0862068965517241
0.0838720950550411
0.0842637455234885
0.0860986547085202
0.0842815002107038
0.0859845227858985
0.0860060920981903
0.0815466684788149
0.082573542060898
0.0859814423386952
0.0860060920981903
0.0829875518672199
0.0843318458132752
0.085726532361766
0.085778619679045
0.0839836231934773
0.0859906843425296
0.0838633028164092
0.0860338399770576
0.0860461781155887
0.0860924776697636
0.0838896850641407
0.0860461781155887
0.0823723228995058
0.082841462151807
0.0860585197934595
0.0828672053035011
0.0860153394021934
0.086095566078347
0.0844059928254906
0.0887606790191945
0.0841662283008943
0.0846590708666972
0.0862099931750422
0.0815632965165675
0.08295599875566
0.0843941205429355
0.0815466684788149
0.0859383392415941
0.0838779575717331
0.0875337369611204
0.0835712793370012
0.0875752599890531
0.0843941205429355
0.0877032706011328
0.0830766035515248
0.0875209685653855
0.0830277451048225
0.0844030244417092
0.0875528965416606
0.0841219768664564
0.0865988309157826
0.0841514726507714
0.0804882956603394
0.0807292542635137
0.0841573742899221
0.0833767587285044
0.0833709660610692
0.0794780938503825
0.0807319698600646
0.0794701986754967
0.0771480921919702
0.0773943889068043
0.0797130330809087
0.0851546977008232
0.080721108569891
0.07694527267481
0.0769847634322374
0.0770440756316009
0.0778134422721525
0.0797872340425532
0.0769995829189258
0.0738666092148595
0.0739280433711188
0.0770886197925031
0.0771530523676343
0.0777680567706814
0.0772847298254653
0.0773121154527591
0.0774568339519122
0.077451834640333
0.085097330071269
0.0804640091192544
0.0807021083425804
0.0807917592405575
0.0807156790206498
0.080563947633434
0.0803320390949257
0.0807591358772461
0.0805747666689049
0.0806912550852301
0.0875976348638587
0.077531901146826
0.0773121154527591
0.0779119594857811
0.0773071348043163
0.0774043733470941
0.0743287187587104
0.0741656365883807
0.0774893452150329
0.0775394158697338
0.0740809334197611
0.0841131321627589
0.0829130104332205
0.0876136239185193
0.0808244089715094
0.0798217314663917
0.080410091466479
0.0806858295511851
0.081513432734436
0.0807537012113055
0.0804667069000201
0.0804586141003721
0.0841426217438558
0.0804909950699265
0.0798137678749584
0.0837988826815642
0.0771753810534439
0.0804748013278342
0.0806126561870214
0.0772673127072535
0.0774468359740553
0.0772921967086406
0.0809771239624806
0.0774768376537431
0.0740877940359326
0.0774768376537431
0.0843170320404722
0.0766528265729799
0.0797527664240853
0.0840836632449287
0.0841072367268267
0.0841514726507714
0.0804073974805682
0.0766822161160458
0.0840777719390436
0.0807021083425804
0.0840836632449287
0.0803051596065047
0.0794623050690329
0.080740117746005
0.0841396718552798
0.0825849076081346
0.0797501163022529
0.0831427977551445
0.0804289544235925
0.0796892120729156
0.0833622785689476
0.0875656742556918
0.0837170364169108
0.0875050133080541
0.0826360913128809
0.0807482672767647
0.0836645053336122
0.0804262591736202
0.080745550583723
0.0805125968667181
0.0771431326540452
0.0772424447233755
0.0769625448948179
0.0772573635924674
0.0804559168622192
0.0771307365985345
0.080509896008051
0.0772573635924674
0.0771381737537364
0.0772822411849944
0.0840836632449287
0.0804667069000201
0.0766283524904215
0.0803293503363792
0.080561243328522
0.0803212851405622
0.0841898481074824
0.0807183937039653
0.0841013421172513
0.0766430350641885
0.0841573742899221
0.0744786494538232
0.0737191301142646
0.0739030023094688
0.0737191301142646
0.0771828268210323
0.0705903114797494
0.0737395151626878
0.0704866515903551
0.0707818444568968
0.0737078099566967
0.0708654442377536
0.0705239340601217
0.0703956823981463
0.0670747044520835
0.0772026892270081
0.0731216866735726
0.0778260587586744
0.0734731363845094
0.0770762412486351
0.0736783938110149
0.0738893506973307
0.0770341839191141
0.0732645460650833
0.0736919675755343
0.0739325981147188
0.0676628136453341
0.0676132521974307
0.0670615848887895
0.0703956823981463
0.0676532769556025
0.0704287349238489
0.0670747044520835
0.0708905626938414
0.0674915635545557
0.0744763382467029
0.0707672347703013
0.0744694054859129
0.0704370029055264
0.0705923877875169
0.0744555438357014
0.0744763382467029
0.0739667765895152
0.0708173502508114
0.0744601638123604
0.0670784538416389
0.0675352449559614
0.0708570753742139
0.0704060079793476
0.0704204688829553
0.0670465973851827
0.0703111267358059
0.0731328274979431
0.0734843845682792
0.0737599114881062
0.0778159652422022
0.0772772643848408
0.0770589179643602
0.0737010195307702
0.0770020533880904
0.0772921967086406
0.0671291116580891
0.0708277999114652
0.0670915800067092
0.0703440998886218
0.0670522169139217
0.0703771039821711
0.0705384434516812
0.0676857126741497
0.0770218228498075
0.0738188976377953
0.0776724165830609
0.0734663891269744
0.0700464057438053
0.0732488936365024
0.0710689961504294
0.0710963651983292
0.0738030074725545
0.0771010023130301
0.0704473406128919
0.0703894885030502
0.0703667868765942
0.0676952585112684
0.0708549834671705
0.0670634587978875
0.0675942094293922
0.0670709554816533
0.0677009873060649
0.0708048147274015
0.0705405167092849
0.0670653328117141
0.0699035912970029
0.0708236196771623
0.0739212123078818
0.0711047906852724
0.0771010023130301
0.0770985254907
0.0737191301142646
0.0737055463423623
0.0698832367585825
0.0771877914643167
0.0737576446725468
0.0706090026478376
0.07061315758503
0.0676876216261951
0.0675390460109751
0.0676933491284481
0.0769132162543264
0.0770886197925031
0.0772175927415463
0.0772200772200772
0.0769255424853361
0.0772200772200772
0.0769724182168056
0.0770391294578371
0.0738166271952757
0.0708675367625347
0.0671028350947828
0.0670484704567677
0.0703956823981463
0.0675390460109751
0.0676265885203866
0.0704101390600246
0.0709010339734121
0.0676494630323872
0.0612557427258806
0.0615163787358384
0.06732873253661
0.0664764700994377
0.0708759080975725
0.0643811363270562
0.0671178477543487
0.0646220953714424
0.0588581518540318
0.0646691097219228
0.0613246116107931
0.061434495469206
0.0636807471874337
0.058679706601467
0.0615084958609908
0.0613089459970367
0.0616570327552987
0.0610718102702428
0.0670897045257597
0.0587587219977965
0.0644572165225332
0.063653723742839
0.0646064391084311
0.0636790575499483
0.0644849266483959
0.0671854879346061
0.064177986950476
0.0707881075979235
0.066949341664807
0.0708131712498525
0.0670128999832468
0.0644433703882713
0.0670035456042882
0.0670728299144821
0.0671666853240793
0.0677659814772984
0.0643379889016969
0.0646673672298117
0.0645091925599398
0.0644849266483959
0.0645248017206614
0.0672212419124443
0.0609911054637865
0.0609926554677374
0.0614769845539076
0.0614628149969269
0.060748728073506
0.0614769845539076
0.0607579554947976
0.0614250614250614
0.0708424346183364
0.0612604334175664
0.0673174015483002
0.0607933532600436
0.0640768922707249
0.0673136253996747
0.0708236196771623
0.0675904021628929
0.0670091579182488
0.0675200450133633
0.0641248296684212
0.0675029532542049
0.0615795145481603
0.0646064391084311
0.064469336771698
0.0614990390775144
0.0636925771609034
0.0645855758880517
0.0615700359158543
0.0645473616265935
0.0614943117761607
0.0615211094306734
0.0640478223740393
0.0672118292819536
0.0678004407028646
0.0671723250020991
0.0671930119267596
0.0678042716691152
0.0640085344712628
0.0678042716691152
0.0640068273949221
0.066607460035524
0.0708089927420782
0.0675124476075276
0.0670185138644551
0.0610904647966197
0.0614769845539076
0.0614628149969269
0.0611184679637364
0.0645473616265935
0.0644624103569606
0.0614612410048913
0.0614927361705399
0.0645265365381513
0.0708884688090737
0.0671047113099399
0.0708528916836418
0.0667705319385711
0.0670840787119857
0.0666518551433015
0.0670672069302781
0.0676323056980218
0.0670447244182473
0.0708968450903935
0.0636452836192951
0.0645109265381824
0.0640461132015051
0.064356966641639
0.0640426951300867
0.0640068273949221
0.0670728299144821
0.0640854472630174
0.063631784076146
0.0672155940178121
0.0640495316377999
0.0587443397380982
0.0617093489663684
0.058799029816008
0.0617045892788276
0.0587803085966201
0.0611013518674101
0.058859595340282
0.0588523786169691
0.0536312849162011
0.0581705366232003
0.0610702562406168
0.058620942331648
0.0470745150344232
0.0470892930719878
0.0470920649870497
0.0470892930719878
0.0486440471847258
0.0470182587571507
0.0471207272298902
0.0471188770000982
0.0471188770000982
0.0452207337064044
0.0609183440363479
0.0560918035852011
0.0555825748627805
0.0609601219202438
0.0536468694816371
0.0560891817990605
0.0560983591229957
0.0581423518581327
0.0555658455269494
0.0555748523792984
0.0531232015582806
0.0511607085758138
0.0491571595354648
0.0512820512820513
0.0530891233658504
0.0511596180081855
0.0491430677560047
0.0508044030482642
0.053138492195284
0.0511378164152391
0.0586051963274077
0.0585451529492121
0.0561022931812338
0.0609508329947176
0.055936232694728
0.0609492851156767
0.0560970478928546
0.0560983591229957
0.05824111822947
0.0470726684318917
0.0471133271824267
0.0579234445141671
0.0513423895603808
0.0491179239490811
0.0511803467468492
0.0512875307190939
0.0513489805087828
0.0512656199935918
0.0512678102236558
0.0491340130205134
0.0512886267470188
0.0512765730157035
0.0512240411499797
0.0489685988859644
0.0490687166486067
0.0512415398082712
0.0512338826744087
0.0490647040785035
0.0489805914406416
0.0512995896032832
0.0512590504260909
0.0512809555351381
0.0581367181822586
0.0606918875177018
0.0582368785033122
0.060952380952381
0.0607456528892151
0.058620942331648
0.0581606688476917
0.0536252932633225
0.0536061289674119
0.0560551208688544
0.0536169071980698
0.0536193029490617
0.0536312849162011
0.0560904926614939
0.0536288880943868
0.0560865602579982
0.0536252932633225
0.0560839389619798
0.0560813179109709
0.0536312849162011
0.0555221394531069
0.0536252932633225
0.055532417048452
0.0533962222172781
0.0536300864785144
0.053398598286795
0.0561521723871692
0.0586180787924676
0.0609415468995988
0.060936904913038
0.0469924812030075
0.0489745944291399
0.0470164165654508
0.0490757402257484
0.0489735950699914
0.0512557662737058
0.049079754601227
0.0490737332842596
0.0512524825421231
0.0490757402257484
0.0609508329947176
0.0555619863410117
0.0536480686695279
0.0555684186154202
0.0555542695770931
0.0610407446970853
0.0555709919422062
0.05819592628516
0.0560931145701865
0.0536276897638147
0.0560852495793606
0.0581747666949461
0.0536193029490617
0.0536181050468041
0.0536205009048459
0.0536145116611563
0.0534318854776588
0.0536181050468041
0.0555838621520219
0.0536288880943868
0.0561456042670659
0.0561495449547294
0.056139037683329
0.0555915871398128
0.0507904260046981
0.0491682373186921
0.0607425780162486
0.05819592628516
0.0374187311931898
0.0374321542204754
0.0338528810212286
0.0387765983229121
0.0349940947465115
0.0349951152651609
0.0338528810212286
0.0417652791312822
0.0387196695921528
0.0417028670721112
0.0469786834223971
0.0268895511685751
0.0268805161059092
0.0268859364147604
0.0261957257307516
0.02553463134376
0.0261917234154007
0.0261860079430891
0.0249045326249377
0.0318454434478
0.031838261630915
0.0308951880744574
0.0291800408520572
0.0300228924554973
0.032835330815958
0.0291725923494877
0.0283758379739652
0.0291803956375309
0.0268874424440685
0.0291725923494877
0.0374321542204754
0.0433565170264655
0.0451017608479131
0.0417028670721112
0.0349940947465115
0.0416992442011989
0.0416970707807777
0.0374187311931898
0.0402164988186403
0.0470053664460026
0.0469786834223971
0.0470108908563817
0.0469989229413493
0.0433549505934209
0.0469088990090495
0.0434302672771032
0.0470108908563817
0.0451017608479131
0.0469915610988193
0.0470016842270181
0.0469989229413493
0.0469805226583146
0.0468969829607629
0.0450805815395019
0.0469777638584403
0.027610961551736
0.0276144561678038
0.0276147739040387
0.0276176338592191
0.0283795288998203
0.0283761734730072
0.0283775155485137
0.0276147739040387
0.0338528810212286
0.0338791643139469
0.0318272839391568
0.0300202636779826
0.0338825123882936
0.031843330812403
0.0309083182011359
0.0309091143250866
0.0268808171768422
0.0255313716729431
0.0283758379739652
0.0361641854017238
0.0361750874231279
0.0309091143250866
0.0300123801067941
0.0374321542204754
0.0417028670721112
0.0469786834223971
0.0469786834223971
0.0433549505934209
0.0469777638584403
0.0450805815395019
0.0434302672771032
0.0469980025848901
0.0434279096699479
0.0276176338592191
0.0283808712927487
0.0283781866338741
0.0276144561678038
0.0291814600457176
0.0283761734730072
0.0291800408520572
0.0283761734730072
0.0231803430690774
0.0291743654575513
0.0338839474798814
0.0338528810212286
0.0338839474798814
0.032835330815958
0.0338825123882936
0.0338528810212286
0.031838261630915
0.0349874628258207
0.0237294838837255
0.0237290146526665
0.0243033052495139
0.0237290146526665
0.0243033052495139
0.0243030591475702
0.0243030591475702
0.0237285454401645
0.0249040157725433
0.0231803430690774
0.0276144561678038
0.0349940947465115
0.0328321864868192
0.0291807504316319
0.0300228924554973
0.0283761734730072
0.0291814600457176
0.0309047361508151
0.0300202636779826
0.0283798644861471
0.0283802000804106
0.0416992442011989
0.0433549505934209
