0.000279513888889
0.00125
0.000300347222222
0.00214340277778
0.00207951388889
0.00224444444444
0.00222361111111
0.00326979166667
0.00322013888889
0.0021
0.00331736111111
0.002846875
0.00229479166667
0.000795138888889
0.00155347222222
0.00759623015873
0.00775491071429
0.00570629960317
0.00725317460317
0.00711984126984
0.0075847718254
0.00768720238095
0.00552886904762
0.00553129960317
0.00739241071429
0.00573581349206
0.00224305555556
0.00357336309524
0.00272847222222
0.00196215277778
0.00216840277778
0.00538621031746
0.0034339781746
0.00234513888889
0.00485600198413
0.00252951388889
0.00722886904762
0.00706220238095
0.00739136904762
0.00794900793651
0.00777817460317
0.00545595238095
0.00756567460317
0.00548199404762
0.00453859126984
0.00470178571429
0.00809657738095
0.00354047619048
0.0071128968254
0.00747261904762
0.00492748015873
0.00520317460317
0.00127743055556
0.00774171626984
0.00736671626984
0.00700560515873
0.0071785218254
0.00698511904762
0.00540907738095
0.00543616071429
0.0070160218254
0.00530213293651
0.0072285218254
0.00285902777778
0.00223333333333
0.00292673611111
0.00210833333333
0.00240590277778
0.00244861111111
0.00268888888889
0.00235138888889
0.00265069444444
0.00245902777778
0.00549866071429
0.0025375
0.00263541666667
0.00753110119048
0.00366408730159
0.00268819444444
0.00749637896825
0.0053064484127
0.00713040674603
0.00626443452381
0.00427728174603
6.94444444444e-05
0.00707886904762
0.00511810515873
0.0071097718254
0.00505143849206
0.00712157738095
0.00543199404762
0.00708373015873
0.00762886904762
0.00690629960317
0.0076191468254
0.00334097222222
0.003165625
0.00129652777778
0.000538194444444
0.00189722222222
0.000508680555556
0.00195763888889
0.00237222222222
0.00211527777778
0.00221944444444
0.00525282738095
0.00702504960317
0.00284097222222
0.00258506944444
0.00248958333333
0.00233159722222
0.00240451388889
0.00240590277778
0.00292361111111
0.00263854166667
0.00224444444444
0.00243888888889
4.86111111111e-05
0.00288159722222
0.00421443452381
0.0076785218254
0.00346755952381
0.00383943452381
0.00814032738095
0.00414985119048
0.00349672619048
0.00728839285714
0.00700873015873
0.00785109126984
0.00584370039683
0.00616324404762
0.00649484126984
0.00636498015873
0.00709176587302
0.00701870039683
0.00651919642857
0.00662609126984
0.00603606150794
0.00579995039683
0.00608060515873
0.00690386904762
0.00631254960317
0.00505143849206
0.00706984126984
0.0053160218254
0.00720873015873
0.00545456349206
0.00689206349206
0.00684761904762
0.00547802579365
0.00591899801587
0.00643174603175
0.0055222718254
0.00613253968254
0.00584474206349
0.00656507936508
0.00545386904762
0.00592098214286
0.00584350198413
0.00597713293651
0.00598893849206
0.0068628968254
0.00574320436508
0.0061091765873
0.00723482142857
0.00550153769841
0.00581607142857
0.0060029265873
0.00608278769841
0.00591750992063
0.00687886904762
0.00624365079365
0.00554241071429
0.00612584325397
0.00565391865079
0.0045625
0.0054056547619
0.00497336309524
0.00496641865079
0.00488447420635
0.00447152777778
0.00528511904762
0.00463125
0.00594935515873
0.00638581349206
0.00633556547619
0.00516636904762
0.00564241071429
0.00544588293651
0.00623695436508
0.0066941468254
0.00682738095238
0.00516185515873
0.00564007936508
0.00483754960317
0.00486324404762
0.00501775793651
0.00662296626984
0.00557827380952
0.00608695436508
0.00591403769841
0.00574945436508
0.00627271825397
0.00496706349206
0.00656488095238
0.00578556547619
0.00547782738095
0.00596091269841
0.00661195436508
0.00610595238095
0.00531587301587
0.00595719246032
0.00597609126984
0.00624573412698
0.00600778769841
0.00585396825397
0.00683998015873
0.00699206349206
0.00547157738095
0.00566463293651
0.00565456349206
0.00674241071429
0.00561741071429
0.0068066468254
0.0068847718254
0.0063660218254
0.00512881944444
0.00506770833333
0.00591527777778
0.00505173611111
0.00510347222222
0.00498645833333
0.00529156746032
0.0051630952381
0.00524642857143
0.00512013888889
0.00693650793651
0.00602921626984
0.00620734126984
0.00580287698413
0.00594975198413
0.00513998015873
0.00713338293651
0.0059347718254
0.00646989087302
0.00578695436508
0.00678511904762
0.00542018849206
0.00812451223545
0.0078515707672
0.00738733465608
0.0086365162037
0.00649465112434
0.00683423445767
0.00630734953704
0.00606615410053
0.00711545965608
0.00559136078042
0.00692257771164
0.00543759093915
0.00718299437831
0.00553119212963
0.0070750082672
0.0068375082672
0.0075156332672
0.00840628306878
0.00509222883598
0.00547097387566
0.00565500165344
0.00248407738095
0.00596923776455
0.00345064484127
0.00426941964286
0.00696167328042
0.00431123511905
0.00579188161376
0.00584743716931
0.00821895667989
0.00649519675926
0.00809658564815
0.00697659556878
0.00681012731481
0.00636533564815
0.00792644675926
0.00647352017196
0.00608912037037
0.00782798445767
0.00690333167989
0.00379092261905
0.0064367146164
0.00638760747354
0.00627758763228
0.00766761739418
0.00703564814815
0.0059906332672
0.00645759755291
0.00616553406085
0.00637352017196
0.00637525628307
0.00405089285714
0.00648606977513
0.00634212136243
0.00511936177249
0.00550864748677
0.00620343915344
0.00734554398148
0.00531836970899
0.00533816137566
0.00708646660053
0.00754891699735
0.000107638888889
0.00790222387566
0.00607687665344
0.00489851190476
0.00499503968254
0.00381592261905
0.00497358630952
0.00468467261905
0.00479156746032
0.00698039021164
0.00764358465608
0.00811511243386
0.00764289021164
0.00620643187831
0.0066328207672
0.00602795965608
0.00513042328042
0.00653029927249
0.00770564649471
0.00504284887566
0.00916806382275
0.00522270998677
0.00654800760582
0.00646938657407
0.00527243716931
0.00537590939153
0.0036777281746
0.00591715443122
0.0039964781746
0.00374161706349
0.00378745039683
0.00371453373016
0.00486664186508
0.00413883928571
0.00334508928571
0.00399441964286
0.00368189484127
0.00593195271164
0.0063552662037
0.00615524140212
0.00694479993386
0.00638056382275
0.00622570271164
0.00674341104497
0.00668512731481
0.00663195271164
0.00580452215608
0.00629865244709
0.00649066633598
0.00679060846561
0.00688435846561
0.00664976025132
0.00702575231481
0.00677980324074
0.00656080522487
0.00598243220899
0.00701977513228
0.00627776124339
0.00708031580688
0.00700149636243
0.00640645667989
0.00661429398148
0.00727505787037
0.00702748842593
0.00728145667989
0.00640963128307
0.0074277364418
0.00620737433862
0.00618449074074
0.00686042493386
0.00657394179894
0.00696806382275
0.0059695271164
0.00663076223545
0.00611908068783
0.00590720899471
0.00590142195767
0.00527359457672
0.00556129298942
0.00675831679894
0.00622391699735
0.00560424933862
0.00573961640212
0.00711843584656
0.00564889219577
0.00683817791005
0.00710667989418
0.00664100529101
0.00708956679894
0.00660645667989
0.00607691798942
0.00634303902116
0.00681731977513
0.00693934358466
0.00774738756614
0.00589587466931
0.00624324570106
0.00653773974868
0.00586115244709
0.00623630125661
0.00674420469577
0.00737593419312
0.00591755125661
0.00593190310847
0.00620551421958
0.00673544146825
0.00711632771164
0.00700046296296
0.00610271164021
0.00633832671958
0.00564172453704
0.00569143518519
0.00568805390212
0.00564169973545
0.00575387731481
0.00686496362434
0.00562156084656
0.00586069775132
0.00610419973545
0.00661275628307
0.00674011243386
0.00716501322751
0.00594055886243
0.0071732473545
0.0072453207672
0.00534899140212
0.00690836640212
0.00722151124339
0.00610767195767
0.00574519675926
0.00682748842593
0.00568914517196
0.00734651124339
0.0069830026455
0.00709758597884
0.00778070436508
0.00729780919312
0.00751251653439
0.00774183201058
0.00702159391534
0.00746013558201
0.00659932208995
0.00726787367725
0.00648098544974
0.0064666005291
0.00627860449735
0.00673686342593
0.00602911706349
0.00668176256614
0.00691279761905
0.00600790343915
0.0057093832672
0.00692505787037
0.00690819279101
0.0062390542328
0.00713790509259
0.00596233465608
0.00561846064815
0.00689291501323
0.00585124834656
0.00698812003968
0.00673409391534
0.0068990244709
0.00669242724868
0.00708082010582
0.00755284391534
0.0068742228836
0.00733220899471
0.00725466269841
0.00752847222222
0.00692442956349
0.0074742228836
0.00760776289683
0.00738578042328
0.00738623511905
0.00701832010582
0.00774905979437
0.00867976415945
0.00847549828644
0.00775650027056
0.00403435019841
0.00833834550866
0.00860521058802
0.00860521058802
0.00786265106421
0.00853105384199
0.00783872579966
0.00782549828644
0.00775125886845
0.00807173671236
0.00771707401395
0.008047059133
0.00934465337903
0.00738270728114
0.00773042553511
0.00818707236051
0.00490616732804
0.00474281580688
0.00578559854497
0.00586951884921
0.00542627314815
0.00403038194444
0.00859632335257
0.00815170529702
0.00965034120972
0.00881493281025
0.00362261078042
0.00387512400794
0.00405832506614
0.0041209077381
0.00401157407407
0.00406068121693
0.00835843479437
0.00403075396825
0.00413347387566
0.00868646885522
0.00753792388167
0.00751900027056
0.00754339676527
0.00871313882876
0.00785770728114
0.00896986005892
0.01089347117
0.00795113486051
0.00782978069384
0.00622894345238
0.00625064484127
0.00603659887566
0.00525729166667
0.00807878863035
0.00822611005892
0.00798403003247
0.00875292884199
0.00780558261183
0.0108709843975
0.00878973439755
0.00866713188432
0.00936728069384
0.0086636596621
0.00401851851852
0.00398871527778
0.00407060185185
0.0037890625
0.00461053240741
0.0129785736833
0.00449206349206
0.0045794890873
0.00468679728836
0.00357973710317
0.00931695827321
0.00793463353776
0.00752594471501
0.00787133161977
0.0060577899531
0.00759826614358
0.00876007996633
0.00885723605099
0.00794945661977
0.00794877044252
0.011334898088
0.00794233856421
0.00835694669913
0.00866265106421
0.00780987328644
0.00860868281025
0.00862338188432
0.00756632169913
0.00794907632876
0.0101968772547
0.0049039021164
0.00490835813492
0.00564150132275
0.00496267361111
0.00776918214887
0.00759982037638
0.00774280979437
0.00773445992665
0.00846883492665
0.00752811898749
0.00709296687109
0.00739270232083
0.00642021479678
0.00707038089226
0.00747334054834
0.00701916561448
0.00819945661977
0.00579520728114
0.00753393082612
0.00702542388167
0.00672404325998
0.0071337654822
0.00862942520443
0.00863984187109
0.00893758492665
0.00726397381554
0.00635164742665
0.00707734187109
0.00714059418591
0.00689376728595
0.00709255200818
0.00718456589707
0.00677079274892
0.00677171867484
0.00690939228595
0.00703230143699
0.00666945421477
0.00726818858225
0.00671025282588
0.00651744603776
0.00734604226792
0.0067722575457
0.00812074464887
0.00711457732083
0.00769535609067
0.00592884574916
0.0084072029822
0.00855878201659
0.00768465007215
0.00701353565416
0.00823818768038
0.00822047934704
0.00726010476792
0.00774831499519
0.00792425745551
0.00696177474146
0.0070854099026
0.00761718148749
0.00756904761905
0.00714630456349
0.00685094471501
0.00710481150794
0.00753994934464
0.00718536706349
0.00790360675204
0.00879348770443
0.00677495039683
0.00706882665945
0.00690168650794
0.00777985885642
0.00715850468975
0.00718599311568
0.00741932644901
0.00713675595238
0.00700555330087
0.00745318061568
0.00730064484127
0.00687564484127
0.00694682539683
0.00648317700818
0.0074241492304
0.00610164742665
0.00572502705628
0.00704695992665
0.00742881268038
0.00686492379149
0.00785453192641
0.00629252795815
0.00754404912217
0.00691123662217
0.00743843644781
0.00764417388167
0.00680667388167
0.00735221786316
0.00682744032588
0.0064324750481
0.00766874774531
0.00759814589346
0.00681702365921
0.00692726671477
0.00755752089346
0.00783338894901
0.0071441528379
0.00756371302309
0.0072118904822
0.0063925617785
0.00749501713564
0.00797404325998
0.00700355714887
0.00735511964887
0.00677815205628
0.00705997174122
0.00655099356662
0.00782879354442
0.00864499724812
0.00923110835923
0.0079040250259
0.00839592317405
0.00739618246337
0.00756891384079
0.00713604347042
0.00633098469817
0.0081395389911
0.00604150357744
0.00731882139851
0.00605284617003
0.00762272351491
0.00703071939634
0.00806534917629
0.00707086114117
0.00669400928932
0.00631241131554
0.00736727843915
0.00836930280368
0.00844279817405
0.00729591299904
0.00724852317821
0.00822641669673
0.00725957040645
0.00747468058562
0.00737345929533
0.00704938522126
0.00717480684824
0.00581141098485
0.00632288284632
0.00737545244108
0.00726126518158
0.00598687394781
0.00619077456109
0.0058591112013
0.00825397426647
0.00614970463564
0.00654975129038
0.00644525844526
0.00701180937118
0.00713529421967
0.00670844236782
0.006237377553
0.00648731066387
0.00717133844165
0.0066319272163
0.00637639270452
0.00702697435666
0.00670454169673
0.00831143243331
0.00672815280784
0.00606019194925
0.0076853753885
0.00599861787518
0.00775574575887
0.00634007936508
0.00701597898629
0.00612104001323
0.00579144194925
0.00687980931106
0.0060020900974
0.00834272452085
0.00614113681457
0.00638067806037
0.00616254885161
0.00579242950337
0.00801195962602
0.0056740101912
0.0072382996633
0.00552603640572
0.00823758984071
0.00751650964776
0.00773525964776
0.00744423857393
0.00692642502174
0.0076035466848
0.00668281857032
0.00678896335146
0.00717873983655
0.00746461946618
0.00710652362684
0.00706286075036
0.00751234818422
0.00699626247595
0.00824225213444
0.00731118250962
0.00837062965969
0.0082930833634
0.00811599216755
0.00827571438978
0.0071688485126
0.00637266795704
0.00814673335923
0.0086409463222
0.00940263613701
0.0071145900974
0.0070020900974
0.00627179232804
0.0061242228836
0.00743788029101
0.00682676917989
0.00634627675565
0.00671334325397
0.00725801917989
0.00639389880952
0.00725269510582
0.0074322029822
0.00685841299904
0.00712653769841
0.00681488621332
0.00722838955026
0.00661033399471
0.00714389880952
0.00717332476551
0.00741300129269
0.00767367198773
0.00761986306518
0.00859452411015
0.0086082972583
0.00738513032107
0.0067764602874
0.00728123947811
0.00691867258899
0.00828572781385
0.00626039192289
0.00904660588254
0.0101012718763
0.0100200534419
0.00966392970455
0.0111745673308
0.0102253880379
0.0110656658157
0.00931006996476
0.0105106784419
0.0105223127567
0.00968611163142
0.00828087173243
0.0108875295422
0.0104108419937
0.00796530731999
0.00698549072455
0.00764412676444
0.00641473856005
0.00677990360334
0.00936647079772
0.00679139350233
0.00728475176444
0.00756862171393
0.00615640522672
0.00960060870842
0.0109486516377
0.0100034496175
0.00998851906196
0.0103871216168
0.0104787882835
0.0102059614575
0.0104961493946
0.0101399892353
0.0103767947909
0.0101851281242
0.0106666708292
0.0108946380009
0.0106663236069
0.0102345685564
0.0104674197909
0.0100328008797
0.0118307175463
0.00625915710447
0.00599112744894
0.00648286667037
0.00958980226949
0.00783115327959
0.00624884299728
0.00643826850233
0.00615389350233
0.006515253034
0.0072699745856
0.0101665190712
0.0115205594752
0.0078097833301
0.00787872272404
0.00707970432345
0.0100486213439
0.00743243995588
0.00719669583888
0.010469602793
0.010200852793
0.0104689083486
0.00814876945971
0.00869820127789
0.0104839651668
0.00992840961122
0.0102350068334
0.010174499112
0.0106126935564
0.0102494929261
0.0109644985223
0.010074725795
0.0100400035728
0.00994783185564
0.0112317907787
0.0103943596334
0.0102783874112
0.00753243024337
0.00636342222592
0.00866230106699
0.00661083794678
0.00967884898666
0.00814944413226
0.00652512932669
0.00681708794678
0.0065112404378
0.00619712307369
0.00648167128011
0.0108199500153
0.0080814083486
0.0111618642353
0.0104646190615
0.00861335279304
0.00865154723748
0.00735012678294
0.00814460279304
0.00906566679848
0.0102351962274
0.00711836473711
0.0102983906718
0.00721755154568
0.0108320712274
0.00922597905567
0.0107329866314
0.00866458385365
0.00966631996476
0.00843361794456
0.0102458338536
0.00997017097486
0.00990801819708
0.00820179976274
0.0111312908157
0.0105851305523
0.0103064373705
0.0108709063506
0.00912641843111
0.0110975989867
0.0107696633806
0.00619903239122
0.00605012314075
0.00570488070957
0.00734434772404
0.00969879403004
0.00633291852823
0.00766170883515
0.00627338569995
0.0074696633806
0.00631033289627
0.00864111079892
0.00694000461344
0.00961117349086
0.00944797904642
0.0110024710822
0.010174914264
0.00959554849086
0.00994804217773
0.00983061793531
0.00981603460197
0.0104375623797
0.00991395126864
0.00966007881008
0.010077095474
0.0101582625708
0.009751254995
0.00983160658786
0.00973357822733
0.00970900557776
0.00969992923743
0.00971416534854
0.0101537656788
0.0119083421208
0.0112238455988
0.00920165563603
0.0122579948986
0.0110460678211
0.0101528159341
0.0099291732573
0.00964643105737
0.00875245766965
0.00970545883515
0.00889295883515
0.00958045883515
0.00942848754255
0.00937021502803
0.00976622272404
0.0106954125735
0.0105845282033
0.0107425143144
0.00997316156066
0.0103988532301
0.00994538378288
0.0105409675972
0.00981119817682
0.0094469795251
0.00985510600511
0.00965682344276
0.00930790661884
0.00851448661292
0.00897295349327
0.00895076266326
0.00957004216848
0.00823930259555
0.00950839981777
0.00978687394781
0.0095870723027
0.00958186396936
0.00712951198107
0.00941448528324
0.00837603975885
0.00973726955914
0.00856164581946
0.00836436046592
0.0094490751147
0.00723052208208
0.00868108540765
0.00932105764606
0.0102600838398
0.00985427558553
0.00911006036787
0.0105492635836
0.0107466830045
0.00938416577635
0.0103740628584
0.00940706030081
0.00901820430727
0.010711802954
0.0100931110556
0.0100503045566
0.00902835122054
0.00978340172559
0.00983580071549
0.00946237899832
0.00887685601436
0.0092455132252
0.00984070113914
0.0090568531006
0.00859278400997
0.00834346926222
0.0082756031006
0.0104301032301
0.0106468014624
0.0104578810079
0.00890076092889
0.00859583847865
0.00851297863017
0.00820458037333
0.00811909531441
0.00844763592889
0.00896868941244
0.00879465754153
0.00829645585896
0.00848821924603
0.0114775438682
0.0103686739187
0.0104790905853
0.0106292484136
0.0112724933631
0.0104658961409
0.0112213715682
0.010592899346
0.0109146192927
0.0118418832325
0.0112843522219
0.0118463715682
0.0106328733766
0.00912556933807
0.00950208784271
0.00899046832797
0.00956338499463
0.00958753272191
0.00907153228716
0.0089800516613
0.00968848790099
0.00891928777241
0.00966197274947
0.0108459999491
0.0122458421208
0.0109208105552
0.0111701792421
0.0109747294372
0.0121309431309
0.0108562587875
0.0113043575637
0.00979268555519
0.0109378560097
0.00826820661977
0.00712063717532
0.0089249019499
0.00795349702381
0.00853386804168
0.00802672934704
0.00691909045815
0.0086761173433
0.00938063169469
0.00892577058358
0.00993992147898
0.010387322342
0.00973000986282
0.0101202768875
0.010111796479
0.00871983855265
0.00998138799858
0.00989541800792
0.0104466657764
0.00896048505892
0.0099895159817
0.00982219944407
0.00898788537851
0.0101286417865
0.00987345987346
0.0101531051703
0.0103030731999
0.0104055280368
0.0106416148666
0.0108146043771
0.0106400608651
0.00962779882155
0.00898803973804
0.012199632761
0.00994294478669
0.00898096174659
0.00951928973804
0.00982702089577
0.00977507110945
0.00957137307137
0.00928317862693
0.0103925975645
0.0101370393784
0.0129740456167
0.0111246756579
0.0116090506579
0.0106758128735
0.0103883128735
0.0115996756579
0.0119163423246
0.0111368284357
0.0115174483945
0.0109856642064
0.012029230825
0.0106802724917
0.00983362251175
0.00897415084915
0.0105442215192
0.0100371231199
0.0101258187414
0.0105015638875
0.00991401318589
0.0102385043776
0.0110034816457
0.0104159959832
0.00947945584508
0.0101464704277
0.0106225932054
0.0105826626499
0.0099374613234
0.0108692545302
0.009572003922
0.0103239820943
0.0105896070943
0.0102624018632
0.0100985969181
0.0108559900611
0.0101928238717
0.0106120393784
0.0102396988717
0.0110349713076
0.0110681962577
0.00893634611916
0.00892686809718
0.00963391700892
0.0091447292291
0.00946777406621
0.00848398164336
0.00921206021987
0.00938040084915
0.00935435918248
0.00926097166722
0.00934394251582
0.00911668435731
0.00896081574675
0.011567594934
0.0112491921562
0.00971566847504
0.00869281777251
0.00917245723027
0.00936203351047
0.00883546014171
0.00933545765577
0.00981847388722
0.0102064925237
0.00902102584915
0.00893668628825
0.00988912534225
0.010580461957
0.0105603259588
0.0122473465192
0.0097255897459
0.0108274543165
0.0105374799833
0.0124624064015
0.00887020600927
0.00907124767594
0.0107344905384
0.0108317127606
0.0105417822051
0.0114729024737
0.00948366858836
0.0084958359349
0.00993947256447
0.00875005896881
0.0120129113806
0.00910508906603
0.00941027722278
0.0100505836756
0.0114684669361
0.0118941613806
0.00968658263033
0.0114024947139
0.0101564864534
0.0110344391583
0.00898803973804
0.00876399832806
0.0108143610883
0.0104594198489
0.0106174059601
0.0107306197139
0.0115235910944
0.00888131255319
0.00863381254163
0.010806374297
0.0102419202904
0.010976698822
0.0113584576303
0.0109651336511
0.0111734746157
0.00915462910932
0.0125701788374
0.0102235753251
0.0108854260901
0.00978635363479
0.0103929433414
0.00896927175833
0.011086681432
0.0097329280673
0.00919738195832
0.00805707643051
0.00882992823149
0.00914329541986
0.0101223285395
0.0106707397348
0.0103837476759
0.0102670149295
0.00906468479437
0.00896746257215
0.0096603542291
0.00988965444278
0.0088708359349
0.00955029113044
0.00991532366735
0.0100867423528
0.00958182381514
0.00726053645429
0.0096451462923
0.00956126966545
0.0109738497937
0.011046235639
0.00962334949738
0.011010575221
0.00954160346564
0.011186994186
0.0101037257184
0.009336180107
0.0102664242552
0.0105023482917
0.00875949058091
0.00896151811322
0.00790129420722
0.00761296621577
0.0119384555872
0.00786391716263
0.00943652330105
0.00857000486578
0.00874998210701
0.00967208183973
0.00870371939981
0.00890781917735
0.00961173697626
0.00919905382608
0.00842001631266
0.00856340764355
0.00898583064879
0.00856452724155
0.00866856255808
0.0076650495491
0.00726414142944
0.00782397048927
0.00739434976278
0.00808026890729
0.00759204012219
0.00781355382261
0.00800895480473
0.00776707946363
0.00856008200337
0.0115007992552
0.0105133105933
0.0105021538034
0.00993850688901
0.00924659220647
0.0108321484616
0.0100297788472
0.00917229967745
0.0100090979299
0.00875259760494
0.0105222923744
0.0102442476947
0.00839022912851
0.00752963288244
0.00972130050471
0.00875306160513
0.0082776342547
0.0103628372462
0.00979339280171
0.0107310613321
0.00960164238505
0.0121089607764
0.0114506083649
0.0094458884168
0.0090761468022
0.0120761043967
0.00803202409655
0.00776192749754
0.00959090364293
0.00901360842657
0.00728297235172
0.00718791445823
0.0074484646719
0.0103908845648
0.00756817152755
0.00868425969285
0.00777623401245
0.00760602177133
0.00764776179023
0.00767212754056
0.0102400121546
0.0103524778139
0.00982212448669
0.00888353703248
0.00962546717138
0.0108745590517
0.00946430053981
0.010505141332
0.0116102161183
0.0123009002606
0.0120185837923
0.0113534796256
0.0103754459916
0.00916325887314
0.00915456114725
0.00753737742377
0.00779190657518
0.00794989268629
0.0104218270615
0.00895914335868
0.00929869671961
0.00909172644655
0.0107069499247
0.00900257046365
0.00893457436661
0.010386180107
0.00792366990988
0.00818653798544
0.0107485479101
0.00934188447208
0.01039068773
0.00786994043368
0.00854584430412
0.00823638536028
0.00864673334563
0.00750384567774
0.00730233587389
0.00803751097078
0.0105031724675
0.0112520393346
0.0103197742685
0.0119483800377
0.0102227752606
0.0100682613717
0.0114083159352
0.0116254633711
0.0104282716739
0.011930725232
0.0100612272599
0.0097489853284
0.00998147285891
0.00780682008113
0.00773995500177
0.0101050715692
0.00820602643034
0.00898155966446
0.0100382436922
0.00982470202558
0.00818121244224
0.00801269827157
0.0101456618885
0.00816160700173
0.00824569678347
0.00834395563927
0.0090762066314
0.00866181760097
0.00823013357319
0.00820883046862
0.00998152566898
0.00960193737533
0.00860942182307
0.00986402251752
0.0102242419974
0.00978173085085
0.00904968720005
0.00988105071841
0.00875927301355
0.00886641587069
0.00946798827194
0.010373713169
0.009953760292
0.010455260788
0.00955662166843
0.00960246497783
0.00967963754145
0.0094867035691
0.00986440936685
0.00950701849383
0.00992244508113
0.0083668399224
0.00765354627161
0.00990220698589
0.00903712229696
0.00821720712736
0.0103295167404
0.00808180286149
0.0080681123853
0.0101781278515
0.00913754442895
0.00999367844676
0.00907092686045
0.00958437464462
0.0081471226605
0.00797053535891
0.0100985115494
0.010093848851
0.00826309488272
0.00958923575573
0.00898794607319
0.00916285926764
0.00935662166843
0.00966031659143
0.00966656199873
0.0087708801564
0.0100040944282
0.00899216182952
0.00953346696196
0.00941089751752
0.00924894103718
0.00951480165226
0.00970673648247
0.00995254966813
0.00995834417999
0.0089021103284
0.0080925097795
0.00852190199506
0.00825670868823
0.00826462437685
0.00800114073189
0.0101640653515
0.00844873731252
0.00929128896362
0.0084700666776
0.00868771759286
0.00951686793088
0.00877644571863
0.00841237818554
0.0100442736849
0.0101646853912
0.00993322457771
0.0100929266523
0.0109924215609
0.00846008294878
0.00864495398052
0.00941122382179
0.00807873374243
0.00962660720781
0.010627216962
0.00939321786941
0.00836427550697
0.0097896853912
0.00975446713723
0.010119447296
0.00946618975727
0.011436213169
0.0102218158476
0.00931922342364
0.00813139866839
0.00942601118585
0.00937680186949
0.00926065900331
0.00849655477284
0.00955319372553
0.00934204088395
0.00712573548796
0.00852957964727
0.00927755675697
0.00968476227612
0.00965220698589
0.00828717977284
0.00822276771601
0.00983115364517
0.00967003013327
0.00963997060946
0.0098711338039
0.0105175375737
0.00803974973148
0.00854868431371
0.00720851567754
0.00865302459149
0.00715894970532
0.00843184326397
0.00895060159408
0.0084052150685
0.00797983490842
0.00727839862854
0.00898462937185
0.00699113862037
0.00723707470532
0.00718985057188
0.0108558791844
0.0108892125178
0.0107097956469
0.0113980221637
0.010750813825
0.0109653971583
0.010638313825
0.0108774069622
0.014110634743
0.0111935221583
0.00873151914976
0.0100161244124
0.00948574270569
0.00845953423619
0.0089774746788
0.00976080801213
0.00857619069044
0.00976056909458
0.00995594690102
0.00906414326074
0.00707871903593
0.0117998246555
0.0100407392697
0.0117171857666
0.0131341332748
0.0101517244276
0.010043825122
0.0100382797789
0.00974104734427
0.0106130374287
0.00958653345538
0.00982784340013
0.00979528791266
0.00942699048296
0.00696589862854
0.0093853238163
0.00944435159408
0.00702620806481
0.00926379603852
0.00694981917592
0.00865824048296
0.00958261430155
0.00817844763488
0.00938128074474
0.00996150245658
0.00816989303248
0.0105607804842
0.00931202328991
0.00862827742791
0.00672284307298
0.00855799284627
0.00686422889814
0.00970589109427
0.0103700686787
0.0108342179842
0.0103679329995
0.0106461971509
0.0108491829995
0.0101464575676
0.0108714052217
0.00973505776094
0.0106930721509
0.00948560483804
0.00973157263488
0.00987906548619
0.00983521846821
0.00976212819044
0.0091384488163
0.00907386548296
0.00989920437508
0.0083915738163
0.00954182590286
0.00986824372693
0.00998109094915
0.00978522868063
0.00714139264705
0.00800744902055
0.00750235057188
0.00884254345532
0.00938407190102
0.00956621121799
0.00936020037324
0.00932827742791
0.0125290683072
0.0152640201596
0.0128138311942
0.010457233972
0.0114732061942
0.0103721645275
0.0106012318731
0.00935889828991
0.0109727941106
0.0098595059288
0.00904065574474
0.0102989749287
0.0109871170272
0.0096993496788
0.00958058630029
0.0104418568731
0.00963461423347
0.00970501013488
0.00936256562235
0.00779817103852
0.00865562084705
0.0113785689929
0.00990606121238
0.0105040980986
0.00991477580933
0.0104780564319
0.0100573973371
0.0101361294642
0.00969645932529
0.00993474057529
0.00989825680694
0.00955945648349
0.0119993994921
0.00847313028165
0.00843427203002
0.0105279738385
0.0127594842552
0.00839035863132
0.0126401266163
0.0119845710607
0.0112567028927
0.00970389385055
0.0109659036541
0.00983193204499
0.00968058400578
0.0100580917815
0.0101952328254
0.00973906311285
0.00871235083071
0.00876127001644
0.0102602490776
0.010397488661
0.0115293462999
0.00982948924266
0.0109229349041
0.00960032257599
0.0102226616789
0.0100758664956
0.00931221923743
0.00992212024015
0.0100688190572
0.0101789089265
0.0102496554542
0.00998882032078
0.00887954899355
0.0100757635016
0.00991502003758
0.00903232023216
0.0108426139918
0.0101164855196
0.00848584474244
0.0111504139257
0.0127302426974
0.0107072047655
0.00980213928578
0.00890720912152
0.00828871953819
0.0108349982802
0.010055611508
0.0111463800204
0.00993875110017
0.00893766607516
0.0089833921781
0.0101117956658
0.0101557856577
0.0115345362117
0.0107352612934
0.010240167466
0.0109281098235
0.0108582313513
0.0123695501149
0.00992724176793
0.00871964285571
0.00982250743904
0.00861669146682
0.0089060117242
0.0102635108136
0.0101341314481
0.012698493991
0.00635999567195
0.0100423473387
0.00676798178306
0.00980386440355
0.0100668893641
0.00888384663072
0.00975046196619
0.010012906067
0.0100226144036
0.0104993045588
0.00849575078819
0.00912224057529
0.00916954960307
0.00667369646768
0.0099741244085
0.0126435103309
0.00894279781536
0.0102238939774
0.011372663381
0.0125713730315
0.00975008324552
0.0120723161588
0.0119819292679
0.010120782594
0.0121619105989
0.00989892061413
0.0110981535771
0.0115099316557
0.00666455910003
0.00615592602326
0.00836722750387
0.0111012643641
0.00879040954244
0.0103125362396
0.0113871017946
0.00857296162577
0.00889934179517
0.0110538552668
0.0098520817102
0.0101472886819
0.00968051442648
0.0114427935158
0.00965923721129
0.011219898976
0.00956561621025
0.0113386268491
0.0114740435158
0.00951434136004
0.00961669146682
0.0118278834482
0.0091984164335
0.00855239476752
0.00770857668474
0.00855888075812
0.00859098895958
0.00885937131253
0.00855851346939
0.00777101576856
0.00835415581258
0.00838908252444
0.00943207680549
0.00684398534821
0.00928401737554
0.0086820562329
0.00891349199584
0.0088779509885
0.00891686030222
0.00941910703425
0.00845188865572
0.00846933075095
0.00906828908428
0.011105867326
0.0107395478815
0.0110850339926
0.0111635943642
0.0104880428936
0.0113022790047
0.0107353930398
0.0107007389003
0.00922995964134
0.00873887848666
0.00825392478295
0.00865214101389
0.00880716552369
0.00931642478295
0.00894857347576
0.00921477001286
0.00946573033851
0.00955022107925
0.00766420038161
0.0106943914344
0.0111278222337
0.0112539298331
0.0110774750114
0.00929790527867
0.0112620134101
0.0111653881665
0.01021869699
0.0106707143905
0.0113582143905
0.00801233998835
0.00828194783149
0.00758069821466
0.00822293340403
0.00751617388737
0.00745367388737
0.00849970365005
0.00953864700517
0.00913355441258
0.00758079162043
0.00901127249692
0.00795883363694
0.00947957279219
0.00778442724134
0.00795903116482
0.00940410788839
0.00853920507346
0.00900480233283
0.00871333991453
0.0100578113244
0.00889864693208
0.00898049677728
0.0111185812493
0.0114895303233
0.0112262201381
0.00940452391149
0.00688512168579
0.00797633091363
0.00810680008228
0.0078617475803
0.00814390520211
0.00786001146919
0.00667106939821
0.00812525051801
0.00815363360804
0.00821096674895
0.00798121421197
0.00828117106313
0.00788566001807
0.00802175763254
0.00801595148264
0.00845362476683
0.00842923312274
0.00853322946251
0.00861443631367
0.00859937201163
0.00774263175416
0.00833086704827
0.00713958672038
0.00694289554391
0.00826265254461
0.00728889227594
0.00860886069161
0.00800853353589
0.00853624347216
0.00912054307357
0.00851510376627
0.00881126389699
0.00911487909307
0.00814010376627
0.00906228513882
0.00828991994275
0.00890205229569
0.0090588129166
0.00930960852873
0.00822081259375
0.00898410773049
0.00855763687601
0.00801999452673
0.00918568495202
0.0077800141925
0.00830645286006
0.00793318897117
0.00830142569276
0.00834807805248
0.00825321211932
0.00978459282501
0.00896713938313
0.00890236132573
0.00864478615971
0.00775066265801
0.00893588938313
0.00838089727082
0.00880047271646
0.00903008057859
0.00939269467686
0.00894188983451
0.00864778652067
0.00852406576043
0.00919767687154
0.0082445199787
0.00821558479351
0.00847021442314
0.00864959641716
0.00708083930621
0.00825803727889
0.00846558479351
0.00693732078769
0.00712025207424
0.00852126218143
0.00905755493969
0.00885673600109
0.00844567362292
0.00829868288218
0.00793062732662
0.00823410516221
0.0079505403474
0.00840727699087
0.00807785516221
0.0081854940511
0.00907825049424
0.00860365021259
0.00749592735016
0.00975463986138
0.00744603699928
0.00977533356575
0.00983366689908
0.00925346020822
0.00937836062161
0.00735935327608
0.00906908281696
0.00913197268051
0.00835224674921
0.00851196897143
0.00876364909376
0.00911074948363
0.00827441578934
0.00835806773698
0.00866586103704
0.00753213079204
0.00842367446213
0.00861450657714
0.00805331018338
0.0077288900513
0.00813998172334
0.00866652899429
0.00941063983451
0.00831471464865
0.00838647390791
0.00814043345957
0.00823418345957
0.00823917858627
0.00910070467619
0.00898686377146
0.00835100146018
0.00847104315372
0.00816210647967
0.00826535331203
0.00791549766068
0.00824683479351
0.00962880578797
0.00938959308683
0.0077645515469
0.00821071759078
0.00843984305088
0.00774659954885
0.00850568687087
0.00945797170585
0.00850337205606
0.00858207575976
0.00902585786032
0.00841869856678
0.00901378872273
0.0082125582159
0.00904862134286
0.00862806747516
0.0094768620836
0.00828200266035
0.00911753910148
0.0093699171609
0.00794995486611
0.00798814931056
0.00862150611668
0.00836416688129
0.00790404541897
0.00815639979789
0.0082836750486
0.00998957131933
0.00932175169441
0.00953088837252
0.00925438983451
0.0096131861308
0.00633106209711
0.00724421649919
0.00856236232763
0.00882552234308
0.00638934060588
0.00845825657714
0.00683106209711
0.00670236708399
0.00863448920468
0.00829716606931
0.00868154763918
0.00846279763918
0.00815370846698
0.00862834180568
0.00852880476865
0.00842094822398
0.00848598069457
0.0088031103242
0.00592806057193
0.0060634772386
0.00604097596617
0.00662139449173
0.00691047598396
0.00595654614161
0.00710233101253
0.00469495632882
0.00698237418622
0.00471463834637
0.0051245686401
0.00553668418221
0.00671901314737
0.00504033491153
0.00498726473609
0.00506116824486
0.00670015281228
0.0067210648584
0.00550646811479
0.00672195751955
0.00543464793935
0.00708014958146
0.00703848291479
0.00666078946316
0.00551057995689
0.00558673127268
0.00665992842431
0.00698220197845
0.00693006382055
0.00710720197845
0.00700934013634
0.00582429383133
0.00655244066166
0.00620159509098
0.00601260004562
0.00485130050978
0.00568810188672
0.0046260966797
0.00475729185514
0.00497604185514
0.00506250018847
0.00517083352181
0.00596376751554
0.00555055548221
0.00570751751554
0.00574309865589
0.00558381010276
0.00565866883133
0.00581793418221
0.00533485176943
0.00683865580852
0.00483309806942
0.00677720520928
0.0057806302782
0.00654206335138
0.00674639449173
0.00685837649649
0.00714360548722
0.00698220197845
0.00733110548722
0.0068232346386
0.00744564946416
0.0065254044188
0.00668781797193
0.00638275091003
0.00583436539649
0.00673880481404
0.0066888596386
0.00612995554336
0.0067085964807
0.00584368557193
0.00602076890526
0.00566271811479
0.00501880501303
0.00499594317093
0.00495098703058
0.00497494536391
0.00497494536391
0.00553881460602
0.00501661203058
0.00555964793935
0.00469400884311
0.00686769667193
0.00720824364511
0.00653670601253
0.00575965567344
0.0058013223401
0.00565219953308
0.0060416022386
0.0062955257188
0.00626848174186
0.00563246269098
0.00579414032256
0.00486171717644
0.00709579846968
0.00682337591003
0.00700824364511
0.00607510004562
0.00695532247519
0.00679315984261
0.00701464265063
0.0073063093173
0.00709920601253
0.00717481613083
0.00673782570602
0.00546411261704
0.00564188478146
0.00476692550978
0.00570548127268
0.00555855144812
0.00537866432807
0.00664719297193
0.00581266329023
0.00508969317093
0.00577209311479
0.00620990453609
0.00663698786943
0.00641823786943
0.00655255804486
0.00620880804486
0.0064483913782
0.00679194528221
0.00680236194887
0.00377345169048
0.00330053502381
0.00398244996667
0.00244404389524
0.00303505129524
0.00317051505238
0.00355564917619
0.00335162378095
0.00289887550476
0.00291866717143
0.00311734296191
0.00324338462857
0.00304447338572
0.00322150962857
0.00233883556191
0.00373599878095
0.00377662378095
0.00263050222857
0.00383178502381
0.00360588462857
0.00372761835714
0.00256696056191
0.00345294799048
0.00381095169048
0.00328935923333
0.00347454044762
0.00420300075714
0.0048503523381
0.0037607162381
0.00370451332857
0.00495451900476
0.00427587033333
0.0038857162381
0.0031216509
0.00246790804762
0.00226388265238
0.00396701332857
0.0024275185
0.00380034666191
0.00261071056191
0.00370678502381
0.00377032669048
0.0043780949381
0.00296218171905
0.00314968171905
0.00262003847143
0.00505868567143
0.00408207324286
0.00328935923333
0.00495859149048
0.00448420366667
0.00344125420476
0.00418216742381
0.0048691023381
0.00495859149048
0.00482951900476
0.00199025395238
0.00347757126667
0.00234617431905
0.00288225592857
0.00245034098571
0.00201004561905
0.00378249705714
0.0049534773381
0.00378145539048
0.00435082324286
0.00236071056191
0.00279797510952
0.00413448620952
0.00255554931905
0.00401261120952
0.0025179551381
0.00240237722857
0.00331966174762
0.00309480301905
0.00311961465714
0.00339972880952
0.00313646968572
0.00405939202857
0.00337970169048
0.00344139547619
0.00332454044762
0.00405205327143
0.00308827047619
0.00294674508095
0.00385456041905
0.00296549508095
0.00401876702857
0.00300507841429
0.00298528674762
0.00422605869524
0.00306639547619
0.00414480869524
0.00252832471429
0.00252633556191
0.00242321056191
0.0029603338381
0.00340470169048
0.00291762550476
0.00346720169048
0.00340366002381
0.00334954044762
0.00347861293333
0.00334116002381
0.00347757126667
0.00348803502381
0.00263050222857
0.00381095169048
0.00371303502381
0.00373178502381
0.00357572338572
0.00334755129524
0.00347761835714
0.00390228872381
0.00339949335714
0.00378694626667
0.00347866002381
0.00390427787619
0.00344243714286
0.00309792801905
0.00329987008095
0.00331966174762
0.00409466742381
0.00380948620952
0.00424793369524
0.00385456041905
0.00407710036191
0.00415726160476
0.00410304784762
0.0043030949381
0.00303935923333
0.00497942482381
0.00394182496667
0.00357847166191
0.000449717457143
0.000524670366667
0.00104934073333
0.000524670366667
0.00097438782381
0.00112429364286
0.00104934073333
0.000749529095238
0.000149905819048
0.00097438782381
0.00112429364286
0.000824482004762
0.000524670366667
0.000749529095238
0.000599623276191
0.000449717457143
0.000524670366667
0.000374764547619
0.000449717457143
0.000824482004762
0.000674576185714
0.000749529095238
0.00127419946191
0.00112429364286
0.000824482004762
0.00112429364286
0.00149905819048
0.00134915237143
0.000899434914286
0.00112429364286
0.000524670366667
0.00104934073333
0.000824482004762
0.00097438782381
0.00097438782381
0.000899434914286
0.000674576185714
0.000449717457143
0.000224858728571
0.00104934073333
0.00119924655238
0.00119924655238
0.000899434914286
0.00104934073333
0.00097438782381
0.00119924655238
0.00119924655238
0.000824482004762
0.000524670366667
0.000899434914286
0.000824482004762
0.00104934073333
0.000374764547619
0.000749529095238
0.00119924655238
0.00097438782381
0.00134915237143
0.00112429364286
0.00127419946191
0.00149905819048
0.00142410528095
0.00149905819048
0.00112429364286
0.00104934073333
0.00112429364286
0.000599623276191
0.00104934073333
0.00097438782381
0.000749529095238
0.000749529095238
0.000749529095238
0.000599623276191
0.000299811638095
0.00149905819048
0.000524670366667
0.000674576185714
0.000749529095238
0.000899434914286
0.000524670366667
0.00097438782381
0.00112429364286
0.00119924655238
0.00104934073333
0.00119924655238
0.000749529095238
0.00119924655238
0.000899434914286
0.00104934073333
0.00127419946191
0.0015740111
0.00134915237143
0.00134915237143
0.00142410528095
0.00149905819048
0.00127419946191
0.00142410528095
0.000299811638095
0.00127419946191
0.00119924655238
0.00104934073333
0.00119924655238
0.000824482004762
0.00097438782381
0.00104934073333
0.000674576185714
0.000899434914286
0.000674576185714
0.000524670366667
0.000599623276191
0.000524670366667
0.000599623276191
0.000524670366667
0.000524670366667
0.000449717457143
0.000374764547619
0.000299811638095
0.00104934073333
0.00097438782381
0.000824482004762
0.0015740111
0.00112429364286
0.00149905819048
0.00142410528095
0.000824482004762
0.00104934073333
0.0015740111
0.00142410528095
0.000899434914286
0.00104934073333
