0.00125
0.00875
0.00166666666666667
0.0104166666666667
0.00958333333333333
0.00708333333333333
0.01125
0.0166666666666667
0.01625
0.0104166666666667
0.01625
0.0125
0.00708333333333333
0.00458333333333333
0.0104166666666667
0.02625
0.0283333333333333
0.02125
0.0254166666666667
0.0229166666666667
0.02625
0.0320833333333333
0.02
0.0216666666666667
0.0304166666666667
0.0204166666666667
0.00708333333333333
0.01125
0.0108333333333333
0.00708333333333333
0.00958333333333333
0.02
0.0116666666666667
0.0125
0.0166666666666667
0.0116666666666667
0.0304166666666667
0.0295833333333333
0.0325
0.0308333333333333
0.0308333333333333
0.0204166666666667
0.0295833333333333
0.0204166666666667
0.01375
0.01625
0.0383333333333333
0.0158333333333333
0.0229166666666667
0.03375
0.0175
0.0175
0.00833333333333333
0.0291666666666667
0.0266666666666667
0.0241666666666667
0.0320833333333333
0.0254166666666667
0.0179166666666667
0.0195833333333333
0.025
0.01625
0.02375
0.0133333333333333
0.01
0.0141666666666667
0.00875
0.0129166666666667
0.0125
0.0104166666666667
0.0104166666666667
0.01
0.0120833333333333
0.0195833333333333
0.0108333333333333
0.0120833333333333
0.0375
0.01125
0.0116666666666667
0.0333333333333333
0.0179166666666667
0.0291666666666667
0.0233333333333333
0.0133333333333333
0.000833333333333333
0.025
0.0175
0.0258333333333333
0.0166666666666667
0.0266666666666667
0.0158333333333333
0.02625
0.03125
0.02625
0.0304166666666667
0.0191666666666667
0.0166666666666667
0.00583333333333333
0.00208333333333333
0.00875
0.00166666666666667
0.00791666666666667
0.0116666666666667
0.01
0.0120833333333333
0.01625
0.02375
0.0116666666666667
0.015
0.0116666666666667
0.0104166666666667
0.0116666666666667
0.015
0.0141666666666667
0.01125
0.00833333333333333
0.0141666666666667
0.000416666666666667
0.01625
0.0141666666666667
0.0329166666666667
0.0141666666666667
0.0120833333333333
0.04
0.0145833333333333
0.0141666666666667
0.0325
0.0270833333333333
0.0358333333333333
0.01625
0.01875
0.0154166666666667
0.02
0.0208333333333333
0.0225
0.0208333333333333
0.02125
0.0195833333333333
0.0154166666666667
0.02125
0.0275
0.02
0.01875
0.0254166666666667
0.0191666666666667
0.0283333333333333
0.0204166666666667
0.0254166666666667
0.0245833333333333
0.015
0.0145833333333333
0.02375
0.02125
0.0195833333333333
0.0133333333333333
0.02375
0.0216666666666667
0.0241666666666667
0.0166666666666667
0.0183333333333333
0.0233333333333333
0.0266666666666667
0.0170833333333333
0.0183333333333333
0.0220833333333333
0.0170833333333333
0.0166666666666667
0.0204166666666667
0.0195833333333333
0.0191666666666667
0.0270833333333333
0.0179166666666667
0.0229166666666667
0.01875
0.0195833333333333
0.0120833333333333
0.0175
0.01375
0.015
0.0179166666666667
0.0116666666666667
0.0195833333333333
0.0120833333333333
0.0229166666666667
0.0204166666666667
0.0254166666666667
0.0158333333333333
0.0208333333333333
0.0204166666666667
0.01625
0.025
0.02125
0.0183333333333333
0.0158333333333333
0.01375
0.01625
0.0154166666666667
0.0254166666666667
0.02
0.0191666666666667
0.0166666666666667
0.0166666666666667
0.0254166666666667
0.0166666666666667
0.0183333333333333
0.0145833333333333
0.0191666666666667
0.02125
0.0225
0.0229166666666667
0.0166666666666667
0.0154166666666667
0.01875
0.01875
0.0208333333333333
0.0216666666666667
0.0241666666666667
0.0295833333333333
0.02
0.0170833333333333
0.0195833333333333
0.02375
0.0195833333333333
0.0254166666666667
0.0245833333333333
0.0233333333333333
0.01125
0.0166666666666667
0.0225
0.0145833333333333
0.0145833333333333
0.0141666666666667
0.015
0.0166666666666667
0.0158333333333333
0.01625
0.0275
0.0170833333333333
0.02125
0.0133333333333333
0.0170833333333333
0.0170833333333333
0.0254166666666667
0.015
0.02
0.01875
0.0258333333333333
0.0179166666666667
0.0254166666666667
0.0225
0.02125
0.0270833333333333
0.0141666666666667
0.0154166666666667
0.0154166666666667
0.0145833333333333
0.02
0.0133333333333333
0.0175
0.0125
0.0204166666666667
0.01625
0.0183333333333333
0.0179166666666667
0.0204166666666667
0.0270833333333333
0.01125
0.0108333333333333
0.0129166666666667
0.01
0.015
0.01125
0.0133333333333333
0.0216666666666667
0.01
0.0158333333333333
0.0183333333333333
0.0275
0.01375
0.0275
0.0133333333333333
0.0145833333333333
0.0145833333333333
0.0220833333333333
0.0158333333333333
0.01625
0.0233333333333333
0.0158333333333333
0.01125
0.0129166666666667
0.0158333333333333
0.0170833333333333
0.0241666666666667
0.0233333333333333
0.0154166666666667
0.0179166666666667
0.0116666666666667
0.0145833333333333
0.0129166666666667
0.00958333333333333
0.0183333333333333
0.0154166666666667
0.00958333333333333
0.0125
0.0183333333333333
0.01875
0.0125
0.0141666666666667
0.0208333333333333
0.02125
0.000833333333333333
0.0258333333333333
0.01625
0.0183333333333333
0.0175
0.0116666666666667
0.0170833333333333
0.01625
0.01625
0.0183333333333333
0.025
0.02875
0.0233333333333333
0.015
0.0158333333333333
0.0145833333333333
0.0129166666666667
0.0166666666666667
0.0254166666666667
0.00958333333333333
0.0333333333333333
0.0145833333333333
0.0166666666666667
0.02125
0.0141666666666667
0.0120833333333333
0.0158333333333333
0.0158333333333333
0.0133333333333333
0.0133333333333333
0.0129166666666667
0.0158333333333333
0.015
0.01375
0.00916666666666667
0.0108333333333333
0.01375
0.0125
0.0141666666666667
0.0116666666666667
0.0175
0.0116666666666667
0.0120833333333333
0.0170833333333333
0.015
0.0133333333333333
0.0125
0.0183333333333333
0.0183333333333333
0.0204166666666667
0.0191666666666667
0.02125
0.0195833333333333
0.0183333333333333
0.0179166666666667
0.0154166666666667
0.02
0.015
0.0225
0.0195833333333333
0.01875
0.0179166666666667
0.0204166666666667
0.0208333333333333
0.02
0.0133333333333333
0.02125
0.0170833333333333
0.0158333333333333
0.0179166666666667
0.0179166666666667
0.0195833333333333
0.0133333333333333
0.0191666666666667
0.0166666666666667
0.015
0.0158333333333333
0.0125
0.0175
0.0170833333333333
0.0120833333333333
0.0129166666666667
0.0133333333333333
0.01875
0.01375
0.0170833333333333
0.0229166666666667
0.0216666666666667
0.01875
0.01875
0.0145833333333333
0.0158333333333333
0.02
0.01875
0.0229166666666667
0.0170833333333333
0.0191666666666667
0.0191666666666667
0.0170833333333333
0.015
0.0125
0.02125
0.01875
0.0158333333333333
0.01625
0.02
0.0225
0.0183333333333333
0.0166666666666667
0.0166666666666667
0.0133333333333333
0.0125
0.01875
0.0141666666666667
0.0158333333333333
0.0154166666666667
0.0145833333333333
0.01375
0.01625
0.0183333333333333
0.0225
0.0245833333333333
0.0129166666666667
0.0216666666666667
0.0195833333333333
0.0141666666666667
0.01875
0.0179166666666667
0.0183333333333333
0.01625
0.0208333333333333
0.0145833333333333
0.0216666666666667
0.0158333333333333
0.0170833333333333
0.02125
0.0179166666666667
0.02
0.0233333333333333
0.0154166666666667
0.02
0.0170833333333333
0.01625
0.015
0.0158333333333333
0.0154166666666667
0.0175
0.0141666666666667
0.0191666666666667
0.0183333333333333
0.0166666666666667
0.0170833333333333
0.0183333333333333
0.02
0.0195833333333333
0.0229166666666667
0.015
0.0125
0.0225
0.0141666666666667
0.0166666666666667
0.0145833333333333
0.0166666666666667
0.0175
0.0175
0.0183333333333333
0.0170833333333333
0.02
0.0204166666666667
0.0208333333333333
0.01625
0.0179166666666667
0.0191666666666667
0.0195833333333333
0.0183333333333333
0.0208333333333333
0.0145833333333333
0.0229166666666667
0.0154166666666667
0.0141666666666667
0.01125
0.0179166666666667
0.02
0.0179166666666667
0.0125
0.0191666666666667
0.01625
0.0108333333333333
0.0133333333333333
0.0179166666666667
0.0133333333333333
0.01375
0.0233333333333333
0.0116666666666667
0.01375
0.015
0.0166666666666667
0.015
0.01125
0.0129166666666667
0.015
0.0125
0.0195833333333333
0.0170833333333333
0.0229166666666667
0.0241666666666667
0.00708333333333333
0.00958333333333333
0.0108333333333333
0.0104166666666667
0.0125
0.0125
0.01625
0.01
0.0116666666666667
0.0154166666666667
0.01375
0.0120833333333333
0.0116666666666667
0.01875
0.015
0.02
0.0304166666666667
0.0166666666666667
0.0133333333333333
0.01875
0.0170833333333333
0.0141666666666667
0.0120833333333333
0.0158333333333333
0.0145833333333333
0.0166666666666667
0.0175
0.0133333333333333
0.0229166666666667
0.0179166666666667
0.0179166666666667
0.015
0.015
0.0125
0.0108333333333333
0.01125
0.0108333333333333
0.01125
0.0454166666666667
0.0129166666666667
0.01375
0.0158333333333333
0.00833333333333333
0.0258333333333333
0.0170833333333333
0.0116666666666667
0.0108333333333333
0.0133333333333333
0.0125
0.02
0.0183333333333333
0.0145833333333333
0.015
0.0295833333333333
0.0154166666666667
0.0133333333333333
0.0183333333333333
0.015
0.0166666666666667
0.0166666666666667
0.0129166666666667
0.0154166666666667
0.02375
0.0116666666666667
0.01625
0.0125
0.0154166666666667
0.0183333333333333
0.0133333333333333
0.0145833333333333
0.0154166666666667
0.0266666666666667
0.0129166666666667
0.0154166666666667
0.01125
0.0104166666666667
0.0129166666666667
0.02
0.0133333333333333
0.0216666666666667
0.00875
0.0133333333333333
0.0145833333333333
0.0125
0.0154166666666667
0.0216666666666667
0.02125
0.02375
0.015
0.0120833333333333
0.0133333333333333
0.0141666666666667
0.01625
0.0195833333333333
0.01875
0.0158333333333333
0.0166666666666667
0.0170833333333333
0.0183333333333333
0.0158333333333333
0.0191666666666667
0.01625
0.0120833333333333
0.0145833333333333
0.015
0.02
0.0125
0.015
0.0154166666666667
0.025
0.01625
0.0154166666666667
0.01
0.02125
0.0175
0.01625
0.0125
0.0170833333333333
0.0145833333333333
0.015
0.0145833333333333
0.02125
0.0158333333333333
0.0133333333333333
0.0170833333333333
0.0133333333333333
0.015
0.0225
0.025
0.0108333333333333
0.0158333333333333
0.0120833333333333
0.0216666666666667
0.0129166666666667
0.0141666666666667
0.0191666666666667
0.015
0.0145833333333333
0.0183333333333333
0.0175
0.0129166666666667
0.01125
0.01375
0.0208333333333333
0.0116666666666667
0.00833333333333333
0.01375
0.0125
0.0120833333333333
0.0191666666666667
0.00916666666666667
0.0125
0.0125
0.02
0.0166666666666667
0.0125
0.0141666666666667
0.0179166666666667
0.01625
0.01875
0.0145833333333333
0.0158333333333333
0.0170833333333333
0.0175
0.02
0.01875
0.0183333333333333
0.01625
0.01
0.0116666666666667
0.0179166666666667
0.01375
0.0166666666666667
0.01125
0.0145833333333333
0.0108333333333333
0.0154166666666667
0.0220833333333333
0.0275
0.0166666666666667
0.0191666666666667
0.0125
0.01625
0.0129166666666667
0.015
0.0225
0.0133333333333333
0.01625
0.0129166666666667
0.015
0.0141666666666667
0.02125
0.0191666666666667
0.0133333333333333
0.00958333333333333
0.0233333333333333
0.0195833333333333
0.0191666666666667
0.0183333333333333
0.0154166666666667
0.02625
0.0133333333333333
0.02125
0.0166666666666667
0.01375
0.0154166666666667
0.0141666666666667
0.0133333333333333
0.0154166666666667
0.01875
0.0170833333333333
0.0179166666666667
0.0133333333333333
0.0208333333333333
0.0125
0.0204166666666667
0.0175
0.0179166666666667
0.01875
0.0170833333333333
0.0166666666666667
0.015
0.0179166666666667
0.0183333333333333
0.0183333333333333
0.0179166666666667
0.0133333333333333
0.0170833333333333
0.0154166666666667
0.0154166666666667
0.0166666666666667
0.00916666666666667
0.0195833333333333
0.01625
0.01875
0.0175
0.00875
0.0108333333333333
0.0133333333333333
0.01875
0.0145833333333333
0.0154166666666667
0.0141666666666667
0.015
0.02
0.01125
0.0179166666666667
0.0129166666666667
0.0179166666666667
0.0204166666666667
0.02
0.0220833333333333
0.01375
0.0145833333333333
0.0120833333333333
0.0129166666666667
0.0195833333333333
0.0179166666666667
0.015
0.0145833333333333
0.01625
0.01375
0.0229166666666667
0.01625
0.02625
0.025
0.0175
0.0175
0.0225
0.0175
0.0204166666666667
0.0208333333333333
0.02625
0.02
0.0220833333333333
0.0170833333333333
0.01375
0.0229166666666667
0.0175
0.0145833333333333
0.0158333333333333
0.0204166666666667
0.0166666666666667
0.02
0.02
0.015
0.0220833333333333
0.01375
0.0183333333333333
0.0141666666666667
0.0220833333333333
0.0204166666666667
0.0154166666666667
0.0195833333333333
0.02
0.0254166666666667
0.025
0.0166666666666667
0.01375
0.0133333333333333
0.0145833333333333
0.0225
0.0154166666666667
0.0166666666666667
0.0233333333333333
0.02375
0.0204166666666667
0.0225
0.0225
0.0295833333333333
0.0195833333333333
0.025
0.0216666666666667
0.0216666666666667
0.0145833333333333
0.0225
0.0225
0.01625
0.0154166666666667
0.0183333333333333
0.0204166666666667
0.0145833333333333
0.0225
0.0191666666666667
0.0104166666666667
0.0154166666666667
0.0158333333333333
0.0204166666666667
0.0266666666666667
0.02375
0.01875
0.0191666666666667
0.0216666666666667
0.0229166666666667
0.02125
0.02625
0.0195833333333333
0.0266666666666667
0.0208333333333333
0.0208333333333333
0.0245833333333333
0.0254166666666667
0.0195833333333333
0.02
0.0316666666666667
0.0158333333333333
0.015
0.0179166666666667
0.0241666666666667
0.0141666666666667
0.0108333333333333
0.0145833333333333
0.0141666666666667
0.0195833333333333
0.0141666666666667
0.0254166666666667
0.0354166666666667
0.01875
0.0191666666666667
0.0133333333333333
0.025
0.0175
0.0104166666666667
0.0266666666666667
0.0270833333333333
0.0216666666666667
0.01375
0.0166666666666667
0.0245833333333333
0.02375
0.0266666666666667
0.0204166666666667
0.0245833333333333
0.0229166666666667
0.0254166666666667
0.0229166666666667
0.0216666666666667
0.0208333333333333
0.025
0.0241666666666667
0.0233333333333333
0.0166666666666667
0.0158333333333333
0.02
0.0170833333333333
0.0245833333333333
0.0141666666666667
0.02
0.0191666666666667
0.01875
0.01625
0.0158333333333333
0.0254166666666667
0.01375
0.0241666666666667
0.0245833333333333
0.0158333333333333
0.0158333333333333
0.01125
0.01375
0.01875
0.0254166666666667
0.01375
0.0275
0.01375
0.02625
0.0183333333333333
0.02875
0.0154166666666667
0.02375
0.0141666666666667
0.025
0.0233333333333333
0.02125
0.0141666666666667
0.0258333333333333
0.02375
0.0216666666666667
0.0266666666666667
0.0183333333333333
0.02625
0.0216666666666667
0.0116666666666667
0.015
0.0154166666666667
0.0120833333333333
0.0270833333333333
0.0170833333333333
0.015
0.0183333333333333
0.0145833333333333
0.0129166666666667
0.0241666666666667
0.0175
0.0233333333333333
0.015
0.0241666666666667
0.0195833333333333
0.0208333333333333
0.0241666666666667
0.0233333333333333
0.0258333333333333
0.0233333333333333
0.0183333333333333
0.0254166666666667
0.0233333333333333
0.0241666666666667
0.0204166666666667
0.0216666666666667
0.0220833333333333
0.0245833333333333
0.0229166666666667
0.0233333333333333
0.02375
0.0316666666666667
0.02375
0.0179166666666667
0.025
0.0233333333333333
0.0220833333333333
0.0208333333333333
0.0204166666666667
0.0195833333333333
0.02375
0.0220833333333333
0.0216666666666667
0.0229166666666667
0.0179166666666667
0.0233333333333333
0.0229166666666667
0.0220833333333333
0.0233333333333333
0.0254166666666667
0.0220833333333333
0.0229166666666667
0.0220833333333333
0.02375
0.0166666666666667
0.025
0.0225
0.0175
0.0125
0.02375
0.0191666666666667
0.0208333333333333
0.0183333333333333
0.0258333333333333
0.0216666666666667
0.0225
0.0233333333333333
0.0166666666666667
0.0229166666666667
0.0179166666666667
0.0204166666666667
0.0241666666666667
0.0191666666666667
0.0204166666666667
0.0175
0.0254166666666667
0.0275
0.02
0.02375
0.02
0.02375
0.0245833333333333
0.0220833333333333
0.0220833333333333
0.01375
0.0183333333333333
0.0245833333333333
0.0266666666666667
0.02375
0.0216666666666667
0.0245833333333333
0.0254166666666667
0.02
0.0154166666666667
0.0220833333333333
0.0258333333333333
0.0191666666666667
0.0216666666666667
0.0183333333333333
0.0195833333333333
0.0204166666666667
0.02875
0.0254166666666667
0.0195833333333333
0.02125
0.0191666666666667
0.01875
0.0204166666666667
0.02125
0.02125
0.0145833333333333
0.0170833333333333
0.0266666666666667
0.02375
0.0191666666666667
0.02125
0.02125
0.0208333333333333
0.0220833333333333
0.0233333333333333
0.02
0.0208333333333333
0.02375
0.0191666666666667
0.0220833333333333
0.02125
0.0245833333333333
0.0245833333333333
0.0220833333333333
0.0220833333333333
0.0241666666666667
0.0175
0.0195833333333333
0.0216666666666667
0.02125
0.0220833333333333
0.0208333333333333
0.0266666666666667
0.0195833333333333
0.02375
0.0229166666666667
0.0275
0.0204166666666667
0.0208333333333333
0.02125
0.02125
0.0183333333333333
0.01625
0.0208333333333333
0.015
0.0216666666666667
0.0154166666666667
0.0141666666666667
0.01625
0.02375
0.0195833333333333
0.0229166666666667
0.0254166666666667
0.02125
0.0233333333333333
0.0291666666666667
0.01875
0.0208333333333333
0.0220833333333333
0.0266666666666667
0.0216666666666667
0.0266666666666667
0.0229166666666667
0.0158333333333333
0.0233333333333333
0.0225
0.0220833333333333
0.0233333333333333
0.0208333333333333
0.0229166666666667
0.0241666666666667
0.0216666666666667
0.01875
0.0241666666666667
0.02875
0.0179166666666667
0.0175
0.01875
0.0179166666666667
0.02
0.0208333333333333
0.0166666666666667
0.0225
0.0191666666666667
0.03625
0.02
0.0179166666666667
0.0195833333333333
0.0175
0.01875
0.02
0.0195833333333333
0.0208333333333333
0.0191666666666667
0.02375
0.0179166666666667
0.0208333333333333
0.0191666666666667
0.0179166666666667
0.01875
0.0154166666666667
0.0191666666666667
0.0195833333333333
0.0175
0.0195833333333333
0.02
0.0225
0.0175
0.0191666666666667
0.0191666666666667
0.0141666666666667
0.0191666666666667
0.01875
0.0158333333333333
0.01875
0.01875
0.0191666666666667
0.0179166666666667
0.02
0.0208333333333333
0.01875
0.0216666666666667
0.0216666666666667
0.0183333333333333
0.02125
0.0233333333333333
0.02
0.0204166666666667
0.01875
0.0220833333333333
0.02125
0.02
0.01625
0.0191666666666667
0.0191666666666667
0.0195833333333333
0.025
0.0270833333333333
0.02125
0.0183333333333333
0.0225
0.02
0.0241666666666667
0.01875
0.0175
0.0245833333333333
0.0204166666666667
0.0158333333333333
0.0154166666666667
0.0208333333333333
0.01625
0.0333333333333333
0.0208333333333333
0.0220833333333333
0.01625
0.0291666666666667
0.01625
0.0216666666666667
0.0208333333333333
0.0220833333333333
0.0183333333333333
0.03
0.01625
0.0158333333333333
0.0183333333333333
0.0191666666666667
0.02875
0.02125
0.01875
0.02
0.0220833333333333
0.0275
0.015
0.0216666666666667
0.0229166666666667
0.0245833333333333
0.0216666666666667
0.01875
0.01625
0.0204166666666667
0.0191666666666667
0.02
0.0245833333333333
0.0179166666666667
0.0166666666666667
0.0208333333333333
0.01875
0.0229166666666667
0.0254166666666667
0.02125
0.025
0.0175
0.03125
0.01875
0.0204166666666667
0.0216666666666667
0.03125
0.02
0.0166666666666667
0.01875
0.0133333333333333
0.0141666666666667
0.01625
0.0125
0.0204166666666667
0.0154166666666667
0.0291666666666667
0.0154166666666667
0.0183333333333333
0.0183333333333333
0.0166666666666667
0.0216666666666667
0.0179166666666667
0.0204166666666667
0.02
0.0208333333333333
0.02
0.0170833333333333
0.015
0.0208333333333333
0.025
0.0220833333333333
0.0229166666666667
0.02375
0.0204166666666667
0.02375
0.0175
0.02
0.02125
0.02
0.0175
0.0154166666666667
0.0208333333333333
0.02125
0.0258333333333333
0.0204166666666667
0.0158333333333333
0.02
0.0158333333333333
0.01875
0.0166666666666667
0.0175
0.01625
0.015
0.01875
0.0204166666666667
0.015
0.0179166666666667
0.0208333333333333
0.01875
0.01625
0.0225
0.01625
0.01
0.01
0.0195833333333333
0.015
0.0183333333333333
0.0183333333333333
0.0233333333333333
0.01875
0.0158333333333333
0.0233333333333333
0.02
0.0195833333333333
0.015
0.02
0.0245833333333333
0.0191666666666667
0.0258333333333333
0.0216666666666667
0.0158333333333333
0.0195833333333333
0.0220833333333333
0.0170833333333333
0.0175
0.0258333333333333
0.0216666666666667
0.02
0.0229166666666667
0.0266666666666667
0.02375
0.0204166666666667
0.015
0.0270833333333333
0.0145833333333333
0.01625
0.01375
0.0154166666666667
0.0175
0.01375
0.0195833333333333
0.0220833333333333
0.01375
0.0191666666666667
0.0166666666666667
0.0179166666666667
0.0183333333333333
0.02
0.0270833333333333
0.02625
0.0220833333333333
0.02
0.0179166666666667
0.0225
0.0225
0.0225
0.025
0.0308333333333333
0.0275
0.0225
0.0279166666666667
0.0175
0.02
0.01
0.0108333333333333
0.01625
0.0204166666666667
0.0183333333333333
0.01625
0.0170833333333333
0.0225
0.01625
0.0170833333333333
0.0195833333333333
0.01875
0.0154166666666667
0.0225
0.0204166666666667
0.0195833333333333
0.0175
0.0158333333333333
0.0179166666666667
0.0175
0.00916666666666667
0.02
0.0158333333333333
0.0220833333333333
0.0270833333333333
0.01875
0.025
0.0183333333333333
0.0195833333333333
0.0229166666666667
0.0266666666666667
0.0208333333333333
0.02875
0.0158333333333333
0.0241666666666667
0.0283333333333333
0.01625
0.0158333333333333
0.03
0.0170833333333333
0.0204166666666667
0.0304166666666667
0.0266666666666667
0.0179166666666667
0.0158333333333333
0.0133333333333333
0.0191666666666667
0.02375
0.015
0.0220833333333333
0.0208333333333333
0.02
0.0208333333333333
0.02
0.0129166666666667
0.0154166666666667
0.0191666666666667
0.0233333333333333
0.0229166666666667
0.0129166666666667
0.02375
0.0133333333333333
0.0116666666666667
0.0108333333333333
0.02375
0.0195833333333333
0.0216666666666667
0.0225
0.01625
0.025
0.01625
0.02625
0.0229166666666667
0.0341666666666667
0.0166666666666667
0.0145833333333333
0.0333333333333333
0.02125
0.0170833333333333
0.0208333333333333
0.0158333333333333
0.0154166666666667
0.0195833333333333
0.0208333333333333
0.0170833333333333
0.0183333333333333
0.03
0.02
0.0195833333333333
0.03
0.0295833333333333
0.0183333333333333
0.0279166666666667
0.0216666666666667
0.0258333333333333
0.0254166666666667
0.01875
0.02875
0.0141666666666667
0.0166666666666667
0.0158333333333333
0.0179166666666667
0.0154166666666667
0.0166666666666667
0.01875
0.02125
0.0216666666666667
0.0141666666666667
0.0204166666666667
0.0208333333333333
0.0179166666666667
0.0195833333333333
0.0220833333333333
0.01875
0.0204166666666667
0.0204166666666667
0.0195833333333333
0.0208333333333333
0.01625
0.0125
0.0204166666666667
0.0179166666666667
0.0166666666666667
0.02125
0.0175
0.025
0.01875
0.02
0.02125
0.0254166666666667
0.02125
0.0141666666666667
0.0220833333333333
0.0245833333333333
0.0154166666666667
0.0208333333333333
0.0154166666666667
0.0183333333333333
0.0195833333333333
0.02625
0.0145833333333333
0.0233333333333333
0.0208333333333333
0.0208333333333333
0.02375
0.0183333333333333
0.0183333333333333
0.0229166666666667
0.0233333333333333
0.0154166666666667
0.015
0.02125
0.02125
0.02375
0.0154166666666667
0.0208333333333333
0.0220833333333333
0.0145833333333333
0.01625
0.0154166666666667
0.0225
0.02375
0.0254166666666667
0.0195833333333333
0.025
0.01875
0.0179166666666667
0.0158333333333333
0.0116666666666667
0.0120833333333333
0.0183333333333333
0.0158333333333333
0.0158333333333333
0.0191666666666667
0.0158333333333333
0.0183333333333333
0.0175
0.0166666666666667
0.01625
0.0175
0.0183333333333333
0.0179166666666667
0.0175
0.0283333333333333
0.01875
0.025
0.02125
0.02375
0.0154166666666667
0.0158333333333333
0.0204166666666667
0.0170833333333333
0.02
0.02
0.025
0.0191666666666667
0.0170833333333333
0.01875
0.0175
0.0266666666666667
0.0216666666666667
0.0241666666666667
0.01875
0.0170833333333333
0.0245833333333333
0.0170833333333333
0.0191666666666667
0.0254166666666667
0.0191666666666667
0.0158333333333333
0.01875
0.0208333333333333
0.0154166666666667
0.0175
0.015
0.025
0.0179166666666667
0.0158333333333333
0.01875
0.0204166666666667
0.0154166666666667
0.0170833333333333
0.0220833333333333
0.0158333333333333
0.015
0.01375
0.0129166666666667
0.0170833333333333
0.0179166666666667
0.02
0.02125
0.0245833333333333
0.0233333333333333
0.0166666666666667
0.0266666666666667
0.01875
0.0258333333333333
0.0175
0.0208333333333333
0.0191666666666667
0.01875
0.02
0.0179166666666667
0.02625
0.0183333333333333
0.0204166666666667
0.0179166666666667
0.0245833333333333
0.02
0.02
0.02
0.0170833333333333
0.0191666666666667
0.0270833333333333
0.0216666666666667
0.0208333333333333
0.02125
0.0233333333333333
0.0195833333333333
0.0316666666666667
0.0304166666666667
0.0166666666666667
0.0204166666666667
0.01375
0.0195833333333333
0.0233333333333333
0.0245833333333333
0.025
0.0191666666666667
0.0183333333333333
0.0208333333333333
0.0233333333333333
0.0254166666666667
0.0183333333333333
0.0245833333333333
0.02125
0.0208333333333333
0.0141666666666667
0.0170833333333333
0.02375
0.0195833333333333
0.0216666666666667
0.0154166666666667
0.0158333333333333
0.01375
0.02375
0.0191666666666667
0.0225
0.01375
0.0145833333333333
0.02125
0.0145833333333333
0.0133333333333333
0.0154166666666667
0.0291666666666667
0.0125
0.0283333333333333
0.0233333333333333
0.0191666666666667
0.0170833333333333
0.01875
0.0166666666666667
0.0158333333333333
0.0145833333333333
0.0166666666666667
0.0225
0.0158333333333333
0.015
0.0145833333333333
0.0179166666666667
0.0258333333333333
0.01625
0.0183333333333333
0.0166666666666667
0.0154166666666667
0.0141666666666667
0.0204166666666667
0.0191666666666667
0.0179166666666667
0.02
0.0229166666666667
0.0158333333333333
0.0170833333333333
0.01625
0.0179166666666667
0.0166666666666667
0.0283333333333333
0.0166666666666667
0.0129166666666667
0.0195833333333333
0.02625
0.0183333333333333
0.015
0.0154166666666667
0.0120833333333333
0.0175
0.01875
0.0191666666666667
0.0191666666666667
0.0183333333333333
0.0195833333333333
0.02
0.0183333333333333
0.0279166666666667
0.01625
0.0183333333333333
0.0195833333333333
0.0191666666666667
0.0308333333333333
0.0141666666666667
0.0191666666666667
0.02375
0.01875
0.0220833333333333
0.0179166666666667
0.01875
0.0295833333333333
0.01375
0.0179166666666667
0.0145833333333333
0.0204166666666667
0.015
0.02
0.0208333333333333
0.0204166666666667
0.0208333333333333
0.02625
0.0141666666666667
0.0175
0.0183333333333333
0.0145833333333333
0.02
0.0295833333333333
0.02
0.0179166666666667
0.0183333333333333
0.0333333333333333
0.0166666666666667
0.0245833333333333
0.03
0.0179166666666667
0.03125
0.015
0.0170833333333333
0.0266666666666667
0.0145833333333333
0.01
0.0120833333333333
0.0191666666666667
0.0183333333333333
0.0245833333333333
0.025
0.0158333333333333
0.0145833333333333
0.0225
0.0191666666666667
0.0166666666666667
0.0175
0.0258333333333333
0.01875
0.025
0.015
0.0241666666666667
0.0266666666666667
0.0183333333333333
0.0233333333333333
0.0291666666666667
0.0225
0.0216666666666667
0.01625
0.0195833333333333
0.0195833333333333
0.0216666666666667
0.0175
0.0166666666666667
0.0170833333333333
0.0133333333333333
0.0258333333333333
0.0120833333333333
0.0179166666666667
0.0133333333333333
0.0216666666666667
0.0175
0.02
0.025
0.0183333333333333
0.0166666666666667
0.0220833333333333
0.0225
0.0204166666666667
0.02125
0.0220833333333333
0.01625
0.0216666666666667
0.0175
0.0170833333333333
0.0154166666666667
0.0158333333333333
0.0120833333333333
0.0166666666666667
0.0125
0.01625
0.01625
0.0191666666666667
0.01875
0.02125
0.0179166666666667
0.0170833333333333
0.0204166666666667
0.0216666666666667
0.0195833333333333
0.0170833333333333
0.0279166666666667
0.02625
0.01375
0.0158333333333333
0.0245833333333333
0.0216666666666667
0.0216666666666667
0.01875
0.0183333333333333
0.0175
0.015
0.0120833333333333
0.0233333333333333
0.0170833333333333
0.01625
0.0195833333333333
0.02
0.0183333333333333
0.01875
0.0204166666666667
0.0220833333333333
0.0145833333333333
0.0158333333333333
0.0145833333333333
0.0266666666666667
0.0175
0.0233333333333333
0.02
0.0258333333333333
0.02
0.0183333333333333
0.0133333333333333
0.0170833333333333
0.0179166666666667
0.01875
0.0191666666666667
0.0158333333333333
0.0129166666666667
0.01875
0.015
0.0195833333333333
0.0133333333333333
0.0154166666666667
0.0170833333333333
0.01625
0.01875
0.0170833333333333
0.0179166666666667
0.0179166666666667
0.0183333333333333
0.02
0.0170833333333333
0.0204166666666667
0.01625
0.0166666666666667
0.0183333333333333
0.0183333333333333
0.01875
0.0179166666666667
0.0154166666666667
0.0183333333333333
0.0166666666666667
0.0145833333333333
0.0216666666666667
0.0133333333333333
0.0208333333333333
0.015
0.0216666666666667
0.0216666666666667
0.0208333333333333
0.02125
0.0220833333333333
0.0158333333333333
0.015
0.0233333333333333
0.0145833333333333
0.0195833333333333
0.0166666666666667
0.02
0.0170833333333333
0.0195833333333333
0.0154166666666667
0.015
0.0158333333333333
0.0154166666666667
0.0158333333333333
0.0133333333333333
0.0170833333333333
0.0129166666666667
0.01
0.01375
0.02
0.0158333333333333
0.0141666666666667
0.0183333333333333
0.0141666666666667
0.01375
0.0191666666666667
0.0195833333333333
0.0175
0.0175
0.0195833333333333
0.0166666666666667
0.0183333333333333
0.0179166666666667
0.015
0.0229166666666667
0.0175
0.0166666666666667
0.0141666666666667
0.0195833333333333
0.0154166666666667
0.0145833333333333
0.0179166666666667
0.0141666666666667
0.0166666666666667
0.0104166666666667
0.0154166666666667
0.0195833333333333
0.01125
0.0154166666666667
0.0166666666666667
0.015
0.0175
0.0154166666666667
0.0170833333333333
0.0191666666666667
0.0145833333333333
0.015
0.0158333333333333
0.0179166666666667
0.01625
0.0158333333333333
0.0204166666666667
0.01375
0.0154166666666667
0.0179166666666667
0.0141666666666667
0.0145833333333333
0.0179166666666667
0.0204166666666667
0.0220833333333333
0.0125
0.0179166666666667
0.0141666666666667
0.0166666666666667
0.0145833333333333
0.01375
0.0208333333333333
0.0204166666666667
0.0154166666666667
0.0158333333333333
0.0191666666666667
0.0120833333333333
0.0191666666666667
0.01875
0.02125
0.015
0.0183333333333333
0.0145833333333333
0.0141666666666667
0.0141666666666667
0.0220833333333333
0.0166666666666667
0.0154166666666667
0.02125
0.0158333333333333
0.0216666666666667
0.0166666666666667
0.0116666666666667
0.01625
0.0179166666666667
0.0120833333333333
0.015
0.0225
0.0170833333333333
0.0166666666666667
0.0158333333333333
0.0145833333333333
0.0116666666666667
0.01625
0.0145833333333333
0.02
0.0129166666666667
0.0220833333333333
0.01875
0.0229166666666667
0.0141666666666667
0.0183333333333333
0.0166666666666667
0.0170833333333333
0.0145833333333333
0.0170833333333333
0.0166666666666667
0.0129166666666667
0.02125
0.0183333333333333
0.0191666666666667
0.015
0.0141666666666667
0.02
0.01875
0.0166666666666667
0.0195833333333333
0.0208333333333333
0.0145833333333333
0.0116666666666667
0.01375
0.01375
0.0154166666666667
0.0141666666666667
0.0183333333333333
0.0075
0.01375
0.00916666666666667
0.00833333333333333
0.0104166666666667
0.0125
0.0116666666666667
0.0075
0.00916666666666667
0.00833333333333333
0.0120833333333333
0.0108333333333333
0.0116666666666667
0.00875
0.0120833333333333
0.0141666666666667
0.0120833333333333
0.0104166666666667
0.01125
0.01625
0.0133333333333333
0.0129166666666667
0.0141666666666667
0.0125
0.0158333333333333
0.0104166666666667
0.00916666666666667
0.01125
0.0116666666666667
0.0120833333333333
0.00875
0.0075
0.0129166666666667
0.01375
0.015
0.01375
0.0133333333333333
0.0116666666666667
0.01
0.01125
0.0133333333333333
0.01125
0.01125
0.0133333333333333
0.00666666666666667
0.0129166666666667
0.01375
0.0133333333333333
0.0145833333333333
0.0116666666666667
0.0133333333333333
0.0125
0.0166666666666667
0.0158333333333333
0.01625
0.0129166666666667
0.01375
0.0120833333333333
0.01125
0.0133333333333333
0.01375
0.01125
0.0133333333333333
0.0108333333333333
0.0120833333333333
0.0108333333333333
0.0129166666666667
0.0125
0.0108333333333333
0.0116666666666667
0.0116666666666667
0.00958333333333333
0.0120833333333333
0.01
0.0104166666666667
0.01
0.015
0.0104166666666667
0.0116666666666667
0.0116666666666667
0.0104166666666667
0.0120833333333333
0.0154166666666667
0.0179166666666667
0.0104166666666667
0.0129166666666667
0.0125
0.0166666666666667
0.0158333333333333
0.0145833333333333
0.01375
0.01625
0.0141666666666667
0.015
0.0183333333333333
0.0175
0.0170833333333333
0.0125
0.01375
0.0104166666666667
0.0125
0.0108333333333333
0.01
0.00958333333333333
0.0145833333333333
0.01125
0.01375
0.01125
0.00958333333333333
0.0129166666666667
0.00916666666666667
0.0116666666666667
0.01
0.01375
0.0125
0.0129166666666667
0.0129166666666667
0.00541666666666667
0.0104166666666667
0.00708333333333333
0.00416666666666667
0.00833333333333333
0.00916666666666667
0.00791666666666667
0.00791666666666667
0.00833333333333333
0.00583333333333333
0.00833333333333333
0.00541666666666667
0.00833333333333333
0.005
0.01125
0.0125
0.0104166666666667
0.0129166666666667
0.0108333333333333
0.0104166666666667
0.00875
0.0116666666666667
0.0116666666666667
0.0120833333333333
0.00916666666666667
0.00875
0.00916666666666667
0.00916666666666667
0.00833333333333333
0.0116666666666667
0.00916666666666667
0.0125
0.00791666666666667
0.005
0.005
0.01125
0.00958333333333333
0.00916666666666667
0.00958333333333333
0.01
0.0108333333333333
0.0108333333333333
0.00375
0.0075
0.00833333333333333
0.0133333333333333
0.005
0.0108333333333333
0.00833333333333333
0.0129166666666667
0.00916666666666667
0.00791666666666667
0.00958333333333333
0.00875
0.00791666666666667
0.00583333333333333
0.00791666666666667
0.00625
0.00791666666666667
0.0075
0.00666666666666667
0.00791666666666667
0.0104166666666667
0.00791666666666667
0.00958333333333333
0.00541666666666667
0.00916666666666667
0.01
0.00958333333333333
0.0104166666666667
0.00708333333333333
0.00666666666666667
0.0129166666666667
0.0108333333333333
0.01
0.0116666666666667
0.0116666666666667
0.00916666666666667
0.0075
0.0120833333333333
0.00708333333333333
0.0075
0.00625
0.00625
0.0120833333333333
0.00666666666666667
0.00791666666666667
0.00791666666666667
0.00666666666666667
0.0125
0.00583333333333333
0.01
0.00625
0.00791666666666667
0.00625
0.00875
0.00791666666666667
0.00791666666666667
0.00916666666666667
0.0075
0.00791666666666667
0.0075
0.00708333333333333
0.0075
0.01
0.01
0.0116666666666667
0.0120833333333333
0.01125
0.01125
0.00916666666666667
0.00916666666666667
0.0104166666666667
0.00833333333333333
0.0120833333333333
0.00916666666666667
0.00833333333333333
0.0120833333333333
0.0120833333333333
0.0120833333333333
0.0125
0.00583333333333333
0.00625
0.0120833333333333
0.0120833333333333
0.00833333333333333
0.00916666666666667
0.00666666666666667
0.0129166666666667
0.0075
0.01
0.01
0.00708333333333333
0.0025
0.00291666666666667
0.00583333333333333
0.00291666666666667
0.00541666666666667
0.00625
0.00583333333333333
0.00416666666666667
0.000833333333333333
0.00541666666666667
0.00625
0.00458333333333333
0.00291666666666667
0.00416666666666667
0.00333333333333333
0.0025
0.00291666666666667
0.00208333333333333
0.0025
0.00458333333333333
0.00375
0.00416666666666667
0.00708333333333333
0.00625
0.00458333333333333
0.00625
0.00833333333333333
0.0075
0.005
0.00625
0.00291666666666667
0.00583333333333333
0.00458333333333333
0.00541666666666667
0.00541666666666667
0.005
0.00375
0.0025
0.00125
0.00583333333333333
0.00666666666666667
0.00666666666666667
0.005
0.00583333333333333
0.00541666666666667
0.00666666666666667
0.00666666666666667
0.00458333333333333
0.00291666666666667
0.005
0.00458333333333333
0.00583333333333333
0.00208333333333333
0.00416666666666667
0.00666666666666667
0.00541666666666667
0.0075
0.00625
0.00708333333333333
0.00833333333333333
0.00791666666666667
0.00833333333333333
0.00625
0.00583333333333333
0.00625
0.00333333333333333
0.00583333333333333
0.00541666666666667
0.00416666666666667
0.00416666666666667
0.00416666666666667
0.00333333333333333
0.00166666666666667
0.00833333333333333
0.00291666666666667
0.00375
0.00416666666666667
0.005
0.00291666666666667
0.00541666666666667
0.00625
0.00666666666666667
0.00583333333333333
0.00666666666666667
0.00416666666666667
0.00666666666666667
0.005
0.00583333333333333
0.00708333333333333
0.00875
0.0075
0.0075
0.00791666666666667
0.00833333333333333
0.00708333333333333
0.00791666666666667
0.00166666666666667
0.00708333333333333
0.00666666666666667
0.00583333333333333
0.00666666666666667
0.00458333333333333
0.00541666666666667
0.00583333333333333
0.00375
0.005
0.00375
0.00291666666666667
0.00333333333333333
0.00291666666666667
0.00333333333333333
0.00291666666666667
0.00291666666666667
0.0025
0.00208333333333333
0.00166666666666667
0.00583333333333333
0.00541666666666667
0.00458333333333333
0.00875
0.00625
0.00833333333333333
0.00791666666666667
0.00458333333333333
0.00583333333333333
0.00875
0.00791666666666667
0.005
0.00583333333333333
