6.25e-05
0.000479166666666667
8.33333333333333e-05
0.000895833333333333
0.0008125
0.000666666666666667
0.00102083333333333
0.001125
0.00116666666666667
0.000895833333333333
0.001125
0.00102083333333333
0.000645833333333333
0.00025
0.0006875
0.00252083333333333
0.00222916666666667
0.00152083333333333
0.00266666666666667
0.00154166666666667
0.00191666666666667
0.00216666666666667
0.00135416666666667
0.00141666666666667
0.00204166666666667
0.00152083333333333
0.000520833333333333
0.000729166666666667
0.000729166666666667
0.000520833333333333
0.000770833333333333
0.00172916666666667
0.00075
0.000958333333333333
0.00135416666666667
0.0008125
0.00204166666666667
0.00185416666666667
0.00208333333333333
0.0023125
0.0023125
0.00147916666666667
0.0025
0.00154166666666667
0.0010625
0.00127083333333333
0.00254166666666667
0.000979166666666667
0.00145833333333333
0.00210416666666667
0.00135416666666667
0.001375
0.000458333333333333
0.0023125
0.0025
0.00258333333333333
0.0020625
0.00266666666666667
0.0013125
0.00152083333333333
0.00272916666666667
0.00125
0.00254166666666667
0.0009375
0.000833333333333333
0.000979166666666667
0.0006875
0.0010625
0.00104166666666667
0.000916666666666667
0.000979166666666667
0.000854166666666667
0.00102083333333333
0.0015625
0.0008125
0.0009375
0.00220833333333333
0.00075
0.000916666666666667
0.0021875
0.00125
0.002875
0.0021875
0.0009375
4.16666666666667e-05
0.00275
0.00133333333333333
0.00258333333333333
0.00120833333333333
0.00266666666666667
0.00127083333333333
0.00258333333333333
0.00254166666666667
0.0025625
0.002625
0.00110416666666667
0.0010625
0.000520833333333333
0.000145833333333333
0.000604166666666667
0.000104166666666667
0.000770833333333333
0.000979166666666667
0.000666666666666667
0.000729166666666667
0.00133333333333333
0.00272916666666667
0.000833333333333333
0.000916666666666667
0.000833333333333333
0.000666666666666667
0.00075
0.00108333333333333
0.000979166666666667
0.000833333333333333
0.000729166666666667
0.00104166666666667
2.08333333333333e-05
0.000958333333333333
0.001125
0.00277083333333333
0.000916666666666667
0.000916666666666667
0.00254166666666667
0.0010625
0.000895833333333333
0.002625
0.0025
0.00241666666666667
0.00110416666666667
0.00110416666666667
0.000958333333333333
0.00145833333333333
0.00133333333333333
0.00129166666666667
0.00125
0.001625
0.00129166666666667
0.00125
0.0015
0.00225
0.00139583333333333
0.00127083333333333
0.0020625
0.00125
0.00208333333333333
0.00127083333333333
0.0023125
0.00210416666666667
0.001
0.00116666666666667
0.001375
0.001375
0.00152083333333333
0.001
0.0015625
0.0013125
0.0014375
0.00104166666666667
0.00122916666666667
0.00147916666666667
0.00225
0.0013125
0.00147916666666667
0.0013125
0.001125
0.0010625
0.00147916666666667
0.00125
0.00120833333333333
0.00216666666666667
0.0013125
0.0014375
0.00127083333333333
0.0015
0.001
0.00127083333333333
0.00125
0.00120833333333333
0.00116666666666667
0.000916666666666667
0.00129166666666667
0.000895833333333333
0.00133333333333333
0.0014375
0.00147916666666667
0.001
0.00125
0.00125
0.0010625
0.00204166666666667
0.00127083333333333
0.00116666666666667
0.000979166666666667
0.0009375
0.00108333333333333
0.00102083333333333
0.0020625
0.00120833333333333
0.00116666666666667
0.0010625
0.00120833333333333
0.00152083333333333
0.0010625
0.00110416666666667
0.000958333333333333
0.00120833333333333
0.0013125
0.00139583333333333
0.001375
0.00135416666666667
0.00133333333333333
0.00135416666666667
0.00108333333333333
0.00135416666666667
0.00129166666666667
0.00179166666666667
0.00195833333333333
0.00122916666666667
0.00116666666666667
0.00129166666666667
0.0016875
0.00129166666666667
0.00202083333333333
0.00202083333333333
0.001375
0.0006875
0.00116666666666667
0.00141666666666667
0.000958333333333333
0.001125
0.000875
0.00108333333333333
0.00125
0.0013125
0.00120833333333333
0.00170833333333333
0.00114583333333333
0.0014375
0.00104166666666667
0.0011875
0.00110416666666667
0.00210416666666667
0.000979166666666667
0.00120833333333333
0.00129166666666667
0.00210416666666667
0.0011875
0.00177083333333333
0.00154166666666667
0.0015
0.00189583333333333
0.0011875
0.00114583333333333
0.00129166666666667
0.0010625
0.001375
0.00104166666666667
0.00158333333333333
0.000833333333333333
0.00122916666666667
0.001125
0.00135416666666667
0.00139583333333333
0.00129166666666667
0.00177083333333333
0.000770833333333333
0.000625
0.000916666666666667
0.000875
0.00108333333333333
0.0009375
0.000854166666666667
0.00127083333333333
0.000645833333333333
0.00110416666666667
0.00116666666666667
0.00185416666666667
0.000916666666666667
0.00170833333333333
0.001125
0.00116666666666667
0.001375
0.00164583333333333
0.00145833333333333
0.00141666666666667
0.00166666666666667
0.00114583333333333
0.000895833333333333
0.00108333333333333
0.0013125
0.001125
0.00160416666666667
0.00141666666666667
0.000875
0.00145833333333333
0.00116666666666667
0.00135416666666667
0.00129166666666667
0.000604166666666667
0.0010625
0.00125
0.000666666666666667
0.0008125
0.00139583333333333
0.00141666666666667
0.000895833333333333
0.0010625
0.00120833333333333
0.00135416666666667
6.25e-05
0.0015625
0.000958333333333333
0.0011875
0.00122916666666667
0.000875
0.00104166666666667
0.00110416666666667
0.0010625
0.00129166666666667
0.00160416666666667
0.00197916666666667
0.0015
0.000979166666666667
0.0011875
0.00108333333333333
0.000854166666666667
0.001125
0.00166666666666667
0.000604166666666667
0.00177083333333333
0.000854166666666667
0.00110416666666667
0.001375
0.0008125
0.000791666666666667
0.0010625
0.000875
0.001
0.001125
0.0010625
0.0010625
0.00102083333333333
0.00114583333333333
0.0008125
0.000666666666666667
0.00108333333333333
0.000875
0.000979166666666667
0.0009375
0.00110416666666667
0.0008125
0.000958333333333333
0.00127083333333333
0.00141666666666667
0.001
0.000854166666666667
0.00114583333333333
0.0011875
0.00135416666666667
0.0014375
0.00127083333333333
0.00141666666666667
0.00158333333333333
0.00116666666666667
0.001
0.00152083333333333
0.000895833333333333
0.0014375
0.00135416666666667
0.00114583333333333
0.0010625
0.00152083333333333
0.00152083333333333
0.001625
0.000770833333333333
0.0016875
0.00114583333333333
0.000833333333333333
0.00154166666666667
0.00122916666666667
0.001625
0.0010625
0.00133333333333333
0.00116666666666667
0.000833333333333333
0.00120833333333333
0.0008125
0.00104166666666667
0.00141666666666667
0.000875
0.0008125
0.00102083333333333
0.00160416666666667
0.000854166666666667
0.00160416666666667
0.00152083333333333
0.00141666666666667
0.00166666666666667
0.00139583333333333
0.000979166666666667
0.00120833333333333
0.00135416666666667
0.00116666666666667
0.00135416666666667
0.001125
0.00114583333333333
0.00125
0.00104166666666667
0.00110416666666667
0.00075
0.00116666666666667
0.00110416666666667
0.00114583333333333
0.0008125
0.00160416666666667
0.00139583333333333
0.00141666666666667
0.00114583333333333
0.00120833333333333
0.000895833333333333
0.000791666666666667
0.00116666666666667
0.000833333333333333
0.000979166666666667
0.00133333333333333
0.00104166666666667
0.000895833333333333
0.00114583333333333
0.001125
0.00152083333333333
0.00164583333333333
0.00102083333333333
0.00177083333333333
0.00166666666666667
0.0009375
0.0015
0.00170833333333333
0.00120833333333333
0.00104166666666667
0.00135416666666667
0.000875
0.00179166666666667
0.000979166666666667
0.00110416666666667
0.00133333333333333
0.00114583333333333
0.00127083333333333
0.00139583333333333
0.000958333333333333
0.00114583333333333
0.001
0.00116666666666667
0.001125
0.0011875
0.00108333333333333
0.001125
0.000979166666666667
0.00145833333333333
0.00147916666666667
0.00110416666666667
0.00110416666666667
0.0013125
0.00133333333333333
0.00114583333333333
0.00145833333333333
0.000979166666666667
0.000916666666666667
0.00166666666666667
0.000979166666666667
0.00127083333333333
0.000958333333333333
0.00116666666666667
0.00104166666666667
0.001125
0.00135416666666667
0.0010625
0.00125
0.0013125
0.00133333333333333
0.00102083333333333
0.00125
0.00133333333333333
0.00125
0.00133333333333333
0.0013125
0.0008125
0.00120833333333333
0.000979166666666667
0.000770833333333333
0.000854166666666667
0.00104166666666667
0.00122916666666667
0.0011875
0.000708333333333333
0.00122916666666667
0.00116666666666667
0.000791666666666667
0.00108333333333333
0.00116666666666667
0.001
0.000916666666666667
0.00133333333333333
0.000875
0.0010625
0.00116666666666667
0.001125
0.000916666666666667
0.000645833333333333
0.0009375
0.000791666666666667
0.000895833333333333
0.00125
0.0013125
0.00139583333333333
0.001375
0.0004375
0.000583333333333333
0.000895833333333333
0.000729166666666667
0.000875
0.000875
0.000958333333333333
0.000833333333333333
0.000958333333333333
0.00104166666666667
0.000875
0.00075
0.000833333333333333
0.00129166666666667
0.000979166666666667
0.00122916666666667
0.00185416666666667
0.00125
0.0010625
0.00110416666666667
0.0010625
0.000958333333333333
0.000916666666666667
0.00125
0.00110416666666667
0.00110416666666667
0.00135416666666667
0.001
0.001625
0.001375
0.001375
0.00104166666666667
0.00127083333333333
0.000875
0.000708333333333333
0.000854166666666667
0.0008125
0.000708333333333333
0.00239583333333333
0.000729166666666667
0.000833333333333333
0.000916666666666667
0.000541666666666667
0.00141666666666667
0.0010625
0.000729166666666667
0.000708333333333333
0.00102083333333333
0.000645833333333333
0.00110416666666667
0.0011875
0.000833333333333333
0.00102083333333333
0.00197916666666667
0.0010625
0.000958333333333333
0.00129166666666667
0.001125
0.0013125
0.0010625
0.0009375
0.0011875
0.00145833333333333
0.000875
0.00116666666666667
0.0008125
0.0011875
0.00127083333333333
0.00104166666666667
0.00108333333333333
0.0011875
0.00170833333333333
0.000895833333333333
0.00104166666666667
0.000895833333333333
0.000770833333333333
0.0009375
0.00122916666666667
0.0010625
0.00127083333333333
0.000625
0.001
0.00114583333333333
0.00108333333333333
0.0010625
0.00160416666666667
0.00160416666666667
0.00183333333333333
0.0011875
0.000854166666666667
0.000916666666666667
0.000895833333333333
0.00141666666666667
0.00141666666666667
0.00135416666666667
0.00127083333333333
0.00110416666666667
0.00139583333333333
0.0014375
0.00129166666666667
0.00147916666666667
0.00139583333333333
0.00104166666666667
0.001
0.000916666666666667
0.001375
0.000645833333333333
0.00114583333333333
0.001125
0.00164583333333333
0.000979166666666667
0.00120833333333333
0.000770833333333333
0.00141666666666667
0.00104166666666667
0.001
0.000875
0.00102083333333333
0.0009375
0.00102083333333333
0.000979166666666667
0.00129166666666667
0.00116666666666667
0.000958333333333333
0.00120833333333333
0.00104166666666667
0.0011875
0.00141666666666667
0.00158333333333333
0.000916666666666667
0.00125
0.000979166666666667
0.0015
0.00110416666666667
0.00104166666666667
0.00122916666666667
0.00104166666666667
0.00102083333333333
0.00129166666666667
0.00122916666666667
0.000979166666666667
0.000916666666666667
0.000833333333333333
0.00152083333333333
0.000958333333333333
0.000645833333333333
0.00108333333333333
0.0009375
0.000729166666666667
0.00125
0.000666666666666667
0.00102083333333333
0.00102083333333333
0.00122916666666667
0.00110416666666667
0.0009375
0.00110416666666667
0.00147916666666667
0.00122916666666667
0.00145833333333333
0.0011875
0.0014375
0.00154166666666667
0.00135416666666667
0.0015
0.00110416666666667
0.00158333333333333
0.0011875
0.000833333333333333
0.000875
0.00147916666666667
0.000979166666666667
0.00129166666666667
0.000854166666666667
0.00110416666666667
0.000791666666666667
0.00110416666666667
0.00158333333333333
0.0016875
0.00108333333333333
0.00145833333333333
0.000958333333333333
0.00110416666666667
0.000875
0.001
0.00175
0.000916666666666667
0.00110416666666667
0.0009375
0.00116666666666667
0.00104166666666667
0.00164583333333333
0.00116666666666667
0.00075
0.000625
0.00141666666666667
0.00141666666666667
0.00133333333333333
0.0011875
0.00116666666666667
0.00185416666666667
0.00108333333333333
0.00141666666666667
0.00110416666666667
0.000770833333333333
0.000958333333333333
0.001
0.000958333333333333
0.0011875
0.0010625
0.000958333333333333
0.00114583333333333
0.001
0.0015625
0.000875
0.00127083333333333
0.00102083333333333
0.00160416666666667
0.00147916666666667
0.00125
0.00120833333333333
0.00116666666666667
0.0015
0.001125
0.00120833333333333
0.00114583333333333
0.000895833333333333
0.00145833333333333
0.000958333333333333
0.00110416666666667
0.001
0.000791666666666667
0.0011875
0.000979166666666667
0.00147916666666667
0.00102083333333333
0.000833333333333333
0.000875
0.00104166666666667
0.00141666666666667
0.00116666666666667
0.00110416666666667
0.00116666666666667
0.00110416666666667
0.00125
0.000666666666666667
0.000979166666666667
0.000875
0.001375
0.001375
0.00133333333333333
0.00139583333333333
0.0010625
0.00104166666666667
0.000875
0.000958333333333333
0.00127083333333333
0.00152083333333333
0.001125
0.00104166666666667
0.00110416666666667
0.001125
0.00191666666666667
0.00116666666666667
0.0020625
0.00195833333333333
0.00129166666666667
0.0011875
0.0015625
0.00125
0.00133333333333333
0.0016875
0.00158333333333333
0.0013125
0.00135416666666667
0.001
0.000875
0.00154166666666667
0.00127083333333333
0.000854166666666667
0.0011875
0.00135416666666667
0.00104166666666667
0.00158333333333333
0.00147916666666667
0.000979166666666667
0.00164583333333333
0.00110416666666667
0.00133333333333333
0.00104166666666667
0.00164583333333333
0.00127083333333333
0.000979166666666667
0.00141666666666667
0.00145833333333333
0.0019375
0.00195833333333333
0.0011875
0.000875
0.000916666666666667
0.0009375
0.00177083333333333
0.00114583333333333
0.0010625
0.00177083333333333
0.00179166666666667
0.00139583333333333
0.001625
0.00185416666666667
0.0019375
0.00160416666666667
0.00204166666666667
0.00164583333333333
0.00172916666666667
0.000895833333333333
0.00170833333333333
0.00172916666666667
0.00104166666666667
0.00102083333333333
0.00122916666666667
0.00147916666666667
0.00120833333333333
0.0015
0.00139583333333333
0.000625
0.001
0.0011875
0.001625
0.0021875
0.00195833333333333
0.00147916666666667
0.00152083333333333
0.00170833333333333
0.00202083333333333
0.00154166666666667
0.00189583333333333
0.0015625
0.001875
0.0015625
0.00160416666666667
0.00160416666666667
0.00179166666666667
0.00158333333333333
0.00170833333333333
0.0021875
0.0011875
0.0009375
0.001125
0.00147916666666667
0.000979166666666667
0.0008125
0.0009375
0.000791666666666667
0.0013125
0.000958333333333333
0.00183333333333333
0.002
0.00141666666666667
0.00145833333333333
0.0008125
0.00177083333333333
0.00114583333333333
0.0006875
0.00227083333333333
0.001875
0.00158333333333333
0.001
0.00120833333333333
0.00175
0.00172916666666667
0.0020625
0.0015625
0.00214583333333333
0.00185416666666667
0.0016875
0.00189583333333333
0.00164583333333333
0.0014375
0.00189583333333333
0.002125
0.00208333333333333
0.00108333333333333
0.00116666666666667
0.00125
0.00120833333333333
0.00154166666666667
0.0008125
0.00127083333333333
0.0014375
0.00127083333333333
0.0013125
0.000979166666666667
0.001875
0.000979166666666667
0.00191666666666667
0.00216666666666667
0.0010625
0.00108333333333333
0.000666666666666667
0.000958333333333333
0.00125
0.002
0.000854166666666667
0.00197916666666667
0.000916666666666667
0.001875
0.00141666666666667
0.0019375
0.00116666666666667
0.00185416666666667
0.001
0.00172916666666667
0.00160416666666667
0.00147916666666667
0.00104166666666667
0.00166666666666667
0.002
0.0019375
0.00183333333333333
0.00116666666666667
0.00177083333333333
0.0016875
0.000895833333333333
0.0011875
0.00120833333333333
0.00075
0.00183333333333333
0.00141666666666667
0.0009375
0.00127083333333333
0.000979166666666667
0.00114583333333333
0.00152083333333333
0.001375
0.00166666666666667
0.00114583333333333
0.00191666666666667
0.0014375
0.00164583333333333
0.00191666666666667
0.00185416666666667
0.00185416666666667
0.0019375
0.00127083333333333
0.00179166666666667
0.00185416666666667
0.00189583333333333
0.00172916666666667
0.00164583333333333
0.001625
0.0015
0.001625
0.00175
0.00195833333333333
0.00164583333333333
0.00189583333333333
0.00147916666666667
0.0015625
0.00195833333333333
0.00183333333333333
0.00177083333333333
0.00175
0.00133333333333333
0.00185416666666667
0.0013125
0.00164583333333333
0.00170833333333333
0.0015625
0.00179166666666667
0.0018125
0.00158333333333333
0.00183333333333333
0.00197916666666667
0.00177083333333333
0.00185416666666667
0.00158333333333333
0.00175
0.00110416666666667
0.00158333333333333
0.0018125
0.0015625
0.0009375
0.001375
0.00129166666666667
0.00158333333333333
0.00125
0.00216666666666667
0.00179166666666667
0.00195833333333333
0.00197916666666667
0.00120833333333333
0.0015625
0.00183333333333333
0.00175
0.00210416666666667
0.00177083333333333
0.0015
0.00125
0.00214583333333333
0.00210416666666667
0.00172916666666667
0.00170833333333333
0.001375
0.00177083333333333
0.00166666666666667
0.00145833333333333
0.00170833333333333
0.00102083333333333
0.00127083333333333
0.00166666666666667
0.00172916666666667
0.0019375
0.001375
0.00183333333333333
0.001875
0.00141666666666667
0.0015
0.0015
0.00189583333333333
0.00172916666666667
0.0013125
0.00127083333333333
0.0013125
0.00158333333333333
0.0019375
0.00172916666666667
0.00164583333333333
0.0015
0.00141666666666667
0.00125
0.00164583333333333
0.00116666666666667
0.00154166666666667
0.00104166666666667
0.00116666666666667
0.0020625
0.00189583333333333
0.00139583333333333
0.0015625
0.00177083333333333
0.001625
0.00145833333333333
0.00195833333333333
0.00147916666666667
0.001875
0.00197916666666667
0.0015625
0.00166666666666667
0.001625
0.00177083333333333
0.00166666666666667
0.001625
0.00202083333333333
0.001875
0.00139583333333333
0.0011875
0.001625
0.00154166666666667
0.00177083333333333
0.0016875
0.00177083333333333
0.0015625
0.00195833333333333
0.00202083333333333
0.0016875
0.0016875
0.001875
0.00172916666666667
0.00166666666666667
0.0018125
0.00122916666666667
0.00129166666666667
0.00145833333333333
0.00191666666666667
0.0015625
0.001125
0.00110416666666667
0.00158333333333333
0.00135416666666667
0.0018125
0.0020625
0.00164583333333333
0.00185416666666667
0.00195833333333333
0.00120833333333333
0.00170833333333333
0.00172916666666667
0.002
0.00133333333333333
0.00189583333333333
0.00183333333333333
0.00104166666666667
0.00170833333333333
0.0018125
0.00185416666666667
0.00152083333333333
0.00189583333333333
0.00164583333333333
0.00158333333333333
0.00141666666666667
0.00145833333333333
0.00141666666666667
0.00177083333333333
0.00125
0.00122916666666667
0.00125
0.00164583333333333
0.0016875
0.00127083333333333
0.00116666666666667
0.00127083333333333
0.00141666666666667
0.0020625
0.0013125
0.00154166666666667
0.00147916666666667
0.00147916666666667
0.001375
0.00147916666666667
0.0013125
0.00160416666666667
0.00127083333333333
0.0015625
0.00125
0.00133333333333333
0.00122916666666667
0.0011875
0.00114583333333333
0.000958333333333333
0.00116666666666667
0.00120833333333333
0.0011875
0.0015625
0.0011875
0.00133333333333333
0.0016875
0.00122916666666667
0.00125
0.000916666666666667
0.00116666666666667
0.00122916666666667
0.0010625
0.00154166666666667
0.00133333333333333
0.00139583333333333
0.0011875
0.00133333333333333
0.00135416666666667
0.00147916666666667
0.00164583333333333
0.00152083333333333
0.00139583333333333
0.0014375
0.00141666666666667
0.00133333333333333
0.00129166666666667
0.00152083333333333
0.00139583333333333
0.00154166666666667
0.001625
0.00114583333333333
0.00139583333333333
0.00133333333333333
0.00145833333333333
0.0019375
0.0016875
0.00185416666666667
0.00152083333333333
0.00152083333333333
0.00133333333333333
0.001375
0.00125
0.001625
0.0015625
0.00129166666666667
0.00102083333333333
0.00116666666666667
0.00127083333333333
0.00102083333333333
0.00202083333333333
0.0014375
0.00135416666666667
0.0010625
0.00170833333333333
0.00114583333333333
0.0014375
0.00147916666666667
0.00158333333333333
0.001375
0.00172916666666667
0.00108333333333333
0.00120833333333333
0.00127083333333333
0.00120833333333333
0.00166666666666667
0.0013125
0.00152083333333333
0.00129166666666667
0.00166666666666667
0.00166666666666667
0.001
0.00160416666666667
0.0015
0.00164583333333333
0.00145833333333333
0.001625
0.00108333333333333
0.00152083333333333
0.00125
0.00145833333333333
0.00145833333333333
0.00116666666666667
0.00120833333333333
0.001375
0.001125
0.00147916666666667
0.00160416666666667
0.0015
0.0016875
0.0010625
0.001875
0.00164583333333333
0.00122916666666667
0.00129166666666667
0.00204166666666667
0.00120833333333333
0.000979166666666667
0.00133333333333333
0.000895833333333333
0.0009375
0.00120833333333333
0.000875
0.00141666666666667
0.00102083333333333
0.00183333333333333
0.001125
0.00141666666666667
0.00139583333333333
0.0015
0.00170833333333333
0.00133333333333333
0.001375
0.0010625
0.001625
0.0015
0.00122916666666667
0.000979166666666667
0.00160416666666667
0.00233333333333333
0.0023125
0.001625
0.00241666666666667
0.00160416666666667
0.00241666666666667
0.001625
0.00141666666666667
0.0013125
0.00127083333333333
0.00114583333333333
0.000916666666666667
0.00172916666666667
0.00160416666666667
0.002375
0.00145833333333333
0.000958333333333333
0.00120833333333333
0.001125
0.00114583333333333
0.001125
0.00125
0.00104166666666667
0.000895833333333333
0.00129166666666667
0.00147916666666667
0.000875
0.00104166666666667
0.00125
0.001125
0.001125
0.00160416666666667
0.00114583333333333
0.00075
0.0006875
0.00158333333333333
0.000916666666666667
0.00147916666666667
0.00102083333333333
0.00170833333333333
0.00122916666666667
0.00116666666666667
0.001625
0.0014375
0.00166666666666667
0.00104166666666667
0.00125
0.00172916666666667
0.00120833333333333
0.00225
0.0015
0.001
0.00139583333333333
0.00152083333333333
0.001125
0.00114583333333333
0.00222916666666667
0.00191666666666667
0.0019375
0.00152083333333333
0.00241666666666667
0.00145833333333333
0.00147916666666667
0.001
0.00220833333333333
0.000916666666666667
0.0009375
0.000854166666666667
0.000958333333333333
0.00125
0.000979166666666667
0.00125
0.00154166666666667
0.00102083333333333
0.00116666666666667
0.00139583333333333
0.00135416666666667
0.00145833333333333
0.00152083333333333
0.0021875
0.00229166666666667
0.001625
0.0013125
0.00135416666666667
0.00216666666666667
0.0013125
0.00158333333333333
0.00164583333333333
0.00233333333333333
0.00241666666666667
0.0015
0.00241666666666667
0.00152083333333333
0.001375
0.00075
0.000770833333333333
0.00102083333333333
0.0018125
0.00158333333333333
0.00110416666666667
0.00120833333333333
0.00202083333333333
0.00110416666666667
0.00120833333333333
0.00177083333333333
0.00154166666666667
0.001
0.00204166666666667
0.00141666666666667
0.00135416666666667
0.00108333333333333
0.00129166666666667
0.0011875
0.001125
0.0006875
0.001125
0.0009375
0.001625
0.00170833333333333
0.00125
0.00235416666666667
0.00129166666666667
0.00116666666666667
0.00185416666666667
0.00183333333333333
0.00147916666666667
0.00225
0.0010625
0.00202083333333333
0.00270833333333333
0.00133333333333333
0.00133333333333333
0.00279166666666667
0.001375
0.00189583333333333
0.00270833333333333
0.00225
0.001375
0.001125
0.00110416666666667
0.00122916666666667
0.0014375
0.000979166666666667
0.00166666666666667
0.00166666666666667
0.00139583333333333
0.00152083333333333
0.0013125
0.00110416666666667
0.00108333333333333
0.00139583333333333
0.00147916666666667
0.00147916666666667
0.0008125
0.0015625
0.001125
0.000916666666666667
0.000625
0.00175
0.001375
0.001875
0.00204166666666667
0.00120833333333333
0.0023125
0.00129166666666667
0.0024375
0.002
0.0026875
0.0010625
0.00120833333333333
0.002625
0.00133333333333333
0.00116666666666667
0.00133333333333333
0.00110416666666667
0.00102083333333333
0.00141666666666667
0.001875
0.0013125
0.00125
0.00235416666666667
0.0015
0.00141666666666667
0.00279166666666667
0.00279166666666667
0.00139583333333333
0.00220833333333333
0.0018125
0.001875
0.00216666666666667
0.00141666666666667
0.00264583333333333
0.000895833333333333
0.001
0.000958333333333333
0.00110416666666667
0.00122916666666667
0.00104166666666667
0.0011875
0.00133333333333333
0.00135416666666667
0.001125
0.00120833333333333
0.0013125
0.00120833333333333
0.00125
0.0019375
0.00125
0.00127083333333333
0.00127083333333333
0.00127083333333333
0.00133333333333333
0.00102083333333333
0.000916666666666667
0.00177083333333333
0.00120833333333333
0.00135416666666667
0.00141666666666667
0.00120833333333333
0.00147916666666667
0.00116666666666667
0.0014375
0.00172916666666667
0.00216666666666667
0.00152083333333333
0.00108333333333333
0.00152083333333333
0.00220833333333333
0.0010625
0.00135416666666667
0.00116666666666667
0.00125
0.00120833333333333
0.00147916666666667
0.00122916666666667
0.001625
0.00139583333333333
0.00127083333333333
0.001875
0.00114583333333333
0.00129166666666667
0.00139583333333333
0.00166666666666667
0.000833333333333333
0.00102083333333333
0.00164583333333333
0.001375
0.00225
0.00104166666666667
0.00141666666666667
0.001375
0.00114583333333333
0.000979166666666667
0.00120833333333333
0.001875
0.00185416666666667
0.00222916666666667
0.001375
0.00220833333333333
0.00133333333333333
0.00116666666666667
0.00154166666666667
0.0011875
0.00108333333333333
0.00122916666666667
0.00152083333333333
0.00108333333333333
0.001375
0.00110416666666667
0.0013125
0.0011875
0.0011875
0.00120833333333333
0.00114583333333333
0.00122916666666667
0.00133333333333333
0.00114583333333333
0.00175
0.00125
0.00220833333333333
0.001625
0.0014375
0.001125
0.000833333333333333
0.00154166666666667
0.00108333333333333
0.00185416666666667
0.00177083333333333
0.0019375
0.00133333333333333
0.00108333333333333
0.00120833333333333
0.00114583333333333
0.0015
0.00135416666666667
0.00129166666666667
0.00125
0.00104166666666667
0.00158333333333333
0.00114583333333333
0.001875
0.00172916666666667
0.00189583333333333
0.00102083333333333
0.00185416666666667
0.002
0.00110416666666667
0.00179166666666667
0.000979166666666667
0.00160416666666667
0.00166666666666667
0.00108333333333333
0.001125
0.00172916666666667
0.001
0.000979166666666667
0.00133333333333333
0.000979166666666667
0.0009375
0.0013125
0.000833333333333333
0.000979166666666667
0.001125
0.00152083333333333
0.0013125
0.00154166666666667
0.00175
0.00110416666666667
0.00170833333333333
0.0011875
0.00164583333333333
0.0014375
0.00191666666666667
0.00189583333333333
0.00197916666666667
0.00183333333333333
0.00164583333333333
0.00170833333333333
0.00195833333333333
0.00125
0.00166666666666667
0.00166666666666667
0.00202083333333333
0.00191666666666667
0.00139583333333333
0.001125
0.00133333333333333
0.00245833333333333
0.00158333333333333
0.0015
0.00120833333333333
0.00189583333333333
0.00129166666666667
0.00197916666666667
0.0019375
0.00129166666666667
0.00127083333333333
0.000895833333333333
0.00139583333333333
0.0014375
0.00154166666666667
0.00197916666666667
0.00129166666666667
0.001125
0.00175
0.00183333333333333
0.00195833333333333
0.00114583333333333
0.00154166666666667
0.0018125
0.00152083333333333
0.00104166666666667
0.00122916666666667
0.00154166666666667
0.00120833333333333
0.0013125
0.001
0.00102083333333333
0.000854166666666667
0.00166666666666667
0.00154166666666667
0.00179166666666667
0.00110416666666667
0.00108333333333333
0.00177083333333333
0.0010625
0.00102083333333333
0.00116666666666667
0.0021875
0.000895833333333333
0.00216666666666667
0.0015625
0.00139583333333333
0.001125
0.00152083333333333
0.0011875
0.00108333333333333
0.0009375
0.00102083333333333
0.00220833333333333
0.000916666666666667
0.001375
0.00141666666666667
0.0015
0.0023125
0.00154166666666667
0.00141666666666667
0.0015625
0.000958333333333333
0.000916666666666667
0.0011875
0.00125
0.00152083333333333
0.00158333333333333
0.00195833333333333
0.000979166666666667
0.0013125
0.00145833333333333
0.00166666666666667
0.001125
0.00210416666666667
0.00164583333333333
0.000875
0.0013125
0.0020625
0.00127083333333333
0.000916666666666667
0.0010625
0.0008125
0.0011875
0.00125
0.00129166666666667
0.00166666666666667
0.00133333333333333
0.00141666666666667
0.00129166666666667
0.00127083333333333
0.00195833333333333
0.0013125
0.000979166666666667
0.0014375
0.001375
0.002125
0.0008125
0.0010625
0.00216666666666667
0.00129166666666667
0.00216666666666667
0.00114583333333333
0.00120833333333333
0.00191666666666667
0.000958333333333333
0.000979166666666667
0.000979166666666667
0.00170833333333333
0.000958333333333333
0.00141666666666667
0.00147916666666667
0.00179166666666667
0.00147916666666667
0.00197916666666667
0.0010625
0.0011875
0.00116666666666667
0.001125
0.00175
0.00208333333333333
0.00133333333333333
0.00116666666666667
0.0014375
0.00222916666666667
0.0011875
0.00189583333333333
0.00189583333333333
0.00127083333333333
0.00220833333333333
0.00110416666666667
0.00139583333333333
0.00235416666666667
0.000958333333333333
0.000666666666666667
0.000666666666666667
0.0013125
0.0013125
0.00179166666666667
0.0021875
0.00108333333333333
0.0011875
0.00185416666666667
0.00160416666666667
0.00145833333333333
0.00129166666666667
0.00245833333333333
0.00129166666666667
0.00222916666666667
0.00122916666666667
0.00216666666666667
0.0024375
0.00127083333333333
0.00214583333333333
0.00204166666666667
0.00210416666666667
0.00147916666666667
0.00110416666666667
0.00141666666666667
0.0015625
0.00177083333333333
0.0014375
0.00108333333333333
0.0011875
0.000895833333333333
0.00175
0.000895833333333333
0.00127083333333333
0.000958333333333333
0.0014375
0.00122916666666667
0.00133333333333333
0.001625
0.00133333333333333
0.00135416666666667
0.00145833333333333
0.00154166666666667
0.00145833333333333
0.00152083333333333
0.0015625
0.00122916666666667
0.00164583333333333
0.00127083333333333
0.00127083333333333
0.00114583333333333
0.00104166666666667
0.00075
0.0011875
0.0008125
0.00127083333333333
0.001
0.0011875
0.00127083333333333
0.00141666666666667
0.00127083333333333
0.00129166666666667
0.00154166666666667
0.00164583333333333
0.00154166666666667
0.00120833333333333
0.00141666666666667
0.00141666666666667
0.000770833333333333
0.00120833333333333
0.00172916666666667
0.00189583333333333
0.0020625
0.00125
0.000979166666666667
0.00122916666666667
0.00120833333333333
0.000791666666666667
0.0014375
0.00104166666666667
0.00127083333333333
0.00133333333333333
0.00127083333333333
0.00154166666666667
0.00127083333333333
0.0018125
0.00179166666666667
0.00120833333333333
0.00116666666666667
0.00116666666666667
0.00183333333333333
0.00122916666666667
0.001375
0.0015
0.00183333333333333
0.00158333333333333
0.00125
0.001
0.00102083333333333
0.00116666666666667
0.00120833333333333
0.00125
0.00116666666666667
0.000895833333333333
0.0011875
0.000916666666666667
0.00129166666666667
0.000875
0.00110416666666667
0.00116666666666667
0.00110416666666667
0.00145833333333333
0.00120833333333333
0.00135416666666667
0.00139583333333333
0.00133333333333333
0.0014375
0.00127083333333333
0.00158333333333333
0.00122916666666667
0.00108333333333333
0.00108333333333333
0.001375
0.00135416666666667
0.00114583333333333
0.00120833333333333
0.00158333333333333
0.00122916666666667
0.0013125
0.00166666666666667
0.00102083333333333
0.00160416666666667
0.0010625
0.0015
0.0016875
0.0015
0.00160416666666667
0.00191666666666667
0.000958333333333333
0.0010625
0.00208333333333333
0.00102083333333333
0.0011875
0.00104166666666667
0.00125
0.00102083333333333
0.00125
0.00125
0.00114583333333333
0.00129166666666667
0.0011875
0.000979166666666667
0.000916666666666667
0.00104166666666667
0.001
0.000604166666666667
0.00102083333333333
0.001375
0.00108333333333333
0.00110416666666667
0.0013125
0.000979166666666667
0.000979166666666667
0.0013125
0.001375
0.00122916666666667
0.00127083333333333
0.0013125
0.00133333333333333
0.00139583333333333
0.00125
0.00108333333333333
0.00145833333333333
0.0010625
0.00116666666666667
0.0011875
0.00116666666666667
0.001
0.00114583333333333
0.00116666666666667
0.000979166666666667
0.00122916666666667
0.000604166666666667
0.001125
0.0010625
0.000791666666666667
0.00129166666666667
0.00139583333333333
0.001125
0.00108333333333333
0.00114583333333333
0.0010625
0.00125
0.000979166666666667
0.00125
0.00116666666666667
0.00129166666666667
0.000895833333333333
0.00116666666666667
0.00135416666666667
0.000770833333333333
0.00108333333333333
0.0013125
0.000854166666666667
0.0009375
0.00127083333333333
0.00145833333333333
0.00152083333333333
0.000791666666666667
0.00122916666666667
0.00110416666666667
0.00120833333333333
0.00104166666666667
0.0009375
0.00125
0.00133333333333333
0.0008125
0.001
0.00129166666666667
0.0008125
0.00127083333333333
0.00110416666666667
0.00122916666666667
0.00108333333333333
0.00122916666666667
0.00102083333333333
0.00116666666666667
0.001125
0.00133333333333333
0.001
0.0010625
0.00116666666666667
0.00116666666666667
0.00129166666666667
0.00114583333333333
0.000791666666666667
0.001
0.0011875
0.0008125
0.00114583333333333
0.00127083333333333
0.00116666666666667
0.001125
0.001125
0.00104166666666667
0.000770833333333333
0.00110416666666667
0.0011875
0.00114583333333333
0.000854166666666667
0.001375
0.001125
0.00147916666666667
0.00125
0.00141666666666667
0.00120833333333333
0.0013125
0.00127083333333333
0.00127083333333333
0.00135416666666667
0.00108333333333333
0.0011875
0.00120833333333333
0.00133333333333333
0.00114583333333333
0.000979166666666667
0.0011875
0.00114583333333333
0.00110416666666667
0.0013125
0.00133333333333333
0.000854166666666667
0.000833333333333333
0.000770833333333333
0.000791666666666667
0.0009375
0.000854166666666667
0.00108333333333333
0.000416666666666667
0.00075
0.000541666666666667
0.000583333333333333
0.000666666666666667
0.000979166666666667
0.000708333333333333
0.000541666666666667
0.0005625
0.0005625
0.000770833333333333
0.000666666666666667
0.000729166666666667
0.000520833333333333
0.001
0.000854166666666667
0.0009375
0.000645833333333333
0.000645833333333333
0.0009375
0.000895833333333333
0.000854166666666667
0.001
0.000729166666666667
0.0009375
0.000666666666666667
0.000583333333333333
0.000666666666666667
0.000666666666666667
0.00075
0.000479166666666667
0.000520833333333333
0.000729166666666667
0.000875
0.000916666666666667
0.000854166666666667
0.000791666666666667
0.000770833333333333
0.0006875
0.000708333333333333
0.000791666666666667
0.0006875
0.0006875
0.0008125
5e-04
0.000791666666666667
0.000895833333333333
0.000770833333333333
0.000854166666666667
0.000708333333333333
0.000854166666666667
0.000875
0.00104166666666667
0.000895833333333333
0.00104166666666667
0.0009375
0.000854166666666667
0.000729166666666667
0.000770833333333333
0.000979166666666667
0.000854166666666667
0.000666666666666667
0.000854166666666667
0.0008125
0.000770833333333333
0.000916666666666667
0.000770833333333333
0.0006875
0.000625
0.000729166666666667
0.0006875
0.000729166666666667
0.000708333333333333
0.0008125
0.000645833333333333
0.000729166666666667
0.0009375
0.000666666666666667
0.000895833333333333
0.000791666666666667
0.0008125
0.000958333333333333
0.000958333333333333
0.0010625
0.000791666666666667
0.000729166666666667
0.000791666666666667
0.00102083333333333
0.000895833333333333
0.000833333333333333
0.000770833333333333
0.000979166666666667
0.000854166666666667
0.000854166666666667
0.00108333333333333
0.00102083333333333
0.000979166666666667
0.001
0.000833333333333333
0.000895833333333333
0.00075
0.000958333333333333
0.0008125
0.000604166666666667
0.000770833333333333
0.00102083333333333
0.000833333333333333
0.000979166666666667
0.000541666666666667
0.000729166666666667
0.000541666666666667
0.000666666666666667
0.000541666666666667
0.000770833333333333
0.0006875
0.000708333333333333
0.0008125
0.000333333333333333
0.000583333333333333
0.000395833333333333
0.000229166666666667
0.000416666666666667
0.000479166666666667
0.0004375
0.000416666666666667
0.0004375
0.0003125
0.0004375
0.000291666666666667
0.000416666666666667
0.000291666666666667
0.000833333333333333
0.000875
0.000583333333333333
0.000875
0.0008125
0.000770833333333333
0.000520833333333333
0.000875
0.000854166666666667
0.000645833333333333
0.0005625
0.000479166666666667
0.000479166666666667
0.000520833333333333
0.000520833333333333
0.000583333333333333
5e-04
0.000645833333333333
0.000479166666666667
0.0003125
0.000270833333333333
0.000791666666666667
0.000541666666666667
0.000625
0.0005625
0.00075
0.0008125
0.000770833333333333
0.000208333333333333
0.000395833333333333
0.000520833333333333
0.0006875
0.00025
0.000645833333333333
0.000479166666666667
0.000708333333333333
0.000583333333333333
0.000458333333333333
5e-04
0.000479166666666667
0.000458333333333333
0.000375
0.000458333333333333
0.000354166666666667
0.000458333333333333
0.000458333333333333
0.000395833333333333
0.0004375
0.000583333333333333
0.0004375
0.000520833333333333
0.0003125
0.000479166666666667
0.0006875
0.0005625
0.0005625
0.000416666666666667
0.000354166666666667
0.000791666666666667
0.000729166666666667
0.000541666666666667
0.000708333333333333
0.000770833333333333
5e-04
0.000416666666666667
0.00075
0.000416666666666667
0.0004375
0.000395833333333333
0.000416666666666667
0.000729166666666667
0.0004375
0.000458333333333333
0.000479166666666667
0.000458333333333333
0.000666666666666667
0.000375
0.000583333333333333
0.000375
0.000479166666666667
0.000375
0.000479166666666667
0.0004375
0.0004375
5e-04
0.0004375
0.0004375
0.000458333333333333
0.000375
0.000458333333333333
0.000520833333333333
0.000583333333333333
0.000854166666666667
0.00075
0.000770833333333333
0.000833333333333333
0.000541666666666667
0.000520833333333333
0.0005625
0.0004375
0.000770833333333333
0.000520833333333333
0.000458333333333333
0.00075
0.000729166666666667
0.000770833333333333
0.000791666666666667
0.000375
0.000354166666666667
0.0006875
0.000729166666666667
0.000520833333333333
0.000541666666666667
0.0004375
0.0006875
0.000395833333333333
5e-04
0.000541666666666667
0.000395833333333333
0.000125
0.000145833333333333
0.000291666666666667
0.000145833333333333
0.000270833333333333
0.0003125
0.000291666666666667
0.000208333333333333
4.16666666666667e-05
0.000270833333333333
0.0003125
0.000229166666666667
0.000145833333333333
0.000208333333333333
0.000166666666666667
0.000125
0.000145833333333333
0.000104166666666667
0.000125
0.000229166666666667
0.0001875
0.000208333333333333
0.000354166666666667
0.0003125
0.000229166666666667
0.0003125
0.000416666666666667
0.000375
0.00025
0.0003125
0.000145833333333333
0.000291666666666667
0.000229166666666667
0.000270833333333333
0.000270833333333333
0.00025
0.0001875
0.000125
6.25e-05
0.000291666666666667
0.000333333333333333
0.000333333333333333
0.00025
0.000291666666666667
0.000270833333333333
0.000333333333333333
0.000333333333333333
0.000229166666666667
0.000145833333333333
0.00025
0.000229166666666667
0.000291666666666667
0.000104166666666667
0.000208333333333333
0.000333333333333333
0.000270833333333333
0.000375
0.0003125
0.000354166666666667
0.000416666666666667
0.000395833333333333
0.000416666666666667
0.0003125
0.000291666666666667
0.0003125
0.000166666666666667
0.000291666666666667
0.000270833333333333
0.000208333333333333
0.000208333333333333
0.000208333333333333
0.000166666666666667
8.33333333333333e-05
0.000416666666666667
0.000145833333333333
0.0001875
0.000208333333333333
0.00025
0.000145833333333333
0.000270833333333333
0.0003125
0.000333333333333333
0.000291666666666667
0.000333333333333333
0.000208333333333333
0.000333333333333333
0.00025
0.000291666666666667
0.000354166666666667
0.0004375
0.000375
0.000375
0.000395833333333333
0.000416666666666667
0.000354166666666667
0.000395833333333333
8.33333333333333e-05
0.000354166666666667
0.000333333333333333
0.000291666666666667
0.000333333333333333
0.000229166666666667
0.000270833333333333
0.000291666666666667
0.0001875
0.00025
0.0001875
0.000145833333333333
0.000166666666666667
0.000145833333333333
0.000166666666666667
0.000145833333333333
0.000145833333333333
0.000125
0.000104166666666667
8.33333333333333e-05
0.000291666666666667
0.000270833333333333
0.000229166666666667
0.0004375
0.0003125
0.000416666666666667
0.000395833333333333
0.000229166666666667
0.000291666666666667
0.0004375
0.000395833333333333
0.00025
0.000291666666666667
