0 0 0
0 1.13366060881381e-05 0.00121419085562512
0 1.55782451823208e-05 0.00134125734051612
0 2.20794763892108e-05 0.0018054029728263
0 5.29472963958414e-05 0.00344491359037824
0 0.000100372967079625 0.00490706057276983
0 0.000158098255608064 0.00667540248750292
0 5.82434898810544e-05 0.00301782901616127
0 0.000518417416231017 0.0119910171054431
0 4.49131260464099e-05 0.00157244775052613
0 0.000185419470425094 0.0064556833573789
0 2.7512685825285e-05 0.00196423607894005
0 2.28840059468319e-05 0.00154244594159354
0 4.10737517310377e-05 0.00199614976785365
0 0.00011670362891518 0.00432290770472926
0 3.23486462447847e-05 0.00155656443991476
0 4.8395907566592e-05 0.00222085716665537
0 6.05382142888542e-05 0.00344138396579794
0 2.78657653909659e-05 0.000831225049684536
0 1.71451455434518e-05 0.00119036588970806
