1.0 1.0 1.0
0.022893772893772892 0.11041599129358354 0.1535878112712975
0.005847953216374269 0.057745471565637786 0.08678701584880075
0.003861003861003861 0.04313883621920414 0.07352549593928903
0.0029940119760479044 0.031498858208155726 0.04515582734145608
0.002551020408163265 0.028046261728253304 0.05039566847147022
0.0045045045045045045 0.02586805255345408 0.04045065020674777
0.004484304932735426 0.027160391449815413 0.042113472411776175
0.015573006788233727 0.027410960594139187 0.03967869910882123
0.006214267959234403 0.028742352104677866 0.055194838978200926
0.006484441842662224 0.0263230843093346 0.04905502160872089
0.004728132387706856 0.028083062049373945 0.04685632321300502
0.002403846153846154 0.02760997957930055 0.05104638009049774
0.008822718500137855 0.026853500944562375 0.04231243813475437
0.0033585222502099076 0.02619758843855247 0.039520896519816995
0.007228915662650603 0.02671978717649593 0.05121207722456089
0.006705081194342588 0.028701334011511443 0.05458058649693112
0.004962779156327543 0.028098626286259108 0.050985533030572586
0.002320185614849188 0.029816486548037355 0.0564687428515408
0.0024390243902439024 0.03072978038926128 0.06477409036385445
