0 2.64370520571992e-06 0.00132802124833997
0 0.000275826576463445 0.0099601593625498
0 0.000623914428549901 0.0106241699867198
0 0.00101253909379073 0.0119521912350598
0 0.00137120176670007 0.0132802124833997
0 0.0016012041195977 0.0159362549800797
0 0.00177480742810664 0.0106241699867198
0 0.00198982878483853 0.0126162018592297
0 0.00180476942043813 0.0132802124833997
0 0.0020664962358044 0.0166002656042497
0 0.00169990244727791 0.0159362549800797
0 0.0018620496998954 0.0139442231075697
0 0.00177392619303807 0.0152722443559097
0 0.00148752479575174 0.0112881806108898
0 0.00150074332178034 0.0112881806108898
0 0.00175982643194089 0.0152722443559097
0 0.00177216372290092 0.0126162018592297
0 0.00173250814481512 0.0159362549800797
0 0.00194929197168415 0.0172642762284197
0 0.00195722308730131 0.0212483399734396
