0 4.4707091311742e-08 1.37851962184415e-05
0 1.24122172995721e-07 3.79409515236703e-05
0 2.50955213357263e-07 8.24295715814934e-05
0 6.50163763310919e-08 2.56327274996144e-05
0 3.98453062327116e-07 8.16258238034899e-05
0 9.81333986427322e-07 0.000202392468723248
0 8.1432678051328e-07 0.000212433032601316
0 1.3355243619289e-06 0.00020238953261876
0 1.07074816905081e-06 0.000292142747087936
0 5.64509242640689e-06 0.000763961002838922
0 1.71406810327424e-06 0.000473724234401856
0 2.14518489533707e-06 0.000695315295755104
0 2.50737455159025e-06 0.000334943884994871
0 4.18246838142474e-06 0.000952117393895689
0 1.48448874570321e-06 0.000254256698854843
0 4.14500508323806e-06 0.000538545780421488
0 3.21655523066856e-06 0.000657800840025733
0 4.74677319800177e-06 0.00068645418491668
0 1.25577597688027e-05 0.00193247382615816
0 7.59945003536959e-06 0.000777418884596025
0 4.66549161747575e-06 0.000545303134115385
0 3.10109894515374e-06 0.000302439601814894
0 3.79325893241058e-06 0.000322577807296518
0 2.89698396464198e-06 0.000117202678083308
0 2.91044942057385e-06 0.000112365109209807
