0 1.72252956469149e-05 0.00337362946303064
0 2.13340817645277e-05 0.00365476525161653
0 1.88055979998429e-05 0.00253022209727298
0 7.09555756464661e-05 0.0087152094461625
0 2.98677144703388e-05 0.00281135788585887
0 6.4792396470047e-05 0.00590385156030363
0 8.01213292934484e-05 0.0064661231374754
0 0.000107144499528517 0.00759066629181895
0 0.000112043436822594 0.00843407365757661
0 0.000152815237528135 0.00590385156030363
0 0.000680794253641372 0.0238965420298004
0 0.000436005419172829 0.0129322462749508
0 0.000213182787409984 0.0104020241776778
0 0.000288405179409356 0.012369974697779
0 0.00083487373305185 0.0241776778183863
0 0.000163877353998631 0.00730953050323306
0 0.00061457958505369 0.0137756536407085
0 0.000174939470469127 0.00674725892606129
0 0.00092637323928638 0.0165870115265673
0 0.000920526120580546 0.017430418892325
0 0.000689485916582476 0.014900196795052
0 0.000693752732935382 0.0151813325836379
0 0.000652664871759254 0.017430418892325
0 0.000707501363405855 0.0163058757379814
0 0.000773241941287659 0.017430418892325
