0.1935483870967742 0.33515959306969545 0.44776119402985076
0.13815789473684212 0.26498128800728576 0.37168141592920356
0.09406952965235174 0.16869234070199784 0.22439024390243903
0.1839080459770115 0.47703985049674774 0.5853658536585366
0.09651898734177215 0.18602813151904435 0.25957446808510637
0.10726256983240223 0.18759216697211725 0.2681564245810056
0.12030075187969924 0.21606981158174027 0.3116883116883117
0.09243697478991597 0.1823500666581809 0.24444444444444444
0.12416107382550336 0.2183036953143094 0.30833333333333335
0.06669192876089428 0.11444525680154798 0.1568627450980392
0.15702479338842976 0.34944610232445583 0.4668304668304668
0.1672384219554031 0.29409925233625145 0.39553752535496955
0.09908256880733946 0.20287989046268914 0.27787307032590053
0.11946158160403814 0.206447980820412 0.29831932773109243
0.21004098360655737 0.40626692294802513 0.5310880829015544
0.08337280909521554 0.15311874326648334 0.22564102564102564
0.17130307467057102 0.2860054624513202 0.3756019261637239
0.09230033476805356 0.15693311023923331 0.2139689578713969
0.07371794871794872 0.20640796192808922 0.27627627627627627
0.1479840496233939 0.2547421405877131 0.3336663336663337
0.14347826086956522 0.26103924801059164 0.3562753036437247
0.20607553366174056 0.3199033228674004 0.406807131280389
0.09808518952715904 0.2882856777879275 0.39035769828926903
0.14903846153846154 0.28009658499971624 0.3511326860841424
0.15560165975103735 0.2934211861444956 0.36644951140065146
