0 0 0
0 1.48291867193552e-06 0.000339995286428984
0 9.74318763901038e-07 0.000281814274847553
0 3.10543048333909e-06 0.000736353427827478
0 5.82033709872036e-07 0.000211587975712155
0 6.39310543839183e-07 0.000220906028348243
0 3.58745945369095e-07 0.00010687202762928
0 2.8904892093474e-06 0.00066430897208016
0 2.82096064618942e-07 3.50801692267359e-05
0 6.05388568642063e-07 0.000269996256870075
0 1.63208347483391e-06 0.000464993553498463
0 1.343938118927e-06 0.000460902701121644
0 1.33995630693998e-06 0.00036317678323096
0 7.21933142569867e-07 0.000198533775878963
0 2.55999881442467e-06 0.000717944592131791
0 2.70410977903185e-06 0.000622590204739615
0 6.17487151218011e-07 0.00024181482938532
0 5.74912392279864e-07 0.000247277716612801
0 1.41201178924357e-06 0.000470902562487202
0 5.41756150157171e-07 0.000165030020461704
0 9.36721269946667e-07 0.000297495875625361
0 4.10333382593248e-06 0.000929305298267456
0 3.18238665731901e-07 0.000112725709939021
0 1.67695543299534e-08 7.95443517714868e-06
0 4.43359450093289e-08 1.77270269662171e-05
