0 2.27116429875077e-07 0.000337040781934614
0 0.000419484045979267 0.0202224469160768
0 0.000346579671989367 0.0161779575328615
0 0.000188960869656064 0.00910010111223458
0 0.000179876212461061 0.0121334681496461
0 0.000189642218945689 0.0117964273677115
0 0.000253234819310711 0.0144927536231884
0 0.000385643697927881 0.019211324570273
0 0.000346806788419242 0.0182002022244692
0 0.000197137061131567 0.0128075497135153
0 0.000245739977124833 0.014829794405123
0 0.000283214188054221 0.0155038759689922
0 0.000186008356067688 0.0121334681496461
0 0.000304563132462478 0.0161779575328615
0 0.000335223850495613 0.0171890798786653
0 0.000395182587982634 0.019211324570273
0 0.000481486831335163 0.0212335692618807
0 0.000304336016032603 0.0155038759689922
0 0.000302973317453353 0.0155038759689922
0 0.00041335190237264 0.0202224469160768
0 0.000486937625652165 0.0222446916076845
0 0.000335905199785239 0.0161779575328615
0 9.33448526786566e-05 0.00876306033029997
0 0.000150578193007176 0.0114593865857769
0 6.58637646637723e-05 0.0070778564206269
