1.0 1.0 1.0
0.006493506493506494 0.14296798646646897 0.23784355179704017
0.006802721088435374 0.13572980047779878 0.20697509773140024
0.010025062656641603 0.11651666030143672 0.16731898238747553
0.00909090909090909 0.1406586682818239 0.2284584980237154
0.00909090909090909 0.14739419713949425 0.2533724340175953
0.00847457627118644 0.1899766276714405 0.34782291057860903
0.007633587786259542 0.13986621683045514 0.2021999158502134
0.007518796992481203 0.20798920162482337 0.39480519480519477
0.008620689655172414 0.14954305035174648 0.2691519105312209
0.008130081300813009 0.12554633566432616 0.19514357377616331
0.00847457627118644 0.14436310697835344 0.21461151713056548
0.017857142857142856 0.09874603944903056 0.14545091779728653
0.008403361344537815 0.2179680437831659 0.3574173387948144
0.0078125 0.1706708144576418 0.2450980392156863
0.0078125 0.17265107491931586 0.2368421052631579
0.006802721088435374 0.19801440201017867 0.3532182103610675
0.00980392156862745 0.16812450856112598 0.3088235294117647
0.016666666666666666 0.18696025292749868 0.27611464968152866
0.007142857142857143 0.19641351561813114 0.4000840336134454
0.007352941176470588 0.17676597358168109 0.29004726890756305
0.006993006993006993 0.13943577332204396 0.2028536891218636
0.01282051282051282 0.12423590057342707 0.20374469655045194
0.012195121951219513 0.2018356633269277 0.4146341463414634
0.014285714285714285 0.13873315350648116 0.2860544217687075
