1.0 1.0 1.0
0.006622516556291391 0.17267310521795123 0.32450331125827814
0.006493506493506494 0.1419073614790626 0.22477522477522477
0.013138686131386862 0.11989989156195206 0.17886278599030853
0.008547008547008548 0.1427369104969998 0.23683213338385753
0.008849557522123894 0.18460358057499238 0.3409504182325131
0.00847457627118644 0.1510669251491609 0.2776949152542373
0.01075268817204301 0.1254220227889738 0.18399830220713073
0.007751937984496124 0.17730576663760372 0.3514994910343748
0.008620689655172414 0.13220970518036723 0.21724137931034482
0.007751937984496124 0.16918945757071652 0.3619699042407661
0.008333333333333333 0.17281710204809927 0.2951388888888889
0.007751937984496124 0.09752118824615234 0.13783431612888977
0.007633587786259542 0.15605995596694533 0.24646836886900064
0.014285714285714285 0.192864995746931 0.28492283339928764
0.0077071290944123304 0.18604958895926088 0.2666693106217591
0.006172839506172839 0.29304146081778587 0.5115846440047354
0.009259259259259259 0.17938037696900147 0.32489799121155055
0.049057884909183495 0.15372948101083939 0.22181322640268164
0.006896551724137931 0.14458689955718534 0.21380678708264914
0.0070921985815602835 0.23698063085149346 0.4230174081237911
0.007352941176470588 0.14062841915174526 0.20126774847870182
0.03968253968253968 0.1319749964098698 0.19300057372346532
0.010526315789473684 0.09938639042710191 0.17215619694397283
0.02195121951219512 0.1225645748008866 0.1712412528025002
