0 0 0
0 4.99778634528878e-07 0.000171599374795892
0 9.29308572389537e-07 0.000332268166787578
0 1.93598873255133e-06 0.000484399125792055
0 6.17861792556295e-07 0.000201610099970801
0 3.86204462613189e-07 0.000178090705067169
0 3.34057058016688e-07 9.34080796667343e-05
0 1.80614300205853e-06 0.00050709234069735
0 2.49954664889247e-07 3.7995649959871e-05
0 9.78842071993733e-07 0.000278900787383543
0 2.26298824708879e-07 3.09014000356079e-05
0 6.21782650044754e-07 0.000320204276424214
0 1.01890016600082e-06 0.000319590858270144
0 1.4554876473407e-06 0.00040240230906951
0 1.65139982651403e-06 0.000425098780770077
0 3.96320274933413e-06 0.000863965391220378
0 4.65993912503325e-07 6.67039934737563e-05
0 5.55650853739416e-07 0.000257226679273091
0 2.2613545564686e-06 0.000637987855531799
0 2.37715054762775e-06 0.000790082582441355
0 3.02167417110556e-07 7.76996328487875e-05
0 3.05774605999938e-06 0.000602172154578103
0 4.71287070112745e-07 0.000151514284055136
0 2.01466727281973e-07 7.15654513080938e-05
0 9.77339076623157e-07 0.000256408788400999
