0 2.0434202277351e-07 0.000319693094629156
0 0.000354942093557586 0.0188618925831202
0 0.000376398005948805 0.0179028132992327
0 0.000183294794427838 0.00959079283887468
0 0.000210472283456715 0.0140664961636829
0 0.000241736612941062 0.0147058823529412
0 0.000172464667220842 0.0111892583120205
0 0.000303447903818662 0.0159846547314578
0 0.000252158056102511 0.014386189258312
0 0.000168582168788146 0.0118286445012788
0 0.000225184909096408 0.014386189258312
0 0.000292004750543345 0.016304347826087
0 0.000182681768359518 0.0115089514066496
0 0.00031673013529894 0.0166240409207161
0 0.000440970085145234 0.020460358056266
0 0.000627943035982996 0.0268542199488491
0 0.000721327340390489 0.0294117647058824
0 0.000352694331307078 0.0179028132992327
0 0.000338594731735706 0.0172634271099744
0 0.000381097872472596 0.0191815856777494
0 0.000465082443832508 0.0217391304347826
0 0.000345542360510005 0.0175831202046036
0 0.000151008754829624 0.010230179028133
0 0.000102375353409528 0.0079923273657289
0 8.92974639520238e-05 0.00767263427109974
