0 0 0
0 2.52387719889204e-06 0.000301327771881517
0 2.52953335942742e-05 0.00212265376251512
0 3.97687106442198e-05 0.00211077877643112
0 3.97468237621482e-05 0.00263228858195348
0 4.87037228499437e-05 0.0022394244590078
0 0.000146600795316176 0.00759999109376044
0 4.86115028412149e-05 0.00270007496084966
0 0.000105406732217042 0.00361637296649739
0 5.86735665136173e-05 0.00200687264819612
0 2.40512241965157e-05 0.00134286300966574
0 9.61552209413609e-05 0.00408796395941723
0 0.000113526519545603 0.00549960293015282
0 0.000147249778257604 0.00644217995057037
0 6.9742426761316e-05 0.00406569836050973
0 7.64840782794322e-05 0.00452733844452526
0 0.000131591312615486 0.00609681577196068
0 4.90221892800875e-05 0.00184260200736744
0 3.52983764610902e-05 0.00242299195222297
0 4.92560592222239e-05 0.00209710844520459
