0 2.96579548072085e-06 0.00149179512680259
0 0.000237757937704455 0.00745897563401293
0 0.000461181197252092 0.00845350571854799
0 0.000696961937969399 0.00895077076081552
0 0.00104692580469446 0.0109398309298856
0 0.00125008279512384 0.00994530084535057
0 0.00132472198138864 0.0109398309298856
0 0.00152985616880517 0.0109398309298856
0 0.00155803122587202 0.0119343610144207
0 0.00158076899122421 0.0129288910989557
0 0.00163860200309827 0.0129288910989557
0 0.00145126258856607 0.0124316260566882
0 0.00137069181133982 0.0109398309298856
0 0.00139688967141952 0.0114370959721532
0 0.00131780179193363 0.0114370959721532
0 0.00120856165839374 0.0119343610144207
0 0.00115814313522149 0.0104425658876181
0 0.00116605192317008 0.00895077076081552
0 0.00132521628063543 0.0119343610144207
0 0.00134548254975369 0.0114370959721532
