1.0 1.0 1.0
0.016666666666666666 0.10547244458134877 0.17339506172839506
0.009900990099009901 0.05074992247344443 0.07267162400887392
0.003236245954692557 0.037698899241606985 0.054139553578234696
0.0024154589371980675 0.028958913547046453 0.058841450145797974
0.004228329809725159 0.02845885583385184 0.043373300072422946
0.006060606060606061 0.026546666389128667 0.04399551066217733
0.005040957781978576 0.027390865261908467 0.042424618054479536
0.0111731843575419 0.027288774071249938 0.036795807472600535
0.005660377358490566 0.02924259269895374 0.04702949209451502
0.008388974490669407 0.030682760132151477 0.055683834165779635
0.005928853754940711 0.028553558699701626 0.04900034537012164
0.006012024048096192 0.027541468017884155 0.045623435712626975
0.004446640316205533 0.02636411787792927 0.04112135851266287
0.00211864406779661 0.029018656884582078 0.05365589278675601
0.008857556037599421 0.0284635240413949 0.05356859425427227
0.008492569002123142 0.02685421899198892 0.046605561597017245
0.00851063829787234 0.026801458321933383 0.041523678792038436
0.008002371072910491 0.02797174688239546 0.04396097342155434
0.008048289738430582 0.027613537640399047 0.04844263147272694
