0.000339539248806436
0.00466726515898573
0.000330254103104167
0.000330254103104167
0.000475921022336153
0.00326037397725823
1.12030111459453e-06
0.00201910561418069
0.002646134739685
0.000132370145764881
0.0012867964248702
0.000102213942823421
0.00118362427126595
0.000534418228035012
0
0.000105845538575209
0.000134778641324779
0.000414941328493129
0.000540262319013827
7.60671296000653e-06
0.000145075051380033
0.000316385545330985
0.000313762877427542
0.000588740389455523
4.70934155509662e-05
3.7062541152578e-05
0.000529442652624173
8.58082375634612e-05
0.00181858488132699
0.000213772969721861
0.00206982016823379
0.0109933691891421
0.000215344920883098
0.013487927374434
0.000118387897902224
0.00553350701164686
0.00273278831753394
0.00375511777562385
4.48180094992849e-05
0.00750749139949153
0.000212851918257961
0.00224288931017496
0.00282278441421286
0.00232374514433495
4.99896014107423e-05
0.00301390014071432
0.00572559918178894
0.000343963227128306
0.00399807009779567
0.00325998561655108
0.000829993440551367
0.00251539718931865
0.00177968529363359
0.0008678020635959
0.00291796158179328
0.000758022952219044
1.21304042309816e-05
9.35032351762094e-05
0.000148167654325601
0.000437016199953276
0.000506051469146349
0.00083078432073162
0.000790595604830622
0.000114422436469649
0.0002401396739151
0.034611616383212
0.028566065547815
0.00014331078686272
0.0049527536593772
0.00994771393381887
8.02310156155133e-05
0.000116756592856816
9.74899431910694e-05
0.000243916930961332
0.000149827518859416
0.000442356220539475
0.00065537906745127
0.00357163272051118
0.00338747395460317
0.000199717409184772
1.17648525376541e-05
2.72846658078869e-06
7.12349745890043e-06
6.67439054524231e-07
0.00618623269070809
6.92985406199249e-06
2.8736549655251e-05
7.18542806804157e-06
0.00128384729170221
6.14227858234295e-05
0.00157383424688085
0.00689380650915278
0.00111047907313471
6.92707654493165e-06
0.000693776325434163
0.000418304139196022
0.000451617729600098
0.000949875511198007
0.00577528974093923
0.000484548331717311
0.0017202528761787
0.000266524533691347
0.00601737821179691
0.000221704647195449
0.00248796663935562
0.000717997446304732
0.000345732733998812
0.000194807833877727
0.00221514560276315
8.40315656711647e-05
3.18383075327103e-05
0.000446801305811835
8.16403236447103e-05
1.9307115450572e-05
8.39134967378041e-05
0.000618894188616273
0.00152406972258812
0.00108639326645841
2.19222838588886e-05
1.18323311002828e-05
0.00040680733317122
4.1578571098012e-05
4.9310153312075e-05
0.00161086089269176
0.00107422494974866
0.000385636263927245
0.00152097348962941
4.33821653716737e-05
0.00043974893833114
0.000138654036498882
0.000130471637260419
3.84984410673068e-05
0.0369815377615942
0.0211718297089194
0.000261393539347619
0.00107339710540555
0.0291654202223831
0.000903459710508278
0.0362403480630858
8.86276437509924e-05
0.0252055011879054
0.000138323908002822
0.000417522538498698
0.000472340540925007
0.00132516849449961
0.000425119516869041
0.00205903142472093
0.00342535061494377
0.00126756274467902
3.83373817218186e-05
1.38398504321667e-05
9.09529802496012e-06
7.10678731308534e-05
0.000130897582978887
0.00391956954672331
0.00048196715943979
0.00558708221637216
0.000122435281894621
8.99628677749895e-05
2.04929876652682e-05
3.14760627091492e-05
0.000443879874960011
8.34566621271523e-05
0.024193383338716
0.0183222618387964
0.0296375495218246
0.00184628100067341
0.000118545460758682
0.0107883096943645
0.0198624829793965
0.000538797531637123
0.000299234178255959
0.000496239850264343
0.00704633209559101
4.7017039336281e-05
4.0060052516087e-05
3.60644781179532e-05
1.15438095099056e-05
8.29335100097431e-05
0.000119614553938736
0.000883061243724305
1.47935016256025e-05
0.00019028576054283
2.9363504373639e-05
0.000196380355472633
1.78098475997344e-05
0.000111715428020681
0.000139288506531307
7.21498446606009e-05
4.37431364578721e-05
1.73069287590646e-05
0.000682437266934029
3.96090464550478e-05
1.25918201954947e-06
6.91804632565984e-05
0.000477985473210242
6.78102375226379e-05
0.0110527768295362
2.23514296839572e-05
0.000393488133885997
0.000294454895008269
0.000119594193438024
0.000155317007931485
2.46867387705665e-05
0.000606576403444368
0.00182246551609734
0.0205741310803044
0.00108856260399274
0.00607375176589107
0.00263557479367644
7.93608991755457e-05
0.000797718742371334
0.000410877909166104
0.000747860179595799
0.0011854212941906
0.00796117269260993
0.000493743966537434
0.0017708973579774
0.000874178504865173
0.189927029783654
0.0105361192551717
1.05008004435066e-05
0.000297287350357207
0.000874980657636177
0.0132383095724043
6.94900073753545e-05
0.00967974150773181
0.00613104945136474
1.51299305341762e-05
0.000454057574068253
0.000347899656642031
0.0118907266595143
0.0340217270731187
0.0111348170356571
0.000533793079458023
0.000407040911581707
0.0303980384656256
0.0763867511361117
0.0008531140847229
0.000577201479367443
0.000263953264124971
0.00640354099790643
0.000114286031977303
0.00013972385238978
0.00240388506683546
0.000312881694323107
0.00096376317461971
0.000160194466502024
0.0165772033282683
7.05125693391745e-05
4.16830748990403e-05
0.00131347215737088
0.000210149775005255
0.00599109052926268
8.36858372064293e-05
0.000325351786825826
0.00338636918621528
0.000846296603105888
0.00160420696515627
0.00105802435131838
0.000247278890022009
0.000224541474017075
3.99455559900045e-05
0.000117230334020327
0.000101204609066594
8.21811570491943e-05
0.000109861526573001
7.53869159366145e-05
8.43460728093512e-06
0.0249603747868258
1.94550788522911e-05
0.000967979327410303
0.000341582216045353
2.3830923046383e-05
0.000306138998835406
0.0027253077205371
6.46950837084963e-05
1.33498116707564e-05
0.000805291137526139
0.00101988211939462
0.000854484114578302
4.08814504894223e-05
0.00255854746133534
5.11798052144658e-06
0.00307569171666618
0.000118190083890063
0.00112892401302761
8.72673522142443e-06
0.000583109661240668
0.00577834744234506
0.00223424803083138
0.000100308119579678
5.38471065219514e-05
4.77257202866906e-05
0.000923996423486648
0.0001195789131663
0.000107253561125273
8.2931304447075e-05
0.000294146613839494
0.00250141012515905
0.000547656486719862
8.28832899362272e-06
4.77738396476869e-05
0.00620139819475931
0.00128729024058818
6.26117636065812e-06
0.000186404488621386
0.00082408927201658
0.00033110190070197
0.00731049123985489
0.00024281042058326
0.000592029488258344
2.70136569397397e-05
3.43215139251427e-05
1.5863302691707e-05
1.52354735365588e-05
0.000212929454777659
1.2150772829208e-05
4.37539882647507e-05
3.478080424534e-05
0.000250033993952384
0.000751894022252781
0.00092087146594604
7.68257989592338e-06
1.64494503511367e-05
0.000908990215947361
1.41364939666227e-05
2.06330381336827e-05
4.54103992705939e-05
0.000674936999307299
0.000473518295909496
0.000404526354736922
0.0170261749308946
0.0106402931423708
0.00289622801689472
6.46383557976632e-05
0.00273025793300951
0.0014783024664822
0.000425909687581412
0.0113257927773024
0.00247708042896548
0.0014107725421402
0.00075073862175701
4.98271026475824e-05
0.000581654454874264
0.000713805906635284
0.000491817516965869
0.000757058387438824
0.000349874422214297
4.88491757876089e-05
0.000839247062493902
0.0596916987923253
0.00112710825676804
0.00662688711490705
0.000182255397822188
0.0424766055188022
0.000137783796029057
0.000112775711922343
0.000414082161746272
0.00109939734350052
0.000467413170521977
1.44212122981118e-05
0.00126870573901757
0.000251326632590564
0.000900757028589566
0.00130664132655787
4.08282637845625e-06
1.61118245449197e-05
3.57865008736697e-05
0.00162136062803354
0.00156453176200639
0.00730794147583946
0.0162712058765755
5.4337273447207e-05
0.00136635577555292
3.07285500297263e-05
5.2536052851978e-05
0.000222313494807609
0.000540254598444766
3.57234080297374e-05
0.000410260063991093
0.000137282257248042
0.000439977688444087
0.000189551216360594
6.65604980928327e-06
0.000210435799040796
0.00293016064643385
0.00160514046889059
2.06226812738806e-05
0.000138930282101793
0.00532319658925194
0.00169593743676556
0.000599105355659755
0.000649934764653689
0.0056223149159494
0.000511816350503909
0.000433830309819131
3.25015698179928e-05
0.000765714150449921
0.000503690464297879
0.00022428287607851
0.000120002007970243
0.0140874849265866
0.0284088299159075
0.00239602456234827
0.00111316100858336
0.00198209873169041
0.000171319261127402
0.000108694662449636
0.0368045490753048
2.55043753853949e-05
0.000250524550156967
8.19215861810524e-05
3.41991043775457e-05
1.33915854099535e-05
4.38576914647519e-05
4.67455012532928e-05
2.37652580565696e-05
0.00339387339910255
0.00282838479963347
0.000107565781435251
0.00491343588177536
0.00323467735181952
0.00367742615714661
0.000756942056366327
0.00271004052167092
7.34888237305667e-05
0.0137527120029755
0.0346303105892832
0.0146891689508627
0.00721365551625909
0.00639326486397499
0.00302450360414313
1.07559735450364e-05
0.00161925624845614
0.00173371462796627
0.000305397203438999
1.30269765091703e-05
0.00550068666572708
0.000250242655639364
0.00524353924527669
0.00219806345929506
0.00317734894305316
0.00142438178225819
0.00792833894462936
0.00790362671063953
0.00425588156454624
0.000401022215557715
4.61826750892477e-05
0.0063729890526969
2.06336127559435e-05
0.00317251575762718
8.82824237190545e-05
3.25201904862392e-05
0.00343026069305622
3.64099127865374e-05
0.00101123832635573
0.00265540463964837
2.06923904676801e-05
0.087899153731323
0.000421983915819243
0.0562279772641526
0.000755066347472283
0.164924404531923
0.00109708761100664
0.0403712779992481
0.00279793602251439
0.000411850964583694
0.00143122026272564
0.0789792572365933
0.000309844742849877
0.00450157410129654
0.000219635632855989
3.03797705312562e-05
2.83600408999103e-05
0.00214474901553131
0.00037731378768152
0.000288510658587453
0.00458223269329661
0.000784190155029902
0.00108775555129457
0.0216186867674235
0.00773153929354824
0.00180593316118485
0.096655303010348
3.65553228555434e-05
0.00407577391731891
0.000117678505166428
8.14935892789286e-05
5.44605432433043e-05
0.000917493574862489
0.00241492871108076
0.00266417788337317
1.19440592158539e-05
1.03506680766617e-05
0.00156279783133951
0.00218991173524439
0.00401287360288569
2.06453482114761e-05
0.00178718322227004
0.000298746658236584
0.00230747573385866
0.00500623723386656
0.00189259384295371
0.000319265954658051
0.00333234391891912
0.0035413812442249
3.63385911066308e-05
0.0790675998528466
0.000543323116794945
3.69816303331096e-05
0.00252721901937757
0.0118283908144099
0.000506228189620198
4.46842459720608e-05
0.00777149278059803
0.00178233948974137
0.000221758878370357
9.21034217597521e-05
0.007460769397687
0.000101169564723804
0.00263567656037811
0.000538969504774728
0.00725127015783984
0.00582238608167875
2.64717480919249e-05
0.00143321305322469
3.42164509990779e-05
0.000241954370327494
0.000244088253464462
0.000218872013277173
0.0017362137090413
5.7953363027487e-05
0.000434915871915975
4.19376499393836e-05
5.57881839319428e-05
0.00178809091848288
0.00263520901975818
0.000398006401905889
0.000140796100626176
0.000145779973005796
0.000224750882406394
5.4852401609625e-05
6.70568096993255e-05
0.000108679307852946
0.00259588778087423
0.000485192495925747
0.000518193467693976
0.000801416427272515
0.000107627182862874
2.2615223068283e-05
0.00038464744022221
0.000344108486718394
0.00047622630283115
0.000170008423572015
0.000318195081230435
1.1514535569064e-05
0.000368561747732965
3.05753123166205e-05
0.000867882490216383
0.000445101279699025
0.000618191754114813
0.00035371677827953
4.58189215321947e-05
3.15631369473296e-05
5.37091309217829e-05
0.00267349943311812
0.000279875370428875
7.32163177849767e-05
0.000233130137062118
0.000371160622591224
7.64658254488564e-05
0.000151781524057084
0.00326649602470714
0.000697252375871868
0.0351102755287959
0.00350706850381528
0.0351681030217047
0.000921571317055448
0.222406306749002
3.58481671399365e-05
0.000159638456314746
7.91171225529568e-05
0.00105479182313743
0.00046714064354412
0.0160826630332114
3.7846864078717e-05
0.000117883711353399
0.000898628027148434
0.0418780919579003
0.041330010136707
0.000390249622036669
6.02990485262746e-05
0.000295344793543319
0.000117510688140534
0.000107711708410314
7.99124786765057e-05
0.000808074929452593
0.000407639751081154
0.000130567189380818
0.000244315926516391
5.74625659473714e-05
0.000304627144719941
0.000501063478592986
0.0243339681598954
0.00154999662445226
0.0355349432101656
0.00122623530911095
0.0265623888323979
0.00167497001992089
0.00105508673686074
0.000737743101146131
0.0018907989930414
0.00414387015181619
0.00217485324708138
0.000834261463291979
5.92029172658128e-05
0.00144371594282998
0.00069029122116189
7.0561371236864e-05
0.00371480960595463
7.40330697178774e-05
0.00921056855280319
0.000143312805521122
0.000121063574197714
8.78754904435647e-05
0.0796822616830846
0.000164136068691269
0.000169977934017468
0.00338380670950749
0.000263641420091199
0.000114245403410404
0.00025879029046322
4.86464702217821e-05
2.20624731071831e-05
0.000494762622449552
0.0179428275251342
0.000200772493912912
0.00107733427564629
0.000645895448293681
0.0137922877022991
0.00237048268714574
0.00152658856139394
0.00318433084777131
0.0145360350947117
0.0128793978942213
0.00161998564826136
0.00119659892887695
0.000593709826340952
0.000191655204653367
0.000364948956724394
1.61063518361906e-05
0.116524189693302
0.000257812210311739
0.00107887322291498
0.000653468821435121
0.000102433542063512
0.0123140047496263
0.230443107962526
0.322890796980092
0.000147457393388918
8.23184557802735e-05
0.000348585324584337
3.23030437085749e-05
0.0138589877526474
0.000547301207997297
0.0156601297686366
7.97514024744644e-05
7.89139117647813e-05
0.000171081379289402
0.00224650328282268
0.000190646660973772
0.00017231814613372
0.00307895948513131
1.44338065356992e-05
5.58461300336836e-05
0.00104149174241809
0.000555365249475706
0.0014428188687966
0.000520568057136323
0.0011200986411946
0.000719209618200116
0.00756302961757569
0.00045773628261502
0.000365152959029353
0.00413384417517903
2.04149813794309e-05
0.00059012482432366
0.000279260373293148
0.010428537880861
6.42316853315722e-05
0.01041433997718
1.18067980629215e-05
0.000811558982345463
0.0106526802266394
0.00019752019857438
0.00111326450608118
0.0125583214586909
0.000393196143725366
0.000382289317987128
0.00070910676479674
3.05241710985112e-05
3.46805535303389e-05
5.09215250226682e-05
2.19820439036243e-05
0.00144821256189684
0.00136818858129235
0.000870152111109905
9.54637988968282e-05
0.000216522373761445
0.000147334207316901
3.38196571575787e-05
0.000135546433158791
0.0044359069210014
0.000310972796581657
0.0151316262548701
0.00273501843405492
0.00421441606792187
0.00165054928347508
0.000381260595047259
0.00245570891360626
0.000140848466850943
0.000929424090032818
0.000937508153254199
0.00306254675223709
8.2281148841714e-06
5.64322157440561e-05
1.18990951987241e-05
0.000573331813122782
0.00398636331287087
2.11680155191087e-05
0.000275212715993932
0.000513522182703404
0.000667240982652051
7.21015881268268e-06
0.000601119791394893
0.10208315979378
0.00229410542856841
1.17640370915943e-05
0.0019794022976705
0.000680833283291507
0.0130321942864363
0.000210592513831953
0.0164209883711746
0.0132570299166689
0.000767171661399979
4.88866650649641e-05
0.000409278929852075
0.000363523329981669
0.000286815583894234
0.0410437771870031
0.0432152689168826
0.0117810071188778
0.000786479105140184
0.00135244043059484
0.00116910436371164
0.000540807094856723
0.000371662074896536
0.00010311371180367
0.000145105233487564
0.000451120880477987
0.00211309078563847
0.00170908808562727
0.000144592791852253
0.000459985609148445
0.0001635561199668
9.74019435376897e-05
0.00446637425806275
0.000151758429145329
0.001418487344771
0.00492748057891537
0.000432051887412492
0.000369116490875008
0.000208444393022456
0.00318156408480135
0.00248308873891293
0.00451816189589343
0.000122999259462259
0.00167143505231579
0.000475813633929435
0.000271671222141646
0.000100152366800387
0.00108971782915193
0.00056224083071966
0.0246346042931899
6.07075620020907e-05
0.000135975848036899
0.000275554172047013
0.000406801185137144
0.00147690748658889
0.0269539597666944
0.000136536031169016
0.000805649070634797
7.62314133931681e-05
2.43000693034844e-05
7.98758525984769e-05
0.00546648772765126
0.414023048267958
0.00194842583692962
0.000847468213339339
0.00111486360578723
0.00106273343269235
0.00538429951311402
0.00116637614879568
0.36530309851941
6.40651566007713e-05
5.59978682559962e-05
3.14784306107335e-05
7.50466927890493e-06
0.0187901386566273
0.000101263190148393
3.77477205826591e-05
0.00257986006734315
9.81430455459153e-06
6.56434978820117e-06
0.0182521104155292
0.0185835664628728
0.000228052809784728
0.00127908605771258
0.0118887964770458
0.000509948270278054
8.07534222647204e-05
0.000336583806939148
0.00085432669970134
0.000281890069776118
0.026394319345953
0.000127714454818206
0.031593712533658
0.000852708679860798
0.00145549715903443
0.0255022501233737
0.00016141996664383
0.000942320121670095
0.000268283203744432
0.00071053692913779
4.5027235082274e-05
0.00087985465052227
2.03398221606328e-05
0.00081947708487151
0.00237453126773931
0.000245297670912183
7.18365985262405e-05
0.00574221778494843
0.0135814180381173
0.00350626125960571
5.43223639248307e-05
9.23220780738941e-06
0.0001336806120937
6.73841345414626e-05
5.9512077820984e-05
0.000122106685369803
8.33961010661589e-05
0.000162623997870634
5.06431554318751e-05
0.000252900931808451
2.15774728852587e-05
0.000272867502068706
0.000454534593649849
0.0138836995362811
0.00133432308329902
0.0038281102600072
7.83615637827353e-05
0.000778101571849637
0.000299270260983354
0.000532611744274769
0.000129857370741392
0.000265814602645383
0.00478985791111753
0.00177552710590455
8.01646804685923e-05
0.0014800843539528
0.00114685695716639
0.00128784274467167
9.91478767146101e-05
0.000177764162679408
0.00282733714332217
0.00481047702639906
0.00319677103776747
4.17210975353532e-05
0.00282462219563157
0.0144592042470929
0.00142320054639466
0.0256795161216173
0.000496124371894706
2.85127449420965e-05
0.000660152265617691
9.14892597930956e-05
0.00244898830913476
0.00023211847593025
4.37554009781194e-05
0.00564679678299335
0.000180505109459143
0.00225289580154933
0.00496270901505912
0.000270389747513385
0.000270188395539985
0.000772336388018591
0.00332906337013359
0.0018179436583423
0.000127556024465447
0.00124064138296906
0.000483105875692881
6.8285267237066e-05
0.000374027651078281
0.000650779198493081
5.75279076755593e-05
3.9789914616665e-05
2.78737176239884e-05
0.000488789107897698
5.5933526046973e-05
0.000923723976987155
3.59071744403591e-05
1.47555507681794e-05
0.000210983890865796
0.00424900184291667
0.0142740161750457
0.000116803291338784
0.00387330898081857
0.000531304659088756
0.000229065515525933
0.00530617955916557
7.09295501509041e-05
4.00658889057383e-05
0.00011123424297665
0.00121382578450527
0.000114283112800544
4.21162915977666e-05
0.000126308569165078
0.00169297012119334
0.00126817239679158
0.00214690672317437
0.00293132675746563
0.00304519255151416
1.65739975599369e-05
2.05545192924313e-05
3.5327600363789e-05
1.57768952177952e-05
9.25803178995697e-05
5.08347464810264e-05
0.000269128883364586
2.25243750177897e-05
2.31596028418035e-05
0.000584314672618434
2.28538278931992e-05
7.50583183081342e-05
0.000186128849951249
1.26154584659031e-05
0.000100720886914823
2.38669832153369e-05
5.39136281917965e-05
0.000132687664676229
0.000837489249506695
0.00117374753272562
0.000328099253331443
4.50640825923411e-05
0.00442729940292109
0.00315310860041984
0.000119541490887341
0.00557372618191171
0.00149010208541024
0.00398168748182267
0.0048737471635347
0.00565784204696508
0.00197599144296448
7.81377189173452e-05
0.00287219864604104
0.0101086405333726
0.00616240587354092
0.000419304899518631
0.000813258430943153
0.00193126820644287
0.0151585429094424
0.162066172058265
0.234874578303615
0.0181248987801
0.000495210400544937
0.0306255830740398
0.000388301775188869
0.0250093885721173
0.000401459615464721
0.0358629975616436
0.00355786309252389
0.00202355747054743
0.00771292097823396
0.000964569527520735
0.0010214002695073
0.0359197456891894
0.000499538152266471
0.0180657576887599
0.000129273918688573
0.00215739663661381
0.000182661349382953
0.00161386638836309
0.0459350856606675
0.0464976848184465
0.00174119415801345
0.00096575929352097
0.000316199995792666
7.26016391732488e-05
2.33617817054251e-05
0.0050374360195602
1.3389753382956e-05
2.47711645348244e-05
0.000268992551843286
0.000157759985313297
0.0329565707119396
0.000358155906432607
0.000212225768294363
7.88212646095937e-05
0.000476916611380593
0.000693362776167277
0.000163182286651492
0.000370165363926215
0.000153156002727798
0.00126584588442918
0.00275792182156216
1.81603209836952e-05
9.76117060335113e-06
0.0390306081901264
0.000224885556418135
0.000210535928526447
0.000609891095226303
0.000280000059179426
0.00129535225321379
0.000181123908740044
0.00018429440763628
0.00250935154633221
0.000281675600717851
0.000762048100694891
0.000434391403056202
0.171890957107125
0.000580637513771261
2.44387683993234e-05
0.000635730085294242
3.92915395155075e-05
0.0003241922002778
2.26246170207859e-05
5.01324940010389e-05
0.000276744892633048
0.000504125816272783
0.000408650624363719
0.00120277026913262
0.00067390409440766
0.000651943275946333
1.87781120787324e-05
0.000488605553060506
0.000518922175923187
7.50129415587936e-06
0.000779569482765103
0.000138386129344329
0.00164944062963522
0.000215672986687849
1.79436366637099e-05
0.000621915741714297
0.000614423351778644
0.000143632633685964
0.000567364213787738
8.08328961010434e-06
9.48929697397404e-05
2.05620444169414e-05
8.19598532674633e-05
6.53489099889754e-06
0.00014555346269753
0.000259956100227242
0.000179980121787741
5.42727222181991e-06
0.000650813830616916
0.000591967069422359
2.01694274291715e-05
0.000162939153660624
0.000137278856952008
0.000137281998008053
1.86149763349832e-05
5.23120144685684e-05
0.000486670180988552
2.59865892156479e-05
0.00123889477930258
0.0337343676104419
0.0017136864708337
5.56879470066603e-05
0.000442019227195909
0.000231325573767008
3.35155471652612e-05
0.00108827851939157
0.000169502421798922
0.000209095531544221
0.000567143527328075
0.00049121649951746
0.000372550403408234
0.000777139055939102
0.000189668072328634
0.00279767587814374
0.000241308226915159
0.000128365762596474
1.82088249672135e-05
0.00708923266310342
2.07325553157995e-05
2.09957067038216e-05
0.0101465337756859
0.000140138697060874
2.87568865650586e-05
2.37229029725672e-05
0.000127514191252079
0.0815379297973491
0.000370973332444629
0.00469629564268822
0.000211972555697165
0.000722772518262905
0.000138089020664003
0.0611225789301487
0.000329385181821048
0.0150466425561703
0.0373961370444533
0.0392917670808096
0.0122962970838032
0.000304669738726087
0.000498781754220482
0.000271064048884144
0.000899173116249569
0.00191931428117652
0.00177008780694367
0.00168394296128057
9.98112806714224e-06
0.000494534934098966
0.000112765404923223
0.000498051580953638
0.000171593505419215
8.02793513087221e-06
6.1875393228159e-05
3.05952833154211e-05
0.00020827622919292
0.00038854997471481
0.100668515399734
0.241130617035913
0.000145707529887715
0.0140279906769728
0.000126843885503447
2.01456760875225e-05
5.41650770089807e-05
0.00028712184092259
1.36692259351884e-05
5.69851351353347e-05
3.26574119699588e-05
0.00020381457993767
0.000368659931272112
2.90367763051008e-05
0.000808939797820041
0.000342467445925105
0.000393414126734183
1.57953626055756e-05
0.0140767041704018
0.000305429247957569
0.000107513588657267
0.000332026228857125
0.0131572798857495
0.000725925206297904
0.00202831288098253
5.21085909125359e-05
2.47944955709957e-05
0.000224698749041617
0.0250279323200152
0.000128271039401041
0.0213728835013306
0.000159768234107916
0.00402847231022138
4.40146142617277e-05
0.0111291881431963
0.000292695255652408
0.00025917108561151
0.00021976210371347
0.000504287675027482
0.000207969769081977
0.0812430297405677
0.000254505433825881
0.000252703105515077
0.0782352125737472
0.00384772327708477
0.000522868609390614
0.00149874906016667
9.82977946650747e-05
0.000959091819666381
5.98044983158923e-05
0.000145063027327407
0.00107428873172384
0.000160829866119322
0.000293583049224924
0.00014065871719856
0.000239281782538876
0.000256381144034819
0.000276061789823306
0.000468743539348809
0.000187438599540584
0.000349148330885276
0.000288454332770239
0.00026811876358795
0.000165889294320204
0.000598202244559525
7.5456401603188e-05
6.54387930392876e-06
9.06807156126865e-05
0.00078486149418955
0.000242822419845228
0.000617910661678936
0.000196614503005048
5.20723400372887e-05
2.98281998476612e-05
0.000225620334429344
0.00721294414532606
4.37921310416512e-05
5.77433041266098e-05
4.60033972089348e-05
0.000469711579591603
0.119037552498026
0.025268799598292
5.86836102091376e-05
5.79354606601803e-05
5.10566659046586e-05
0.00029888220777914
7.8273929186351e-05
0.00087806967833234
0.000150965796175624
0.000121412154468183
0.00030808197680861
7.60021888362617e-05
6.41691597970789e-05
0.000256827092837449
0.000109681111821049
0.000542575672627275
0.000748399313415067
0.000623853398570334
0.00192753003481991
0.000545777145770517
0.000411681605144562
0.00024227156936277
0.00630059802600885
3.67315966335578e-05
0.0063682220818905
3.10130461748218e-05
9.02533360071054e-05
4.99088939014902e-05
6.65569492220335e-05
8.3995391464364e-06
0.000733992132357703
0.000135665943954051
8.82994402536105e-05
9.8747718084507e-05
2.91982512875297e-05
0.000247320464433707
0.000661353158584424
0.0263424598559974
0.0589564561235275
0.0848363262443502
0.000665126816706545
0.043911072156419
0.043756546842163
0.0366548595442227
0.29307451821886
0.00757174407079096
0.00837935053843986
7.95045766399287e-05
9.06480576882454e-05
0.000350308623065217
0.00120346975911772
3.90904503670425e-05
9.04614006342214e-05
5.34231588619751e-05
0.0158777161787557
9.34408578899268e-05
4.79208176968028e-05
5.58486201249992e-05
3.5702456953576e-05
2.05863186418706e-05
3.72698621440018e-05
0.00648004773629763
0.0176960146498543
0.0161946465134408
0.0190004645629024
0.0179567542528597
0.00217654101724538
0.000420505257076174
0.00897795115373807
0.000880347357674701
0.00504313020172236
0.00634987972170121
1.84824690915517e-05
0.014288060204939
0.00396267297793756
0.0238550220182031
0.00029207297632323
0.0373407469611661
0.000523710930169938
0.000239764990583817
0.000231200671892375
0.000158709383961138
1.96949439351335e-05
0.00410793217264186
0.00401706552570316
0.023178533766688
0.00112683308175628
0.00036725969442709
0.000780958025215698
0.0350191416055347
0.000102811158572497
0.000320705891754836
7.79918059143465e-05
0.000149096131627384
0.000463289008093695
0.000668847268969985
0.012615448652075
0.000206331019170722
0.00108161155766388
0.00176369505392999
0.000118230263908389
0.0152378273226315
0.000188049059596692
0.0079161864447055
0.00255740662085201
0.0043596397923544
0.00382892206777119
0.00045970030572216
0.000110289726016705
0.0018890658626003
0.00274607852098403
0.000196452571132918
0.0135163944692727
1.83636642693579e-05
0.0336420094880548
0.0176706649937806
0.0494636718026054
0.0145224639494079
0.00306512497473948
0.0142597992667094
0.000164527452548693
0.0238453778906022
5.06367622794e-05
0.000148768555168387
0.00080432784954305
0.0468474548269826
0.00100945413626787
0.0547235854277966
0.00372296023794212
0.000129998430331305
0.0178360505204289
5.0774858729271e-05
6.17706185691186e-05
0.000213830665819742
0.021890310316201
0.0177138198053608
0.00534930029006919
3.2432659217495e-05
4.21832381233486e-05
1.21047501029976e-05
0.000179638819153053
1.37451867370547e-05
0.00104124414441911
0.0207700220224664
0.000174921389400928
0.001426837878326
0.00561275633035333
0.00187702124069734
2.86170032279485e-05
0.0610904701038769
0.00225485685303537
0.00225322927974305
0.0629051773030125
0.00147693702652189
0.00643110631584678
4.47277154477435e-05
0.000635123269034595
0.00177818158972792
0.00522290036802724
0.0648995890634708
2.36806726807098e-05
3.12509017191328e-05
0.00202446121513404
0.0134782225917816
0.000323027787755356
2.05859535425079e-05
0.00620100279856627
0.000780530744774345
0.00024356956547642
0.000191348930881113
0.00018470930206677
6.55671596616322e-05
0.00315120472790044
0.01224193794731
1.9995281899885e-05
0.00566186336078232
0.00341914798054229
0.00488213410384093
0.00988715128595
0.0199505611883629
0.0323727758445932
0.00342031380982919
0.0047717722294523
0.00743558257686845
5.2341815126745e-05
0.000376069660216739
0.00039314121313164
0.000413406181343454
0.000102130304163073
0.0002711622793476
4.71331239085067e-05
4.75488804440439e-05
3.15026942736143e-05
1.18225719023409e-05
1.4701803700194e-05
0.000349285217529622
0.0041404626092875
0.0113609852602721
0.0554236863741708
0.000593829414686163
0.000202652055546839
0.000631853882114764
0.00840725755223533
0.0148189985288167
0.00320750869722346
0.000136269603622193
0.000484484337435274
0.000210110004072218
0.00787627084931151
0.0232157204410165
0.00462541274619297
0.00112797460321796
0.0367314284075307
0.0548719747000668
0.0560237891599891
0.0611420457773054
0.0734441626125327
0.000444592842868667
1.57177505728161e-05
2.81330182902865e-05
1.27997817127573e-05
0.00653037106966435
0.000230117420268912
1.34017640321364e-05
0.000469885683611429
0.00649858883588552
0.0116867667405238
0.00717270342258615
1.1986570777947e-05
0.000377942205497305
0.00159635304465164
0.000920830786327206
0.000321287145961936
0.00732327656725818
0.00205524694405446
0.000120706556401888
0.000973200908062324
0.000302682211974188
0.000452914643417975
1.22726914585403e-05
0.00303011935965822
0.000116371483214925
1.91216148407288e-05
0.00038980982932398
0.000286317730385785
0.00044167684089719
0.000202996684763099
0.000328282229948537
0.000238669513393665
2.53081711951182e-05
0.000257177966862265
0.000146760083769187
0.000335531430766201
0.000481786291874159
0.0279597992571822
0.000118229977635987
0.13196723724715
0.00914016359260471
0.000145600024896052
9.70406396106464e-06
0.000107219031305139
0.000226810189758269
0.00127520497628396
1.45706164932103e-05
1.21726755227159e-05
0.000114700863079079
0.000116452018511809
0.018337716595018
0.00010868992477692
0.00580155884174302
0.000498634700384373
0.0259867466412905
0.000177138618361112
4.41322793841614e-05
0.000102607534221999
0.0103089415675333
0.000172077217399429
0.0169266271814897
0.000343081336857047
0.00106174588245119
0.000294646302987868
0.00203225443385281
0.000970187737823994
0.0130214923882287
1.7320719419306e-05
0.00338911383930791
6.77675147759288e-06
0.00887199397774459
0.017005912814637
0.000129628972737904
0.00064834417094939
0.00246160964890855
0.00345825004163336
1.72108014554506e-05
0.000724841251277289
0.000371289837318346
0.0230116636494042
1.33028734700959e-05
0.000477839664977746
0.000135468974189351
0.000140069989818864
0.00101208922897101
0.000408739465180009
9.60141547306239e-05
0.0327909357902844
0.00011853703163137
5.02023749333931e-05
8.17667532873806e-05
9.34034350853331e-05
0.000123473135557132
0.0424123255997495
0.00144123592206511
7.66253868860871e-05
3.10553472448508e-06
5.85319620853705e-06
2.75938233240653e-05
0.000490156751988961
0.000105565234100417
2.07017566847877e-05
2.77949838798895e-05
0.0206256984032454
0.000748379949327185
0.00890323184338376
0.000873249524843479
0.00150584218514021
7.66712035969933e-05
0.00625179502112891
0.000738652995368963
0.000115369626271479
0.222782776777717
0.000348322668621192
0.00034757980531785
0.000222373915611234
1.07738053003795e-05
0.000155072301684569
0.00109777549545548
0.00831316531026651
0.000417092624584684
2.99069062104832e-05
0.000416757517959996
0.00119065168224671
4.13688007853764e-05
8.37187995487718e-05
0.0161091016248624
0.00163409065004328
0.000654057897323434
0.000184515348319016
9.3352872639004e-06
0.000713017303125493
0.00137048438165492
0.000363654397696113
0.000299674781080578
0.0157417990525176
0.158967207450287
0.000174642080648862
0.000886835348619555
0.00151527691100534
5.12893579830332e-05
0.0138809470596655
0.000397655112939779
0.0294204925271251
0.00034954564104907
0.000195386431605036
7.23144141152143e-05
0.000549305106225906
5.07539149375564e-05
0.00306453346410094
0.00222149994287817
0.00322394451480979
0.000504980066447374
2.05009865384977e-05
0.0137757042597661
0.000972779518523995
0.00120168251671316
5.84264256144361e-05
0.000523657002904616
0.000451781731156867
0.000120057830929703
5.85491311347228e-05
0.000267558255712891
0.000152070031549144
0.00010241121764279
9.89362862405227e-05
0.000442888568764548
0.00267100058123268
1.25974338605095e-05
0.00234957338965153
0.000818579041882545
0.00169402598134421
0.000239108099280384
0.000999397320639425
0.0243108588235543
0.0176465464559676
0.00593058743259751
0.000656635123777823
0.00030863204573925
0.0241518724684844
5.83161386227996e-05
7.48808122094282e-05
7.86041107080202e-05
0.00117738625899177
0.000124325942591557
3.02086515087928e-05
0.000199734158237921
5.48934018083304e-05
8.24695659950577e-05
1.20083934641352e-05
0.00244714795472282
1.39933151191315e-05
0.00166036053563354
0.011238608766484
0.0527547326039807
1.87271648642163e-05
0.0642847473787498
0.000520219538984903
0.000478465050980151
0.000527979990043725
0.00047864581879899
0.00015745365528641
8.82272967974241e-05
3.33597233555225e-05
1.96683421265785e-05
0.01187797534928
5.508383422083e-05
0.000274042151236435
0.000189625367360479
0.000237065877534109
0.000156493593914242
0.000450040256473958
9.10687296806305e-05
0.000292603636893182
0.000202643421946835
0.000285706269496378
0.000351325558726056
0.000425583816438456
0.000172750935485942
0.000205016778651663
0.00227403098703541
0.00802873468054733
0.0272235383766228
0.000114816847501806
0.00121292120606864
0.00199468024223943
0.0161563114131525
0.000218661104774233
0.000471271103803773
0.0295293708717846
1.51991808285086e-05
0.000163978659484074
0.000927054149977903
0.000172848901312097
6.76104900295766e-05
0.000863857434161256
0.000152491787945166
0.000647115933584095
5.01939005716542e-05
8.56577762812602e-05
0.000499339541044328
5.98848476217974e-05
5.15526951744551e-05
0.000154792721384128
0.000979740621242479
6.81991240105058e-05
0.000151147219769811
0.00081014592409021
0.0250352221355135
0.000101624505960718
5.44290948741264e-05
2.69384664142616e-05
0.00302414579894402
0.000459588879633158
0.0140882365677011
0.000571091282043224
0.0026398446462185
0.0071870808650396
2.86288633672704e-05
0.00273422318966097
0.00104368587484945
0.000878997944012515
0.0220461367780642
0.0138318075524626
0.00029609603449394
0.000952406617635658
0.0170629536749391
0.000237690526674938
0.0028269191411387
0.0031434852016836
0.000454596554857096
0.00435449866257509
0.000148778289143952
0.00334121898576097
0.00397786680626955
0.00166717220960193
0.0013334048710537
0.0944941590589438
0.00952109770455494
0.00299228247648915
5.49436764280646e-05
0.00260877909252025
0.00476999716914001
3.55590098279127e-05
8.26470608616804e-06
1.37884204330818e-05
0.000198402733357872
0.000261733317703837
0.000430252278328562
0.00471815748753743
0.0359148035132205
0.000306356057508942
0.00010934173101373
0.018354983663952
8.24162351364297e-05
0.00154261883160781
0.000374620780842221
0.0001294566920773
0.0014915466685498
1.58612415817509e-05
0.0081006897737364
0.00170327788641688
0.00154167064611421
0.00361546541303717
0.00132883384800765
0.000208704461125029
0.000100921897652539
0.000581681272953918
0.000654346589093877
0.000132801269670994
1.35929108261224e-05
0.0462770110876939
0.000132063086731037
0.00013929313867646
0.000508592845594178
0.000307282557056447
0.000139458111674312
0.00474635372688865
0.000478574696944554
0.000649659490257554
0.000353037267955142
0.000310603252100715
0.000179955199033815
0.000161485816373776
0.00183365607096816
0.000181205215396669
0.00148725051951931
0.000510695597917571
0.000419841960341966
0.000116885390193698
0.00012186337648017
0.00211075354134418
0.000776644771715447
3.33783236682118e-05
0.000266615597655771
1.71653430927494e-05
0.000316749895642421
0.00759690097727677
0.190867234652779
0.000757292559878454
0.00153112421637843
0.00192307622683439
0.001114772602422
0.000750674613789489
0.000682827266989999
0.00359501356098775
0.000259467079107092
0.000869501384593523
0.000658049198056957
0.10489131249906
0.000382294178020338
0.000165258953805325
0.000178578119703378
5.48149696151516e-05
0.00023148776550381
0.000131932874494491
0.00174807790622528
2.07343697939078e-05
8.61149982163659e-05
0.000118340656279349
8.09999180656377e-05
0.000823653320282578
0.011722313131295
0.00452378094491765
0.00103034924505692
5.92350142243407e-05
0.0224386449958915
0.00166872115929692
0.0195989075173245
0.000479802740643443
0.000844983957685973
0.0191981807449319
0.0163525303343605
0.000406627822037241
0.00106321407845561
0.000826810258410136
0.00378658264733068
0.00540457851265397
0.000195969473131682
0.0017081483350608
0.00448246002794369
3.90280859036187e-05
0.000216380883520645
0.000381108786828808
0.000478353354973703
0.000860992435318692
0.0195318797070342
0.0554764660495192
0.000311570908407183
0.0197273860986473
0.0962551808965309
0.0010040127770728
0.000981230173788897
1.3543188880979e-05
0.00055796085029866
1.29714673653123e-05
1.03399901745e-05
0.000474110185065752
1.48156766188714e-05
0.00131715269763485
0.000787189536303946
3.63983488562299e-06
0.000311567874611943
0.000250674661490562
0.000815288343255583
0.0243087508888664
0.000417951102040379
0.012903132990194
0.000214773754734405
0.00280506920170414
4.35059130670004e-05
0.00605602330641513
0.000321310495058851
0.000863054322131279
3.84137554173074e-06
0.00452295515457105
0.00068409676487838
0.0141867413766461
0.000619990235400435
0.0171860162969512
0.000803061645262029
0.0165695285578608
0.000362667964418962
0.00133266616788135
0.00350622780652409
0.0208859927747823
0.00063810402614154
0.010024230658314
0.000669311406464014
0.000200487701795334
0.000514158121674278
0.000223109380604677
0.0221937854794306
0.0254807033795194
0.00025344406162887
8.26810257115695e-05
3.78083146885627e-05
4.98497773860754e-06
0.00100244754115697
0.00020062072820618
7.63844993093749e-06
3.66916630180455e-06
0.000105828142110749
2.61991587028148e-06
3.04777282240151e-06
0.00860302591077166
0.00259104367233305
0.000614629963496135
0.00915498009361785
1.71653179682605e-05
4.341859883927e-05
0.0196123928882711
0.0185723742374203
0.0237435448642025
0.0193262696861456
4.84993820146497e-06
0.0748957881140466
0.00840027519469889
0.00120469672686468
0.00213482153623559
0.0288044013206805
0.00162928402183409
0.00142533376272079
0.00637647300730482
0.00435248985211545
0.0214430352116408
0.00181198681470567
0.0405296452169991
0.000168723058798031
1.15690532644806e-05
0.00037636684645622
3.36937768911056e-05
4.44878318493286e-05
1.72557271167458e-05
0.0348295915446041
0.0009057170769948
0.00949007579229699
0.0223191975443125
0.0241895275536475
0.00416480945232144
0.00311025557661606
0.00482218699593299
0.0241895275536475
0.00796289359900518
0.0653192469377225
0.00931187859129848
0.00165482714796021
0.00427140828358191
0.000787224430165979
2.30311015231012e-05
4.17329196485805e-06
1.68326705151076e-06
0.000501751984055783
3.34981228026547e-05
1.56435080703284e-06
0.000233068188557847
0.00427140828358191
0.0118690485909587
0.00427140828358191
0
0
0.00516459849305211
2.14847481920661e-05
0.00318509530192086
0.0223191975443125
0.00318509530192086
0.00391830745232946
0.0419200378402777
0.00318509530192086
0.000751504114591752
0.00400486677477354
0.000787224430165979
0.00125087981211516
0.00179246255308576
0.0102532637900742
0.00219014287980098
2.30311015231012e-05
0.0025632276052307
3.29919024583075e-06
3.30368042395538e-06
6.97447046473127e-06
3.82193368124918e-06
2.3066818090986e-06
2.06448409243484e-06
2.56127020940323e-06
2.84368290140444e-06
1.13623436478967e-05
0.00792107289240031
0.000327973678269248
0.00410601038867155
3.93533211604892e-05
0.00721001501272959
0.0102532637900742
0.0334695867381229
0.00239426179991512
0.00156475976876915
0.00400486677477354
0.00150154625889662
0.00298197822038029
0.00410601038867155
0.0132213897792982
0.0132213897792982
8.68697390469786e-05
7.34752424256601e-06
0.00383344719433929
4.64789743135888e-05
5.04264655738524e-06
7.34752424256601e-06
3.50462007751328e-05
0.00416480945232144
4.67492709960886e-05
0.0337680002619164
0.0180451776692678
0.00156475976876915
0.00102456907226351
0.00219014287980098
0.040724829191289
0.00239426179991512
0.00969734484402094
0.000233068188557847
0.0701327624938514
0.0025632276052307
0.00885885187269441
0.00117651360737342
0.0518222757005094
0.0557531031085383
0.00311025557661606
0.00749823510125822
0.00279440213264078
0.0337680002619164
0.00252270672928111
0.00792107289240031
0.00165482714796021
0.000891899221422679
0.00283961193770677
0.00303471866591126
0.00686133868555906
0.000743989083494936
0.000743989083494936
0.00320399317612408
0.00124146912427043
0.000247952183389368
0
