0.0465498483831393
0.048809494915172
0.0465444614173957
0.0465444614173957
0.0512108788102575
0.0538319458200605
0.0487090054740106
0.0538132191597538
0.0538290639471078
0.0487066459988374
0.0511483582165475
0.0511392533821585
0.048718445661127
0.0537815575524176
0.0444822933486695
0.048769249424033
0.0538420348058902
0.0538478016387297
0.0538478016387297
0.0512304478524482
0.0538478016387297
0.0538233011267832
0.0538261823826985
0.0538117791870702
0.0511887186275009
0.0511952343372114
0.0566319346662912
0.0538564542046063
0.0566734302784353
0.056615990990991
0.0566383146510449
0.0566686392199961
0.0566271506208994
0.0597356304767563
0.0566383146510449
0.0566686392199961
0.0487538789759503
0.0596311232356779
0.0587101859691122
0.059709026128266
0.0595587146453428
0.0566574632332225
0.0566766247674877
0.0597001632774232
0.0565936849214837
0.0597001632774232
0.0566814171763578
0.0537901888407425
0.0538391518526451
0.0538492435399652
0.0512317529870328
0.0511210534343383
0.0511184544992374
0.0511809019647765
0.0538478016387297
0.051226532847645
0.0512239231768512
0.051226532847645
0.0538463598147107
0.0539055379831662
0.0511952343372114
0.056598463313726
0.0566128033331457
0.0537901888407425
0.0512526441878839
0.0597533798841183
0.0597480539544833
0.0487739807426451
0.0566798196166855
0.0597107990142225
0.0566207731508855
0.0566494830840305
0.056598463313726
0.0566000562904588
0.0566048357587187
0.0566255561187137
0.0566606559224614
0.0566686392199961
0.0538463598147107
0.0488462472674277
0.0487727978269305
0.0465207735726844
0.0487657015374169
0.0465057120392211
0.0538233011267832
0.0487231671270049
0.0465595480644564
0.0465100143392386
0.0512369741904252
0.0512108788102575
0.0538218606144952
0.0512134871520615
0.0538031409690451
0.0512278377827593
0.0512160957595823
0.0538117791870702
0.0538117791870702
0.0512239231768512
0.0538132191597538
0.0566446960734606
0.0566718331689446
0.0538319458200605
0.0566622524020174
0.0538333868722561
0.0566750274779472
0.0566606559224614
0.0512644029774651
0.056652674873933
0.056639909871849
0.0595816544204788
0.0565698050578075
0.0596205158612511
0.0565825384766889
0.0566000562904588
0.0593688188232516
0.0594513096434695
0.0594794439514936
0.0566431005830493
0.058681062153487
0.0565682137834037
0.0594847220989736
0.0595834197505259
0.0566048357587187
0.0566510789340245
0.0594741667406027
0.0596205158612511
0.0566446960734606
0.0565857227271448
0.0596187483323945
0.056598463313726
0.056615990990991
0.0595428436075087
0.0629756051733317
0.0663105483562502
0.0627496255616575
0.06272222568773
0.0629598321906014
0.0627124458165716
0.0662865053727998
0.0565873149867747
0.0663149216817807
0.06267921705523
0.0627085347220057
0.0627007139961962
0.0566478873239437
0.0596028452874926
0.0566558670235244
0.0596541188336151
0.0595023226913631
0.0565936849214837
0.0594038933034
0.0593951207986296
0.0594900011832919
0.062638218346052
0.0628496421539519
0.0627163573990332
0.0652625429999351
0.0617079382613765
0.0595834197505259
0.0594144237303158
0.0594477947262623
0.0626987591195361
0.05955518701691
0.0662996175656073
0.0629164971998874
0.0662886903780862
0.061878827040832
0.06267921705523
0.0662537475702566
0.0662188415818763
0.0627104902083074
0.0627007139961962
0.06272222568773
0.0628201924278396
0.0595728293391
0.0595816544204788
0.0595728293391
0.0594179347023194
0.0596258190767041
0.0594179347023194
0.0596205158612511
0.0565348176885665
0.0596081453596941
0.0595869507244659
0.0566096160342304
0.0595640068716308
0.0565936849214837
0.0566016493568634
0.059544606638439
0.0594302263727171
0.0593968750923
0.0594600987552113
0.0565745794182186
0.0464734701423553
0.0595481330135323
0.0596258190767041
0.0595269810259598
0.0662865053727998
0.0565793545845877
0.0596116792648585
0.0596028452874926
0.0566000562904588
0.0566048357587187
0.0565729878752075
0.0626772635187782
0.0659149759087482
0.0629224030037547
0.0627007139961962
0.0628457139285603
0.0686254436254436
0.0624786404449001
0.0659171364887898
0.0685225569033665
0.0655198253673476
0.0626343165041891
0.0628987864381334
0.0692564658883493
0.0659149759087482
0.0692803252144555
0.073370060928892
0.0628575000781421
0.0681117696867062
0.0685015498858875
0.0685365687410538
0.0697247070244782
0.0624204612471676
0.0718984626385413
0.0686793483829104
0.068116383836331
0.0685575972454232
0.0649883660806618
0.0696932940564893
0.0697488901220866
0.0696932940564893
0.0692493112947658
0.0692373902564985
0.069707788831502
0.0698215401708215
0.0685879945429741
0.0692755520341727
0.0685272268793021
0.0718779040674816
0.0649484869037238
0.065949562194602
0.0686629336246927
0.0685318974918212
0.0625719530788139
0.0659603778535817
0.0718984626385413
0.0659387500819726
0.0680725746394963
0.0685529231293676
0.0649107517510732
0.0721202123081337
0.0681694915254237
0.0681972327726533
0.0686652781097415
0.0659279415139494
0.0686043734861665
0.0685926734429361
0.0691136543286249
0.0685015498858875
0.0648166054277058
0.068088708312172
0.0624146492861577
0.0680518425772394
0.0624185238065678
0.0680725746394963
0.0624088384073488
0.0719653592900086
0.0624320884170004
0.0685739616722362
0.0682134255961467
0.0649044668215853
0.0691897471185274
0.0686113954281815
0.0624069016881827
0.062391412261107
0.0655112877479884
0.0658825841960425
0.0685763000852515
0.0681417728381675
0.0686113954281815
0.0623836704305745
0.0686652781097415
0.0681117696867062
0.0683269910301712
0.0624127122063251
0.0658761096734039
0.0718316902414631
0.0682597332066121
0.0624417810345898
0.0624010922518385
0.0648479571764858
0.0659020154022612
0.0624495372958201
0.0624223988080457
0.0624069016881827
0.0682435183928329
0.0659950118141244
0.0658243592681091
0.0624088384073488
0.0624262742906811
0.0628516064508064
0.0686160775214958
0.0624107752467258
0.0681510098956215
0.0685365687410538
0.0682203677318678
0.0718933218933219
0.0681879831818798
0.0715073071862888
0.0676694259371425
0.0676671489619435
0.0676284638149045
0.0676102743410436
0.0715149359886202
0.0675898228750042
0.0677241193507106
0.0686184188077934
0.0713956047857422
0.0714641080312722
0.0715098499395491
0.067580737305508
0.0676352873911143
0.0714996800113774
0.0675693837779719
0.0676352873911143
0.0676512144250824
0.0706580935314992
0.0715709303153249
0.0745781568700167
0.0789711368545062
0.075451168723971
0.0753211730776434
0.0747806038970698
0.074625204096779
0.0746445937418804
0.0745781568700167
0.0789587341473949
0.0753127106583776
0.075276062137376
0.0755787733012628
0.0714564900685783
0.0752816980496388
0.0715862167165029
0.0752394492666866
0.0715836685295269
0.0752169359664871
0.0714488737298373
0.0755588953597595
0.0791669947248248
0.0753268157470877
0.0754285285623195
0.074572625801906
0.075556056507364
0.0750093248787766
0.0749199016466731
0.0682203677318678
0.0714412590145298
0.0684968834088354
0.0676557663840667
0.0714361834393094
0.0686512136005189
0.0714818895958483
0.0714844305417318
0.0675603037022106
0.0675830084688802
0.0745532735226514
0.0752535269243723
0.0745698605754969
0.0753635137160845
0.0789711368545062
0.0747667026062386
0.0745698605754969
0.0745670955541548
0.0748585467540202
0.0745035566093657
0.0682435183928329
0.0680679664229624
0.0685225569033665
0.0680864030335861
0.0685178875638842
0.0686981177194001
0.067587551253613
0.0686418404614807
0.0712236585797769
0.0753042501404231
0.0712337501328327
0.0716397705817392
0.0753296373988613
0.075309890274501
0.0745366938472943
0.075276062137376
0.0753155312535111
0.0752394492666866
0.0752028719943158
0.071433645922137
0.0752816980496388
0.0753578655474781
0.0715531044298168
0.0745947549983308
0.0790580650233911
0.0791171610669604
0.0753748125937031
0.0756015037593985
0.0752957915231391
0.0686465267110428
0.0677149976429389
0.0790487421383648
0.0686184188077934
0.071489512975471
0.071433645922137
0.0676557663840667
0.0675761954366746
0.0714361834393094
0.0714412590145298
0.0744980366007261
0.075689713575972
0.075678320099349
0.0749953384299832
0.0754200420042004
0.0753945937839763
0.0820113372211574
0.0814005262092694
0.0817778862185352
0.0779306335981399
0.0824991795208402
0.0855344306920165
0.0821587612861053
0.0854653633659159
0.07573817414884
0.0787084148727984
0.074335563523454
0.078729984731629
0.0753211730776434
0.0744125809435708
0.07438780794555
0.0757296177744304
0.0744318602413206
0.0789060660754924
0.0753550417806423
0.0787207390589525
0.0786806995578857
0.078729984731629
0.0787392325763508
0.075689713575972
0.074404321444428
0.0744070744070744
0.0786560801032581
0.0746750835499443
0.0790642815018675
0.0782551171297377
0.0780213385063046
0.0788503764115433
0.0777348279860843
0.078689935827203
0.0787114955575561
0.07465567806363
0.0765511990864104
0.0814038212435233
0.0826042308482235
0.0822629469033789
0.0860357662359887
0.0819011159077951
0.0825567552034156
0.0819712224350874
0.0822898764219658
0.0819177970589433
0.0826449677392841
0.0744842401570429
0.0786099601282152
0.074415334517466
0.0747222531861925
0.074418088295156
0.0786683879043931
0.0782338066524023
0.0744759647433523
0.078887494115801
0.0782581624314122
0.079020786671382
0.0821486928104575
0.0820347556498327
0.0821856226245453
0.0856181880108992
0.0777588740236641
0.0819946179564544
0.0782125077784692
0.0782216344470808
0.0777468491455965
0.0756840164088668
0.0787207390589525
0.0756726246472248
0.0743438077634011
0.0746612214590681
0.0785362805592439
0.0753042501404231
0.0785945988197131
0.0743548029283443
0.0785485508944614
0.0744897581212727
0.0753578655474781
0.0756925624811804
0.0787176576506048
0.0751944361352079
0.0787392325763508
0.0753691627314294
0.0743850564083595
0.0797414647686268
0.0787114955575561
0.0747000482894395
0.0788627450980392
0.075743879472693
0.0785516190773798
0.0747000482894395
0.0757638548769921
0.0786253274426242
0.0782338066524023
0.0747000482894395
0.0757695640706831
0.0747250297265161
0.0786837780734017
0.0785638942063523
0.0757638548769921
0.075678320099349
0.07465567806363
0.0788349210082716
0.0747083735790178
0.0844283974977959
0.0844567636806518
0.0844567636806518
0.0846059994109975
0.0836626866913508
0.0844780508296576
0.0836731297328784
0.0836139869444098
0.0817213914174252
0.0819779055073173
0.0809353241840061
0.0844390325831374
0.0851288998010414
0.0851216931216931
0.084103550667057
0.0850712805110199
0.0815424539777796
0.0816981515336177
0.0813478419157801
0.085287756054116
0.0813741755351435
0.0826381754674337
0.0835063532929159
0.0844957983193277
0.0844745022263295
0.0844425782070124
0.0835514562300054
0.0844496703481292
0.0835098210207217
0.0844922482248645
0.0836418084265691
0.0845561956019005
0.0844142215506024
0.0866810344827586
0.0845882056027593
0.083631373201364
0.0799221047611478
0.0836452874136927
0.0846487351096519
0.0836209405796499
0.0837672345565877
0.0838161130329679
0.0845135532674932
0.0837986498874906
0.0844354872570013
0.087381593812462
0.084577532909955
0.0888015543583856
0.0873853908660322
0.0888211651428824
0.084577532909955
0.0918726300881721
0.0835966079148653
0.084329265735732
0.0806755726722028
0.0819946179564544
0.0813313920569441
0.0821554048533377
0.0807727838695425
0.081167258637391
0.0814895858659535
0.0859071297364262
0.0859071297364262
0.081834459184504
0.0834959518372431
0.0809385816630444
0.0837811940174145
0.0842797871002892
0.0843504886539994
0.0817247124801886
0.0844922482248645
0.0808897469932826
0.0809157848147105
0.0834994187012124
0.0844000503630335
0.0876940519797663
0.0887545237885074
0.087713176604004
0.0887937124690922
0.0876864044649865
0.0887036301883463
0.0844319422285666
0.0815226203988974
0.0815292305197438
0.0820749326585585
0.0818644412782414
0.0818111549570807
0.0815160113498176
0.0780849576764774
0.0850676818950931
0.0846665543954193
0.0815127072271088
0.0818411199739541
0.0851252963088385
0.0847914997680988
0.0851541327913279
0.0844709539211156
0.08436818258097
0.0828765711930765
0.083627895371564
0.0844674059139785
0.0836975069713239
0.0827231591937474
0.0843221938026752
0.0844142215506024
0.0836592062567601
0.0836000831427978
0.0845348690571272
0.0887114561736292
0.0907204402941309
0.0908228705627315
0.0907859690307435
0.0909666621432126
0.0912431941923775
0.0870713543470731
0.0912514747254742
0.0909707771645707
0.090929643696871
0.0870713543470731
0.0895967921586099
0.0881824161368121
0.0875451656436376
0.084453216865446
0.0825940528996221
0.0918306771998721
0.0865169506109103
0.0871921609434617
0.0871505958829902
0.0888879066478076
0.0940862730420137
0.0944397482859021
0.0965805398136586
0.0895688580081953
0.0894971072541166
0.0879317883690424
0.0887623587570621
0.0942759364305471
0.0930630755703642
0.0909790083242852
0.0855344306920165
0.085461731333135
0.0855344306920165
0.0911935425358244
0.0830854404230706
0.0831094763813696
0.0879856492824641
0.0816384524824423
0.0854944307456849
0.0869884938143438
0.0907818707114482
0.089441380537271
0.0909502057799285
0.0870487403687992
0.0907982662091385
0.0873322621270682
0.0909049814664135
0.0869358464464811
0.0893023668901816
0.0826110175409769
0.0872186320857007
0.0872110672622403
0.0886723400502668
0.0835202259323864
0.0886801605150593
0.0834924852611476
0.0871392668342144
0.088695805583734
0.0869621621621622
0.0930544630049512
0.0940246867402282
0.0917929523461749
0.0860799589076278
0.0874652052887961
0.0859328262541663
0.0835514562300054
0.0862017231771615
0.0835098210207217
0.0845561956019005
0.0845704192775138
0.0872261982216439
0.0869358464464811
0.0868757560048384
0.0906877113866967
0.089560880021377
0.0896367283262759
0.0907777727621541
0.0902117351516239
0.0896806992508027
0.0869433635970601
0.0907572885639498
0.089441380537271
0.0889036251105217
0.0870939800779558
0.0895489157055707
0.0909008723952448
0.0891677382166452
0.0871015246015246
0.0825499774229301
0.083728870014156
0.0825906608074254
0.0865616391184573
0.087997199492408
0.0823404168202105
0.0860431285298648
0.085874113929456
0.0877897585890776
0.0821621179931361
0.0874347826086957
0.0890808416389812
0.0879471704714423
0.0823404168202105
0.091897820225746
0.0930157261794635
0.0942582610733536
0.0895768374164811
0.0940510709942943
0.0942936184179678
0.0879471704714423
0.0886645209646841
0.0879933490854993
0.0895529034556466
0.0890492848602931
0.0886254462121546
0.088609825952853
0.0909173109091731
0.0907941667795386
0.0891637846945109
0.0870412049861496
0.0869734452037021
0.088899694973697
0.0888879066478076
0.0835167573404211
0.0907900677200903
0.0947199849277001
0.0925108105621492
0.0903535966212877
0.0911356838575184
0.0910037107430537
0.087974102104204
0.0926429262449901
0.0893976439208713
0.0939500116795141
0.0913343627940776
0.0923069861378867
0.092391803730589
0.0894294481255837
0.0925960033152224
0.0926130606981671
0.0909954751131222
0.0922858060667248
0.0925960033152224
0.0922773367595099
0.0922434750699509
0.0915047549711062
0.0923069861378867
0.0947914211642706
0.0943776985169889
0.0904307941361633
0.0917385155786689
0.0911232951198514
0.0926514627965906
0.0924767773383611
0.0948629652342092
0.0921293751145318
0.0924895368624385
0.0920408256670786
0.088531807175875
0.0916883235307527
0.0961097304530683
0.0994756628413138
0.0961327023280271
0.0947110629680215
0.0960913608562691
0.0960959525971233
0.0961556851869561
0.0960087844934594
0.098284541322516
0.0904389278647239
0.0902846367962647
0.0906550060857413
0.0882249714837238
0.0959996181019668
0.0907900677200903
0.0887075430083811
0.0898570151921358
0.0882598200570551
0.0882133614072027
0.0959904534606205
0.0933135353347872
0.0893579204621195
0.0918180988037622
0.092741191662055
0.0939719626168224
0.0922561702908524
0.0920534651652476
0.0908885474102865
0.0919818872066962
0.0928782560502494
0.0934132292827945
0.0950153555398063
0.0924597701149425
0.0924852832965416
0.0939763540352353
0.092251938162301
0.0926258578600709
0.0912390544893607
0.0924852832965416
0.0900380568614283
0.0924767773383611
0.0915297437531291
0.0911811380639311
0.0925960033152224
0.0910985277463194
0.0900299950754354
0.0927155371138774
0.0933265268238352
0.0925576471671193
0.0903657769389773
0.0882404563405002
0.0907859690307435
0.0888211651428824
0.0888329357717113
0.0917008663930689
0.0894055928511092
0.0894732158747108
0.0917008663930689
0.0894055928511092
0.0886449792823768
0.0923408944806686
0.0911315539040196
0.0943157302316856
0.0908392808745144
0.0926215917464996
0.0893182322895847
0.0912307762101347
0.0894055928511092
0.0924427691459042
0.0893539500577624
0.0931967744925387
0.0913260672116258
0.0926258578600709
0.0904511312013673
0.0928525256256349
0.0952719348114459
0.0952719348114459
0.0914631373084095
0.0925363519234309
0.0958806140936397
0.0965202783777298
0.0958531935176358
0.0892033356990774
0.0958851857149669
0.097009165460685
0.09337852897474
0.0970934723831595
0.0934132292827945
0.0891875110874579
0.0951547269802214
0.0921589294716099
0.0952945078898735
0.0934002136454415
0.0920534651652476
0.0960500549266848
0.0921082764622361
0.0952899924184989
0.0959996181019668
0.0921716014300119
0.0920492516134938
0.0925960033152224
0.0958714721586575
0.0958166571374119
0.0925108105621492
0.0915672525270922
0.0925746904202919
0.0924767773383611
0.0934913993491399
0.0925576471671193
0.0915130830489192
0.0914589776241586
0.0914049361392664
0.0951682362405944
0.0909090909090909
0.0951907602007006
0.0914090909090909
0.0912142241574817
0.0925320940505222
0.0958806140936397
0.096939021450952
0.0925150664765147
0.0959400791946949
0.0922900413033502
0.0925363519234309
0.0959538123866781
0.0913841679541943
0.0914340274620351
0.0921547062597379
0.096266156055529
0.0923239371958498
0.0914465008412532
0.0924640213343142
0.0963815001198179
0.09526742147899
0.0951187210292309
0.0952583960968216
0.0958349218452154
0.0907081641858367
0.0913468089938678
0.0913592585862257
0.0907695779733694
0.0924470188020043
0.0908926553672316
0.0933611884865367
0.0913509584809667
0.0914049361392664
0.0925619073920648
0.0913675601999091
0.090868013194162
0.0915214126427889
0.0907245330686637
0.0908762257670929
0.0906468334460221
0.0892350017749379
0.0914922656960874
0.0951817493373722
0.0934653281279048
0.0915172476563211
0.0908639074643051
0.0959629700324489
0.0965480820010562
0.0925576471671193
0.0959675495108566
0.0959721294263625
0.0953035401165822
0.0967012887093672
0.0960133683456672
0.0951727401798391
0.0921462609970675
0.0953080568720379
0.0968363268647373
0.0960087844934594
0.0934045517882025
0.0908885474102865
0.0948316514194096
0.0986364528153816
0.0989567955909851
0.0995101192537978
0.0969857728478418
0.0948271797048145
0.0985349600666373
0.0948137670909948
0.0986074335588899
0.0945329760729563
0.0990396454075351
0.0966223033680872
0.0947066026184421
0.0965944569864066
0.0963537923434431
0.0963584091998083
0.099049401566271
0.0946219357267209
0.0990933280772642
0.094590780809031
0.0963861196319018
0.0945996801204253
0.0964277151762167
0.0991226340694006
0.0987769536814185
0.0964554654899516
0.0948853449089365
0.0946174837677614
0.089009870313814
0.0909419798308687
0.0965063825703042
0.0923196988477253
0.0924087859571731
0.0910572786959475
0.0945818831718559
0.0990933280772642
0.0910820236423751
0.0910201864759663
0.0923281759331527
0.0928268094534712
0.0911232951198514
0.0923493754592212
0.0945952302554212
0.0923875591491708
0.0911563392411949
0.09526742147899
0.0889114864267398
0.0888525604206248
0.0987721021611002
0.0945552003009216
0.0945196465501034
0.0946753919307001
0.0946041304041022
0.0947289085684677
0.0945507546193991
0.0945596464005266
0.0966362325804901
0.0946308409016046
0.0950512832632226
0.0947333710194083
0.0989129900152477
0.0946041304041022
0.0889154176062254
0.0950288252528116
0.0889744270418547
0.0947066026184421
0.0888800495005746
0.0889823008849557
0.0910572786959475
0.0946041304041022
0.0945774349809528
0.09482270841192
0.0946664783693452
0.0947110629680215
0.0909214214666787
0.093365523004782
0.0941435326061514
0.0904226618705036
0.0940422745978302
0.0939763540352353
0.0941832146871487
0.0906877113866967
0.090593747184431
0.0907613846639888
0.0911315539040196
0.0909872409736675
0.0911274243248142
0.0888407845909171
0.0909090909090909
0.0889193491333569
0.0909090909090909
0.0884928492849285
0.0925235794801012
0.0910737738327069
0.0945107622896889
0.0908269725847974
0.0946887654204727
0.0945552003009216
0.0909625474941198
0.0925960033152224
0.0925874769797422
0.0925704290185969
0.0909584332172418
0.0924172794117647
0.0946308409016046
0.0909748925582447
0.0948316514194096
0.0991128634795466
0.0973661276266099
0.0906672678088368
0.0940510709942943
0.0937529137529138
0.0907327197256813
0.0940686687248573
0.0940290830878571
0.0938798375425984
0.0931708673091179
0.0939500116795141
0.0931492889897633
0.0929512364224636
0.0928696776577076
0.0930200286784773
0.0940027111672042
0.0936350514503888
0.0897848022144834
0.0974841242910466
0.0926343912662951
0.0925533873343152
0.0959721294263625
0.0926941691634017
0.0925448688449149
0.089732720539021
0.0928653890556453
0.0979112907152247
0.092985619827068
0.0931665508454946
0.0939324583119249
0.0930372426555633
0.0928139567083583
0.0978969915295492
0.0937835190971413
0.0976735149837292
0.0977162293488824
0.0978493577267419
0.0975124860592542
0.0930071223753584
0.0930544630049512
0.0930759974081274
0.0897687706454781
0.0942185157421289
0.0941435326061514
0.094192037470726
0.0897567507252845
0.0930458520334984
0.0927283626135473
0.0939587908237163
0.0939061405556853
0.0895568915608996
0.0897527448004999
0.0897767857142857
0.0938754551395761
0.0940202908036841
0.0966548111121792
0.0967012887093672
0.0938097681578579
0.0976166205524004
0.0927797001153403
0.0897968296494753
0.0906672678088368
0.0940466725903755
0.09044706305658
0.0906754441338263
0.0906918012086227
0.0941082877064907
0.0940202908036841
0.0906672678088368
0.0939324583119249
0.0940510709942943
0.0940906751508913
0.0897968296494753
0.0961143239497204
0.0930329385640266
0.0938798375425984
0.09307168973018
0.0976924945348555
0.0930458520334984
0.0942273451410365
0.0927326385686618
0.0925406101882104
0.0928653890556453
0.0960546427206725
0.0927625812998755
0.0977114814634857
0.0927797001153403
0.0973802721417849
0.0928096732508769
0.0975030303030303
0.0931061623223297
0.0930157261794635
0.093744173037479
0.0931190961289128
0.0938185211103336
0.0978636429996594
0.0939061405556853
0.0939192975901364
0.0964971209213052
0.0939280709948622
0.0895210113960114
0.0915881040214966
0.0868419916224036
0.0915922754600109
0.0868232449702098
0.0888368600079516
0.0871317157712305
0.0914964284089358
0.0915672525270922
0.0888564863909509
0.0914922656960874
0.0915339098771051
0.0888368600079516
0.0870902083062665
0.0888250883392226
0.0915130830489192
0.0915255780083743
0.0888172422930836
0.0910778985507246
0.0870336709079893
0.086834491990155
0.0868232449702098
0.0909707771645707
0.0894971072541166
0.0910201864759663
0.0914631373084095
0.0868644982938102
0.0925533873343152
0.092566168009206
0.0869283305956601
0.0974274502204351
0.092741191662055
0.0926600009215316
0.0926600009215316
0.0895090577291138
0.0922180951070757
0.0944486191996994
0.0926514627965906
0.0926813531201032
0.0926813531201032
0.0915422432629279
0.0910243063413751
0.0871241660168096
0.0915047549711062
0.0914964284089358
0.0915422432629279
0.0914090909090909
0.0868607463718037
0.0889036251105217
0.0910037107430537
0.0895210113960114
0.0915714220663904
0.0894931244715411
0.0915714220663904
0.0895329682560883
0.0895249966611762
0.0910449112640348
0.0973991378892817
0.0925320940505222
0.0973897041018936
0.0926386585590566
0.0885162199040451
0.0885707993833957
0.0926856247407476
0.0883528843196696
0.087097752176361
0.09145481831825
0.0914257137661393
0.0885512989872303
0.0927112627356968
0.0915505781662569
0.08711284383799
0.0976403185084482
0.0945996801204253
0.0945863317811956
0.0870864368612506
0.09451520421112
0.0945063207857512
0.0945685398542205
0.0924257744277967
0.0939895307534118
0.0961005447768326
0.0925960033152224
0.0924172794117647
0.091579762284257
0.0915464105248782
0.0926557316623664
0.0925022999080037
0.0885903083700441
0.0975834627329192
0.0883567662565905
0.0883451214690507
0.0885357048516334
0.0926984419655204
0.0926941691634017
0.0925278365694304
0.0894612749677477
0.0896367283262759
0.0896127623546188
0.0896447198323898
0.0896367283262759
0.0892627280394159
0.0849490981286698
0.0894652549159178
0.0892310422860186
0.0894016182093003
0.086602644158305
0.0843788025007343
0.0896047765450252
0.0864685901019048
0.094386557777152
0.0893936699857752
0.0920281896393923
0.0915505781662569
0.0869659228507179
0.0892865071260489
0.0870939800779558
0.0847164883309462
0.0939105258242271
0.0939061405556853
0.094342278100957
0.0830408390799851
0.0846843811849918
0.0846594257809211
0.0868082534749201
0.0849204003209324
0.0872413344323457
0.0848344231174858
0.0848738077150333
0.0874347826086957
0.0851505271626371
0.0895928004989753
0.0848738077150333
0.0864648723020036
0.0892746159992897
0.0848666441593518
0.0895928004989753
0.0848845553163649
0.0867670535444622
0.0892746159992897
0.0939192975901364
0.0866586227699733
0.0915297437531291
0.084927572954939
0.0865020646937371
0.0893142654112631
0.084863062834958
0.0896087692719009
0.0847450484618626
0.0896767001114827
0.0895050738828556
0.0868757560048384
0.0896287382448634
0.0865430132977579
0.0896087692719009
0.0909214214666787
0.094386557777152
0.0871430428565238
0.0849419218585005
0.0849132288983659
0.086890770826132
0.0851974241653957
0.0868982801832167
0.0894732158747108
0.0848308445119379
0.089600784173944
0.0847772016356815
0.0848165331083931
0.0848881384550443
0.0895529034556466
0.0894811782504227
0.086602644158305
0.08468794744378
0.0847593357498103
0.0847200572945191
0.0849096436412768
0.0847307659897194
0.0892270831484604
0.0896207495877713
0.0844461241286638
0.0864128566517704
0.0865653652447161
0.0892666903409091
0.0847664812004721
0.0869057908383751
0.089433425242373
0.0893102988852867
0.0869020353485156
0.0864314264838613
0.08655791331296
0.0847879247828653
0.0864017185821697
0.0864277118789754
0.0865951858071739
0.0943998497864151
0.0847664812004721
0.0847772016356815
0.0892389616152651
0.0896047765450252
0.0872829861111111
0.0847414773924403
0.0918642364442008
0.0936830336345849
0.0849921812264909
0.0848738077150333
0.0849060586869327
0.0847914997680988
0.0865392890954471
0.0896087692719009
0.0846950808625337
0.0895369545859305
0.0865318416523236
0.0895249966611762
0.0896087692719009
0.0895888091949927
0.0868532435000432
0.0865243954909216
0.0865430132977579
0.0895449283106243
0.0847807757166948
0.0820682337577538
0.0791265000983671
0.0820280633055964
0.0820514912889143
0.0819478402607987
0.0819111237831453
0.0847343361564067
0.0818744401921668
0.0845988809894409
0.0846059994109975
0.0820715830714606
0.0836139869444098
0.0836975069713239
0.080578595183716
0.0791265000983671
0.0791296135988038
0.0791233868429336
0.0836000831427978
0.08044
0.0800908040941495
0.0819678813075732
0.0791016009125595
0.0819678813075732
0.0836383297288305
0.08044
0.0836174636174636
0.0791888166962
0.0837532797467827
0.0838196065355118
0.0838196065355118
0.0806173581880136
0.0805140729471113
0.0833540578628865
0.0818511131914201
0.0818377894436984
0.0818377894436984
0.0836035586596824
0.082058187456645
0.0804593102344563
0.0833471485411141
0.0836000831427978
0.0836348513204408
0.0836105105604524
0.0845953222278311
0.0791919351027802
0.0821654749744637
0.0791451847770475
0.0819678813075732
0.0836731297328784
0.079142070051161
0.0819077875529488
0.0781061871285975
0.0819678813075732
0.0820749326585585
0.0846095590710199
0.0783496318229633
0.0820916846960852
0.0804850716401185
0.081003786353017
0.0809842139175258
0.0810005236234744
0.0821654749744637
0.0809809527644666
0.0820615359503795
0.0818311291963377
0.0809646509380788
0.0790394214518728
0.0780607095722382
0.0780940545998214
0.0836835753817985
0.0820013048442342
0.0807273895066437
0.089441380537271
0.0819344850065189
0.0804367825286988
0.082038102231469
0.0821520486947996
0.0782307632459348
0.0804786297422763
0.0804593102344563
0.0848415812344429
0.0848344231174858
0.0895888091949927
0.0820481436148511
0.0836000831427978
0.078163868159204
0.0836661674155433
0.0778220657095314
0.0819311468730902
0.0819144602851324
0.0837009905935237
0.0820347556498327
0.0771947334075467
0.0750317140511902
0.0752704270689074
0.0760705099107278
0.0769201346389229
0.0821621179931361
0.0836800932090546
0.07574958565617
0.080046172829678
0.0750177192524341
0.0836348513204408
0.0836766113260933
0.0791545304258836
0.0763100975221037
0.0835167573404211
0.0755390278716851
0.0748585467540202
0.0730104559976764
0.0760935371575602
0.0739311054740635
0.0756441602407373
0.0730237118268637
0.0749869490640614
0.0750877455007094
0.0753663381179028
0.0752422643768474
0.0729972049802171
0.0738767863046912
0.0729521874773271
0.0729574807720215
0.0729574807720215
0.0790767173921592
0.0751747598220627
0.0837497917707813
0.0724580240686027
0.0790953785644051
0.0749087387320271
0.0748920005958588
0.0757296177744304
0.0762580106935649
0.0752000598309775
0.0749478234943351
0.07573817414884
0.077168073676132
0.0769230769230769
0.0771591911905767
0.0767674454115132
0.0769260194323311
0.0729786616344898
0.0771355145564037
0.0729760133541387
0.0750233165454206
0.0741683263258833
0.0729892566782811
0.0724841407151096
0.075955582414262
0.0750037296732806
0.0750793354489453
0.0763303727321036
0.0726911259714441
0.076263794607304
0.0729786616344898
0.0752478952291862
0.0752901535005616
0.0757011104837192
0.0729919059199303
0.077206588090759
0.076315889340063
0.0732124654143003
0.0729654221544937
0.0722056658647804
0.0732444638694639
0.076260902540766
0.0731485523061254
0.0760446209113254
0.0771769582070077
0.0773937807881773
0.0722056658647804
0.0763390654063698
0.0763303727321036
0.0759125740817636
0.0771710349591312
0.0732151308843339
0.0738876437520667
0.0730688176731342
0.0729601277074339
0.0729680696661829
0.066984211578176
0.0669084375831781
0.0701038834274559
0.0700379618987915
0.0669574482253446
0.0665123201587564
0.0663827820690566
0.0706903824521935
0.0669507607284349
0.0669529897456386
0.069397473945752
0.0696257313990929
0.0696112707258818
0.0699867752488341
0.0697440521606437
0.0699332313256364
0.0699672952473732
0.0694813944649829
0.0699380955693121
0.0694982029306055
0.0736144666520243
0.0722004810971888
0.076263794607304
0.0700111405096783
0.0700818958006621
0.0669708272279206
0.0671161098688382
0.0706580935314992
0.0707177269050884
0.0706134344604797
0.0670422723029737
0.0670176958709634
0.0706804442569942
0.0693855018459097
0.069404659188956
0.0699307994575234
0.0700574812750392
0.0692564658883493
0.0691683290912843
0.0699843396554724
0.0665475363182104
0.0694094501777517
0.0691445468298721
0.0762666868932039
0.0663849734262041
0.0696788053082014
0.0707052949862879
0.0675966386554622
0.0663981246079176
0.0676671489619435
0.069601633613678
0.0699599930422682
0.0671205901004639
0.0699770338924073
0.0696209105071837
0.0728913697488129
0.0729521874773271
0.0722004810971888
0.0769996553968679
0.0729389576003772
0.07306616284562
0.0730874068689806
0.0666291166920681
0.0729363122007834
0.0730874068689806
0.0694741933255027
0.0697948842536355
0.0730608537693006
0.0730635082110158
0.0728359290112278
0.0699599930422682
0.0697803532391825
0.0669195700642242
0.0669552189112702
0.0706903824521935
0.0674922808430662
0.0669396178683177
0.0669685970228779
0.0700355227415198
0.0706854130052724
0.0669262513312034
0.0669976012793177
0.077221411565932
0.0722056658647804
0.0699745989769999
0.0667751361402577
0.0666247018287835
0.0699526923612077
0.0699989557589892
0.0700111405096783
0.0700526004110496
0.0666313243431298
0.0693113669263114
0.0666269091872909
0.0728834444766599
0.0729521874773271
0.0697948842536355
0.0736899963356541
0.0729442489752983
0.0697634080344134
0.0730741279069767
0.0771148094179002
0.0729468949506674
0.0693902901901246
0.0669329339324347
0.070074569656422
0.0664617621785974
0.0707003234425538
0.066930706250416
0.0700574812750392
0.0700916663762155
0.0668639446734938
0.0674266554903604
0.0669529897456386
0.0668839591578807
0.0706754762072116
0.067444746285676
0.0669039856277863
0.0669217970049917
0.0706829285438122
0.0669529897456386
0.0642430437977191
0.0611878537090002
0.0611655210170935
0.0640935747067823
0.0638291119151908
0.0635286684567999
0.0635447277783044
0.0669373897413707
0.0639122834895916
0.0645254443945325
0.067444746285676
0.0635266616123326
0.0669373897413707
0.0674221343078419
0.0673611576338179
0.0664310253699789
0.066341173753835
0.0663586866853654
0.0668195108984583
0.0668572758402873
0.0668817347346016
0.0674085743974793
0.0706655422025441
0.0669619072988812
0.0639000985033841
0.0674741645416723
0.0668861837291292
0.0581129894523913
0.0669708272279206
0.0669217970049917
0.0669507607284349
0.0668128509252799
0.0674809570148653
0.0669240240939798
0.0584542045751824
0.0611599403911073
0.0611543607833597
0.0581566846930218
0.058155002891845
0.0611580804087343
0.0611599403911073
0.0582290942784341
0.0634765316751365
0.0706705088557773
0.0639387002416381
0.0639082213112149
0.0669596776878767
0.0668261721995148
0.0667973161496047
0.0673927613941019
0.0669574482253446
0.0669240240939798
0.0581970771234264
0.0581953929852992
0.0581684600254541
0.0582358392215916
0.0584389166569801
0.0582425857275255
0.0581113101774259
0.0556924866376804
0.0581701426050736
0.0582341528393131
0.0634484934532261
0.0608877316216544
0.0669529897456386
0.063615082879919
0.0639570015583755
0.0634845471477728
0.0638574876159024
0.0608748297260481
0.0615492914638999
0.063707786859279
0.0608472012102874
0.0640915320138955
0.06372595620623
0.0608398378411085
0.0639082213112149
0.0608545663620408
0.0669619072988812
0.0637138421569559
0.0669217970049917
0.064542011682393
0.0669128901310974
0.055564765694076
0.0581516395812851
0.0580794223826715
0.0580844549708278
0.0581533211879356
0.0583067555813279
0.055333901989379
0.0580743906665126
0.0580894884312083
0.0555141476880607
0.0510548630328264
0.053519627411843
0.0535025407720755
0.0535153547288307
0.0533280297003447
0.0512174001629992
0.053519627411843
0.0512174001629992
0.0469267746301395
0.0469125434483402
0.0490523696855868
0.0490499768287031
0.0469114490995614
0.048966373663834
0.0468775495932306
0.0490045568633185
0.0469640354974311
0.0488664252909873
0.0489961992008576
0.0469640354974311
0.0488213444684518
0.0489032634599484
0.0489520703001387
0.0535068114091103
0.0510535668951511
0.0512200091691712
0.0586793498876601
0.0557681641708264
0.0512200091691712
0.0587016171405219
0.0535153547288307
0.0557851812810342
0.0510600482417164
0.0488961291577514
0.0487952830417587
0.0487929152007764
0.048956837159481
0.048807125694731
0.0468382438569931
0.0510444957737899
0.0487905475895868
0.0488794905449419
0.0489342028421258
0.0533478353140917
0.058660521556502
0.0557743510095407
0.0512278377827593
0.0533478353140917
0.0585921566342288
0.0533223736543459
0.0559839648116701
0.0557295275045033
0.0559574823306806
0.0510432001624448
0.0511782969410088
0.048924678863371
0.0535210517911322
0.0510328376389382
0.0535295996592845
0.0510432001624448
0.0535295996592845
0.0489032634599484
0.0510704218198441
0.0535096588792507
0.0559979950991312
0.0554789229750607
0.0559917585477225
0.0554881077203245
0.0554773924797925
0.0557619787045253
0.0555156802120141
0.055993317555339
0.0560245159492966
0.0557233506054476
0.0581583665914743
0.0555172128205836
0.057802305193872
0.0583846243177331
0.0581600485872112
0.057808951619858
0.0577541642734061
0.0581079519186315
0.057750847165585
0.0577525056718647
0.0512004480993966
0.0535139306527582
0.0510432001624448
0.053518203108367
0.0510600482417164
0.0510704218198441
0.053518203108367
0.0512082707341295
0.0535210517911322
0.0535239007771745
0.0533124784602741
0.0470244358704548
0.0490368202877347
0.0469344411510724
0.0469366320457463
0.0490763111013495
0.0469322504609209
0.0469344411510724
0.0490045568633185
0.0469607453938304
0.0490583528493365
0.0559419161010348
0.0560182734895122
0.055694029024039
0.0553323794849219
0.0580609770181314
0.0529558920342331
0.0529544975774173
0.0529419507700408
0.0560198339740376
0.058017425422653
0.036029095599828
0.0360381348338769
0.0372994528424372
0.041600297883784
0.0400509848439585
0.0386151541917892
0.0372994528424372
0.040062155108871
0.0416313011075458
0.037286312900953
0.0290250414952731
0.028223769157357
0.028240019098173
0.0274771820517025
0.0448613558792692
0.0448523507895441
0.0488569276742548
0.0467946480511926
0.0448643583794396
0.0282233730509593
0.028223769157357
0.0274599229865909
0.028223769157357
0.0247599113518838
0.0247599113518838
0.0326789950924632
0.0360174803882939
0.0348472508620839
0.0360381348338769
0.0348472508620839
0.0372724913815472
0.0348532903516525
0.0348472508620839
0.0348327646233523
0.0326901506900532
0.028240019098173
0.0298678152383781
0.029884237587862
0.0307642883368009
0.0298687024714829
0.0274771820517025
0.0450391937290034
0.0448483496877788
0.0448643583794396
0.046753307139702
0.0448683623382419
0.044865359302144
0.0448453493298843
0.0448473495238732
0.0448733682918666
0.0448673612815421
0.0290275552476219
0.0307675831153134
0.031691750059097
0.0298824613281424
0.0317042408954753
0.0307642883368009
0.0326912135251565
0.0307567600636241
0.0307562896688843
0.0326901506900532
0.0307704077729324
0.0307708785996266
0.031691750059097
0.0317017419405691
0.0317017419405691
0.0450200362667622
0.0449355350479297
0.0450422200819764
0.0449375432951219
0.0448763724002499
0.0449355350479297
0.0386121884720249
0.041600297883784
0.0450170128939828
0.0432920003444416
0.0298735831959238
0.0307562896688843
0.0298837935031355
0.0298687024714829
0.0337393463525938
0.0307567600636241
0.0337365162978745
0.0282233730509593
0.0450856425432697
0.0450391937290034
0.0432566143256614
0.0386129298592577
0.0386463217772311
0.0400869114539728
0.0400509848439585
0.0386277635850253
0.0360149002471435
0.0432920003444416
0.0290413886722699
0.0290275552476219
0.0290250414952731
0.0260428132972455
0.0260434878329901
0.0267331339315387
0.0267338447017535
0.0253862855988689
0.0253862855988689
0.0260434878329901
0.0253866060720823
0.0253856446767149
0.0247599113518838
