0.00248632521133764
0.00994530084535057
0.00198906016907011
0.00198906016907011
0.00994530084535057
0.0159124813525609
0.0034808552958727
0.0149179512680259
0.016907011437096
0.00546991546494281
0.00646444554947787
0.00397812033814023
0.00596718050721034
0.0124316260566882
0.00149179512680259
0.00497265042267529
0.0139234211834908
0.0164097463948284
0.0183988065638986
0.0119343610144207
0.0134261561412233
0.0139234211834908
0.0124316260566882
0.0119343610144207
0.0119343610144207
0.0119343610144207
0.017901541521631
0.0164097463948284
0.0174042764793635
0.0144206862257583
0.00745897563401293
0.0114370959721532
0.0154152163102934
0.026355047240179
0.016907011437096
0.016907011437096
0.00497265042267529
0.0233714569865738
0.0174042764793635
0.0228741919443063
0.0149179512680259
0.0134261561412233
0.0139234211834908
0.0223769269020388
0.0149179512680259
0.0218796618597713
0.0159124813525609
0.0104425658876181
0.0159124813525609
0.0164097463948284
0.0124316260566882
0.00447538538040776
0.00447538538040776
0.00646444554947787
0.017901541521631
0.0104425658876181
0.0119343610144207
0.0124316260566882
0.0124316260566882
0.0243659870711089
0.0109398309298856
0.00994530084535057
0.0174042764793635
0.0129288910989557
0.0129288910989557
0.0273495773247141
0.0298359025360517
0.00546991546494281
0.017901541521631
0.0228741919443063
0.0129288910989557
0.0198906016907011
0.0109398309298856
0.0159124813525609
0.0154152163102934
0.0154152163102934
0.0154152163102934
0.0174042764793635
0.016907011437096
0.0124316260566882
0.00596718050721034
0.0034808552958727
0.00546991546494281
0.00248632521133764
0.0154152163102934
0.00596718050721034
0.00447538538040776
0.00298359025360517
0.0139234211834908
0.0129288910989557
0.0144206862257583
0.0124316260566882
0.0134261561412233
0.0119343610144207
0.0119343610144207
0.0134261561412233
0.0134261561412233
0.0144206862257583
0.0124316260566882
0.0159124813525609
0.016907011437096
0.0144206862257583
0.00994530084535057
0.0149179512680259
0.0174042764793635
0.0164097463948284
0.0174042764793635
0.017901541521631
0.00895077076081552
0.016907011437096
0.0119343610144207
0.0218796618597713
0.00845350571854799
0.0188960716061661
0.0144206862257583
0.0149179512680259
0.0203878667329687
0.0119343610144207
0.0183988065638986
0.016907011437096
0.0174042764793635
0.0144206862257583
0.0154152163102934
0.0149179512680259
0.017901541521631
0.0203878667329687
0.0139234211834908
0.0159124813525609
0.0208851317752362
0.0114370959721532
0.0174042764793635
0.0149179512680259
0.0198906016907011
0.0303331675783192
0.0198906016907011
0.0134261561412233
0.0203878667329687
0.0139234211834908
0.0283441074092491
0.0159124813525609
0.0323222277473894
0.016907011437096
0.0139234211834908
0.0134261561412233
0.0129288910989557
0.017901541521631
0.0114370959721532
0.0223769269020388
0.0174042764793635
0.0129288910989557
0.0119343610144207
0.0109398309298856
0.016907011437096
0.0124316260566882
0.016907011437096
0.016907011437096
0.0188960716061661
0.0124316260566882
0.017901541521631
0.0104425658876181
0.0144206862257583
0.0114370959721532
0.0188960716061661
0.0258577821979115
0.0164097463948284
0.0213823968175037
0.0114370959721532
0.016907011437096
0.0293386374937842
0.0218796618597713
0.0149179512680259
0.0124316260566882
0.0129288910989557
0.0124316260566882
0.0129288910989557
0.0119343610144207
0.0134261561412233
0.0109398309298856
0.0188960716061661
0.0139234211834908
0.0223769269020388
0.0164097463948284
0.017901541521631
0.0144206862257583
0.017901541521631
0.0149179512680259
0.016907011437096
0.0164097463948284
0.0174042764793635
0.0149179512680259
0.0119343610144207
0.016907011437096
0.0144206862257583
0.00248632521133764
0.017901541521631
0.0223769269020388
0.016907011437096
0.0283441074092491
0.017901541521631
0.0203878667329687
0.0198906016907011
0.0164097463948284
0.016907011437096
0.017901541521631
0.0124316260566882
0.0258577821979115
0.0149179512680259
0.0124316260566882
0.0104425658876181
0.0188960716061661
0.0174042764793635
0.0228741919443063
0.0223769269020388
0.0174042764793635
0.0119343610144207
0.0134261561412233
0.0208851317752362
0.025360517155644
0.0248632521133764
0.0397812033814023
0.0129288910989557
0.0139234211834908
0.0159124813525609
0.0193933366484336
0.0218796618597713
0.0144206862257583
0.0248632521133764
0.0233714569865738
0.0134261561412233
0.017901541521631
0.0183988065638986
0.0193933366484336
0.0223769269020388
0.0193933366484336
0.016907011437096
0.017901541521631
0.0193933366484336
0.026355047240179
0.0218796618597713
0.0223769269020388
0.0183988065638986
0.026355047240179
0.0193933366484336
0.0188960716061661
0.0243659870711089
0.0213823968175037
0.0124316260566882
0.0228741919443063
0.0288413724515167
0.0218796618597713
0.0154152163102934
0.017901541521631
0.00944803580308304
0.016907011437096
0.0183988065638986
0.0203878667329687
0.0233714569865738
0.0248632521133764
0.0174042764793635
0.0159124813525609
0.0144206862257583
0.0188960716061661
0.016907011437096
0.0139234211834908
0.0159124813525609
0.0154152163102934
0.016907011437096
0.0164097463948284
0.0124316260566882
0.0278468423669816
0.0174042764793635
0.0198906016907011
0.0233714569865738
0.0149179512680259
0.0183988065638986
0.0198906016907011
0.0139234211834908
0.0114370959721532
0.0188960716061661
0.0223769269020388
0.0213823968175037
0.0164097463948284
0.0198906016907011
0.0109398309298856
0.0223769269020388
0.0193933366484336
0.0188960716061661
0.0129288910989557
0.0213823968175037
0.0243659870711089
0.026355047240179
0.0159124813525609
0.0124316260566882
0.0193933366484336
0.0228741919443063
0.017901541521631
0.017901541521631
0.0139234211834908
0.0164097463948284
0.0293386374937842
0.0174042764793635
0.0119343610144207
0.0124316260566882
0.0119343610144207
0.0233714569865738
0.0124316260566882
0.0188960716061661
0.0164097463948284
0.0159124813525609
0.0238687220288414
0.0154152163102934
0.0208851317752362
0.0159124813525609
0.016907011437096
0.0174042764793635
0.0144206862257583
0.0164097463948284
0.0139234211834908
0.00795624067628046
0.0104425658876181
0.0159124813525609
0.0139234211834908
0.0218796618597713
0.0154152163102934
0.0174042764793635
0.0193933366484336
0.0139234211834908
0.0164097463948284
0.0159124813525609
0.0223769269020388
0.0164097463948284
0.025360517155644
0.0303331675783192
0.0223769269020388
0.0223769269020388
0.0278468423669816
0.0223769269020388
0.0208851317752362
0.0228741919443063
0.0288413724515167
0.0208851317752362
0.0203878667329687
0.0243659870711089
0.016907011437096
0.0193933366484336
0.0174042764793635
0.0193933366484336
0.016907011437096
0.0164097463948284
0.0164097463948284
0.0228741919443063
0.0397812033814023
0.0183988065638986
0.0218796618597713
0.0218796618597713
0.0223769269020388
0.0278468423669816
0.0288413724515167
0.0109398309298856
0.017901541521631
0.0129288910989557
0.0124316260566882
0.016907011437096
0.0174042764793635
0.0174042764793635
0.017901541521631
0.0104425658876181
0.0154152163102934
0.0228741919443063
0.0183988065638986
0.0208851317752362
0.0149179512680259
0.0308304326205868
0.0273495773247141
0.0218796618597713
0.0238687220288414
0.0238687220288414
0.0174042764793635
0.0104425658876181
0.0144206862257583
0.0139234211834908
0.0193933366484336
0.0129288910989557
0.0139234211834908
0.0114370959721532
0.0159124813525609
0.0183988065638986
0.0174042764793635
0.0129288910989557
0.0174042764793635
0.016907011437096
0.0198906016907011
0.0149179512680259
0.0208851317752362
0.0144206862257583
0.0193933366484336
0.0149179512680259
0.016907011437096
0.0203878667329687
0.0218796618597713
0.0203878667329687
0.0213823968175037
0.0293386374937842
0.0328194927896569
0.0174042764793635
0.0243659870711089
0.0188960716061661
0.0124316260566882
0.0134261561412233
0.0323222277473894
0.0104425658876181
0.0203878667329687
0.0154152163102934
0.016907011437096
0.0149179512680259
0.0159124813525609
0.016907011437096
0.0174042764793635
0.0258577821979115
0.0248632521133764
0.0268523122824465
0.0174042764793635
0.0228741919443063
0.0159124813525609
0.0198906016907011
0.0159124813525609
0.0164097463948284
0.017901541521631
0.0258577821979115
0.0223769269020388
0.0223769269020388
0.0273495773247141
0.0208851317752362
0.0188960716061661
0.0198906016907011
0.0198906016907011
0.0213823968175037
0.0213823968175037
0.0258577821979115
0.0193933366484336
0.0198906016907011
0.0164097463948284
0.0203878667329687
0.0193933366484336
0.0258577821979115
0.0283441074092491
0.025360517155644
0.0154152163102934
0.0213823968175037
0.0218796618597713
0.0223769269020388
0.0223769269020388
0.0193933366484336
0.0139234211834908
0.0203878667329687
0.0159124813525609
0.0183988065638986
0.0223769269020388
0.016907011437096
0.0198906016907011
0.0149179512680259
0.0218796618597713
0.0149179512680259
0.0288413724515167
0.0144206862257583
0.0198906016907011
0.0149179512680259
0.0174042764793635
0.016907011437096
0.0213823968175037
0.0164097463948284
0.016907011437096
0.0164097463948284
0.0248632521133764
0.0183988065638986
0.0188960716061661
0.0154152163102934
0.0149179512680259
0.0183988065638986
0.0223769269020388
0.0193933366484336
0.0188960716061661
0.0164097463948284
0.0198906016907011
0.0308304326205868
0.0193933366484336
0.0164097463948284
0.0188960716061661
0.0198906016907011
0.0183988065638986
0.0159124813525609
0.026355047240179
0.0208851317752362
0.0203878667329687
0.017901541521631
0.0174042764793635
0.0149179512680259
0.0154152163102934
0.0164097463948284
0.0159124813525609
0.016907011437096
0.0223769269020388
0.0258577821979115
0.0233714569865738
0.0129288910989557
0.026355047240179
0.0228741919443063
0.0139234211834908
0.0174042764793635
0.0188960716061661
0.017901541521631
0.016907011437096
0.0223769269020388
0.016907011437096
0.0154152163102934
0.0228741919443063
0.0164097463948284
0.0198906016907011
0.0183988065638986
0.0228741919443063
0.0183988065638986
0.0213823968175037
0.0183988065638986
0.0228741919443063
0.0193933366484336
0.0174042764793635
0.0183988065638986
0.0208851317752362
0.0203878667329687
0.0228741919443063
0.0228741919443063
0.0258577821979115
0.0248632521133764
0.0238687220288414
0.025360517155644
0.0223769269020388
0.0129288910989557
0.0149179512680259
0.0203878667329687
0.0213823968175037
0.0213823968175037
0.0203878667329687
0.0183988065638986
0.0164097463948284
0.0164097463948284
0.00944803580308304
0.0139234211834908
0.0238687220288414
0.0164097463948284
0.016907011437096
0.0188960716061661
0.0203878667329687
0.0193933366484336
0.0223769269020388
0.0174042764793635
0.0183988065638986
0.0174042764793635
0.0198906016907011
0.0213823968175037
0.025360517155644
0.0203878667329687
0.0183988065638986
0.0273495773247141
0.0203878667329687
0.0159124813525609
0.0208851317752362
0.0268523122824465
0.0223769269020388
0.0208851317752362
0.0228741919443063
0.0233714569865738
0.0218796618597713
0.0223769269020388
0.0228741919443063
0.0243659870711089
0.0233714569865738
0.0233714569865738
0.025360517155644
0.026355047240179
0.0238687220288414
0.0208851317752362
0.0243659870711089
0.0134261561412233
0.0119343610144207
0.0119343610144207
0.0198906016907011
0.0104425658876181
0.00994530084535057
0.0159124813525609
0.0278468423669816
0.0278468423669816
0.0129288910989557
0.0203878667329687
0.0203878667329687
0.0193933366484336
0.0208851317752362
0.0208851317752362
0.0114370959721532
0.0258577821979115
0.0174042764793635
0.0198906016907011
0.0203878667329687
0.0233714569865738
0.0183988065638986
0.0188960716061661
0.0213823968175037
0.0238687220288414
0.0188960716061661
0.017901541521631
0.0208851317752362
0.0119343610144207
0.016907011437096
0.0149179512680259
0.0164097463948284
0.0124316260566882
0.0144206862257583
0.0119343610144207
0.0188960716061661
0.0164097463948284
0.0139234211834908
0.0144206862257583
0.0193933366484336
0.0268523122824465
0.0188960716061661
0.0233714569865738
0.0213823968175037
0.0144206862257583
0.0233714569865738
0.0233714569865738
0.0238687220288414
0.0218796618597713
0.0213823968175037
0.0213823968175037
0.0243659870711089
0.0198906016907011
0.0213823968175037
0.0193933366484336
0.017901541521631
0.0288413724515167
0.0198906016907011
0.0372948781700646
0.0303331675783192
0.0208851317752362
0.0313276976628543
0.0377921432123322
0.0328194927896569
0.0193933366484336
0.0218796618597713
0.0154152163102934
0.0129288910989557
0.016907011437096
0.017901541521631
0.0223769269020388
0.0144206862257583
0.0218796618597713
0.0183988065638986
0.0278468423669816
0.0288413724515167
0.0223769269020388
0.0243659870711089
0.0268523122824465
0.025360517155644
0.0293386374937842
0.0293386374937842
0.0283441074092491
0.0303331675783192
0.0363003480855296
0.0134261561412233
0.0134261561412233
0.0129288910989557
0.026355047240179
0.0139234211834908
0.0119343610144207
0.0208851317752362
0.0109398309298856
0.0124316260566882
0.0174042764793635
0.025360517155644
0.0353058180009945
0.0213823968175037
0.0228741919443063
0.026355047240179
0.017901541521631
0.0193933366484336
0.0183988065638986
0.0367976131277971
0.0198906016907011
0.0188960716061661
0.0149179512680259
0.016907011437096
0.0139234211834908
0.0188960716061661
0.0119343610144207
0.0149179512680259
0.016907011437096
0.0139234211834908
0.0293386374937842
0.0223769269020388
0.0293386374937842
0.0134261561412233
0.0154152163102934
0.0119343610144207
0.0164097463948284
0.0154152163102934
0.0144206862257583
0.017901541521631
0.0203878667329687
0.0198906016907011
0.0124316260566882
0.0149179512680259
0.0164097463948284
0.0104425658876181
0.0218796618597713
0.0318249627051218
0.0193933366484336
0.0467429139731477
0.0134261561412233
0.0293386374937842
0.0353058180009945
0.0298359025360517
0.0218796618597713
0.0278468423669816
0.0183988065638986
0.0313276976628543
0.0238687220288414
0.0149179512680259
0.0159124813525609
0.016907011437096
0.016907011437096
0.0228741919443063
0.00994530084535057
0.0139234211834908
0.0144206862257583
0.0159124813525609
0.00845350571854799
0.0139234211834908
0.0208851317752362
0.017901541521631
0.0114370959721532
0.0278468423669816
0.0248632521133764
0.0268523122824465
0.025360517155644
0.0243659870711089
0.0308304326205868
0.0298359025360517
0.0258577821979115
0.0298359025360517
0.0203878667329687
0.0308304326205868
0.0218796618597713
0.0213823968175037
0.0313276976628543
0.025360517155644
0.0313276976628543
0.017901541521631
0.0218796618597713
0.0303331675783192
0.0303331675783192
0.0154152163102934
0.0183988065638986
0.0149179512680259
0.0243659870711089
0.0124316260566882
0.017901541521631
0.0188960716061661
0.016907011437096
0.0303331675783192
0.0139234211834908
0.0139234211834908
0.0193933366484336
0.0183988065638986
0.0183988065638986
0.0159124813525609
0.0283441074092491
0.0278468423669816
0.0203878667329687
0.0149179512680259
0.0238687220288414
0.0238687220288414
0.0193933366484336
0.0134261561412233
0.0233714569865738
0.0134261561412233
0.0248632521133764
0.0198906016907011
0.0243659870711089
0.0208851317752362
0.0208851317752362
0.0238687220288414
0.0248632521133764
0.0213823968175037
0.0238687220288414
0.0183988065638986
0.0193933366484336
0.0258577821979115
0.017901541521631
0.0367976131277971
0.0273495773247141
0.0198906016907011
0.0258577821979115
0.026355047240179
0.0203878667329687
0.0208851317752362
0.0124316260566882
0.0213823968175037
0.0188960716061661
0.0183988065638986
0.0193933366484336
0.0164097463948284
0.0213823968175037
0.0278468423669816
0.0248632521133764
0.0223769269020388
0.017901541521631
0.0154152163102934
0.0258577821979115
0.017901541521631
0.0318249627051218
0.0203878667329687
0.0154152163102934
0.0134261561412233
0.0193933366484336
0.0193933366484336
0.017901541521631
0.0208851317752362
0.0104425658876181
0.0283441074092491
0.0198906016907011
0.0233714569865738
0.0223769269020388
0.0218796618597713
0.017901541521631
0.0129288910989557
0.0228741919443063
0.0174042764793635
0.0218796618597713
0.0213823968175037
0.0223769269020388
0.0248632521133764
0.0188960716061661
0.016907011437096
0.0243659870711089
0.0268523122824465
0.0203878667329687
0.0149179512680259
0.0223769269020388
0.0203878667329687
0.025360517155644
0.025360517155644
0.0208851317752362
0.0213823968175037
0.0218796618597713
0.0203878667329687
0.0188960716061661
0.0228741919443063
0.0183988065638986
0.0174042764793635
0.0303331675783192
0.0193933366484336
0.0303331675783192
0.0139234211834908
0.0183988065638986
0.0183988065638986
0.0193933366484336
0.0144206862257583
0.0129288910989557
0.0183988065638986
0.0268523122824465
0.0134261561412233
0.0288413724515167
0.0203878667329687
0.0203878667329687
0.0208851317752362
0.017901541521631
0.0208851317752362
0.0273495773247141
0.0188960716061661
0.0218796618597713
0.0213823968175037
0.0298359025360517
0.0198906016907011
0.0338140228741919
0.0228741919443063
0.0149179512680259
0.0144206862257583
0.0174042764793635
0.0208851317752362
0.0188960716061661
0.0159124813525609
0.025360517155644
0.017901541521631
0.0203878667329687
0.0203878667329687
0.0198906016907011
0.0183988065638986
0.0248632521133764
0.0198906016907011
0.016907011437096
0.0159124813525609
0.0203878667329687
0.0228741919443063
0.017901541521631
0.0218796618597713
0.0193933366484336
0.0248632521133764
0.025360517155644
0.0218796618597713
0.0203878667329687
0.0238687220288414
0.0238687220288414
0.0213823968175037
0.0193933366484336
0.0183988065638986
0.0193933366484336
0.025360517155644
0.016907011437096
0.0233714569865738
0.0218796618597713
0.0174042764793635
0.0208851317752362
0.016907011437096
0.0243659870711089
0.0154152163102934
0.0203878667329687
0.0174042764793635
0.0154152163102934
0.0164097463948284
0.0218796618597713
0.0193933366484336
0.0208851317752362
0.0183988065638986
0.017901541521631
0.0193933366484336
0.0223769269020388
0.0208851317752362
0.0223769269020388
0.0154152163102934
0.0268523122824465
0.0213823968175037
0.0223769269020388
0.0228741919443063
0.0198906016907011
0.0208851317752362
0.0198906016907011
0.0238687220288414
0.0203878667329687
0.0218796618597713
0.0188960716061661
0.0223769269020388
0.0223769269020388
0.0228741919443063
0.0218796618597713
0.0213823968175037
0.0213823968175037
0.0268523122824465
0.0288413724515167
0.0183988065638986
0.017901541521631
0.0174042764793635
0.0198906016907011
0.0223769269020388
0.0238687220288414
0.0139234211834908
0.0149179512680259
0.0218796618597713
0.0233714569865738
0.0203878667329687
0.0183988065638986
0.0134261561412233
0.0208851317752362
0.0208851317752362
0.0233714569865738
0.0188960716061661
0.0159124813525609
0.0154152163102934
0.0164097463948284
0.0149179512680259
0.0218796618597713
0.0134261561412233
0.0164097463948284
0.0154152163102934
0.0213823968175037
0.0164097463948284
0.0144206862257583
0.0149179512680259
0.016907011437096
0.0174042764793635
0.0164097463948284
0.0139234211834908
0.0159124813525609
0.0139234211834908
0.0174042764793635
0.0159124813525609
0.0273495773247141
0.016907011437096
0.0119343610144207
0.0154152163102934
0.0144206862257583
0.0149179512680259
0.0124316260566882
0.0104425658876181
0.0129288910989557
0.0183988065638986
0.017901541521631
0.017901541521631
0.017901541521631
0.017901541521631
0.0124316260566882
0.0154152163102934
0.0134261561412233
0.0159124813525609
0.0164097463948284
0.0164097463948284
0.016907011437096
0.0198906016907011
0.0149179512680259
0.0149179512680259
0.0283441074092491
0.0129288910989557
0.0129288910989557
0.0164097463948284
0.0154152163102934
0.0149179512680259
0.0154152163102934
0.0154152163102934
0.0149179512680259
0.0174042764793635
0.0159124813525609
0.0159124813525609
0.0303331675783192
0.0159124813525609
0.0139234211834908
0.0154152163102934
0.0144206862257583
0.0174042764793635
0.0144206862257583
0.016907011437096
0.0174042764793635
0.016907011437096
0.0174042764793635
0.0183988065638986
0.016907011437096
0.016907011437096
0.0144206862257583
0.0183988065638986
0.0183988065638986
0.0134261561412233
0.016907011437096
0.0203878667329687
0.0233714569865738
0.0129288910989557
0.016907011437096
0.0139234211834908
0.0159124813525609
0.016907011437096
0.0149179512680259
0.0149179512680259
0.0174042764793635
0.0159124813525609
0.016907011437096
0.0149179512680259
0.0154152163102934
0.0188960716061661
0.0124316260566882
0.00994530084535057
0.0149179512680259
0.0159124813525609
0.0159124813525609
0.0174042764793635
0.0174042764793635
0.0183988065638986
0.0154152163102934
0.0164097463948284
0.016907011437096
0.0139234211834908
0.016907011437096
0.0193933366484336
0.0159124813525609
0.0174042764793635
0.0188960716061661
0.0149179512680259
0.0183988065638986
0.016907011437096
0.0159124813525609
0.017901541521631
0.0238687220288414
0.017901541521631
0.0248632521133764
0.0119343610144207
0.0238687220288414
0.0149179512680259
0.0149179512680259
0.0139234211834908
0.0129288910989557
0.0159124813525609
0.0183988065638986
0.0193933366484336
0.0258577821979115
0.0159124813525609
0.0174042764793635
0.0164097463948284
0.0223769269020388
0.0154152163102934
0.0203878667329687
0.0183988065638986
0.0114370959721532
0.0193933366484336
0.0119343610144207
0.0139234211834908
0.0164097463948284
0.0154152163102934
0.017901541521631
0.0129288910989557
0.0134261561412233
0.0213823968175037
0.0233714569865738
0.0248632521133764
0.0198906016907011
0.0129288910989557
0.017901541521631
0.0124316260566882
0.0104425658876181
0.016907011437096
0.0159124813525609
0.0149179512680259
0.0174042764793635
0.0104425658876181
0.0144206862257583
0.0149179512680259
0.016907011437096
0.016907011437096
0.0338140228741919
0.0363003480855296
0.0149179512680259
0.0134261561412233
0.0233714569865738
0.0124316260566882
0.0174042764793635
0.0188960716061661
0.0139234211834908
0.0183988065638986
0.016907011437096
0.0139234211834908
0.016907011437096
0.0174042764793635
0.0144206862257583
0.0139234211834908
0.0193933366484336
0.0124316260566882
0.0258577821979115
0.0203878667329687
0.0109398309298856
0.0248632521133764
0.0183988065638986
0.0188960716061661
0.0149179512680259
0.0159124813525609
0.016907011437096
0.0188960716061661
0.0273495773247141
0.0154152163102934
0.0183988065638986
0.017901541521631
0.0134261561412233
0.0223769269020388
0.0109398309298856
0.0218796618597713
0.016907011437096
0.0149179512680259
0.0213823968175037
0.0149179512680259
0.0139234211834908
0.0154152163102934
0.016907011437096
0.0293386374937842
0.0198906016907011
0.0144206862257583
0.0213823968175037
0.0134261561412233
0.0213823968175037
0.0129288910989557
0.0134261561412233
0.0193933366484336
0.0159124813525609
0.0218796618597713
0.0139234211834908
0.0193933366484336
0.0198906016907011
0.0119343610144207
0.0139234211834908
0.0124316260566882
0.0213823968175037
0.0193933366484336
0.00994530084535057
0.0174042764793635
0.0134261561412233
0.0124316260566882
0.0119343610144207
0.016907011437096
0.0129288910989557
0.0203878667329687
0.0228741919443063
0.0154152163102934
0.00994530084535057
0.0124316260566882
0.017901541521631
0.0154152163102934
0.0203878667329687
0.016907011437096
0.017901541521631
0.0144206862257583
0.0223769269020388
0.016907011437096
0.0164097463948284
0.0144206862257583
0.0139234211834908
0.0193933366484336
0.0139234211834908
0.0183988065638986
0.0198906016907011
0.0183988065638986
0.016907011437096
0.0144206862257583
0.0164097463948284
0.0149179512680259
0.017901541521631
0.0159124813525609
0.0218796618597713
0.0124316260566882
0.0188960716061661
0.016907011437096
0.0139234211834908
0.0203878667329687
0.0144206862257583
0.00944803580308304
0.0144206862257583
0.0144206862257583
0.00845350571854799
0.0154152163102934
0.0154152163102934
0.00994530084535057
0.0149179512680259
0.017901541521631
0.016907011437096
0.0129288910989557
0.017901541521631
0.0208851317752362
0.016907011437096
0.0183988065638986
0.0164097463948284
0.0183988065638986
0.0139234211834908
0.016907011437096
0.0159124813525609
0.0198906016907011
0.0273495773247141
0.016907011437096
0.0273495773247141
0.0159124813525609
0.0114370959721532
0.0223769269020388
0.0218796618597713
0.0174042764793635
0.0119343610144207
0.0124316260566882
0.0164097463948284
0.00944803580308304
0.00944803580308304
0.0109398309298856
0.0164097463948284
0.0159124813525609
0.00895077076081552
0.0203878667329687
0.026355047240179
0.025360517155644
0.0238687220288414
0.026355047240179
0.0188960716061661
0.0283441074092491
0.0193933366484336
0.0218796618597713
0.0174042764793635
0.0308304326205868
0.0203878667329687
0.0203878667329687
0.0298359025360517
0.0149179512680259
0.0119343610144207
0.0188960716061661
0.017901541521631
0.0134261561412233
0.0119343610144207
0.00745897563401293
0.00745897563401293
0.0129288910989557
0.0124316260566882
0.00994530084535057
0.0238687220288414
0.0273495773247141
0.0248632521133764
0.0323222277473894
0.0124316260566882
0.0154152163102934
0.0129288910989557
0.0144206862257583
0.0243659870711089
0.0119343610144207
0.0203878667329687
0.0188960716061661
0.0233714569865738
0.0203878667329687
0.017901541521631
0.0208851317752362
0.0213823968175037
0.0283441074092491
0.0203878667329687
0.0139234211834908
0.0293386374937842
0.0159124813525609
0.0134261561412233
0.0223769269020388
0.0238687220288414
0.0233714569865738
0.0228741919443063
0.0218796618597713
0.0248632521133764
0.0223769269020388
0.0387866732968672
0.025360517155644
0.0268523122824465
0.0238687220288414
0.0109398309298856
0.0149179512680259
0.00845350571854799
0.0129288910989557
0.0268523122824465
0.0392839383391348
0.0144206862257583
0.0402784684236698
0.0183988065638986
0.0238687220288414
0.0228741919443063
0.0218796618597713
0.0233714569865738
0.0223769269020388
0.0268523122824465
0.0193933366484336
0.0298359025360517
0.0213823968175037
0.016907011437096
0.0183988065638986
0.0238687220288414
0.0198906016907011
0.016907011437096
0.0233714569865738
0.0248632521133764
0.0198906016907011
0.0333167578319244
0.0109398309298856
0.0208851317752362
0.0412729985082049
0.0203878667329687
0.0154152163102934
0.0407757334659373
0.0233714569865738
0.0223769269020388
0.0243659870711089
0.0188960716061661
0.0218796618597713
0.0298359025360517
0.0114370959721532
0.0238687220288414
0.0203878667329687
0.0183988065638986
0.0203878667329687
0.0149179512680259
0.00944803580308304
0.0124316260566882
0.0104425658876181
0.0149179512680259
0.0144206862257583
0.0134261561412233
0.0114370959721532
0.025360517155644
0.0208851317752362
0.0164097463948284
0.0203878667329687
0.0283441074092491
0.0213823968175037
0.025360517155644
0.0223769269020388
0.0358030830432621
0.0273495773247141
0.0283441074092491
0.0174042764793635
0.0203878667329687
0.0208851317752362
0.0149179512680259
0.016907011437096
0.0174042764793635
0.0104425658876181
0.0174042764793635
0.0188960716061661
0.0203878667329687
0.0149179512680259
0.0183988065638986
0.0218796618597713
0.017901541521631
0.0193933366484336
0.0233714569865738
0.0129288910989557
0.0149179512680259
0.0109398309298856
0.0149179512680259
0.0188960716061661
0.0154152163102934
0.0144206862257583
0.0129288910989557
0.0139234211834908
0.0183988065638986
0.0164097463948284
0.0188960716061661
0.017901541521631
0.0193933366484336
0.0198906016907011
0.0188960716061661
0.0228741919443063
0.0198906016907011
0.0154152163102934
0.0149179512680259
0.0164097463948284
0.0149179512680259
0.0139234211834908
0.0198906016907011
0.0174042764793635
0.0144206862257583
0.0154152163102934
0.0149179512680259
0.017901541521631
0.0149179512680259
0.0144206862257583
0.0183988065638986
0.0139234211834908
0.00994530084535057
0.0164097463948284
0.0149179512680259
0.00994530084535057
0.0149179512680259
0.00994530084535057
0.0154152163102934
0.0183988065638986
0.0198906016907011
0.0188960716061661
0.0203878667329687
0.0218796618597713
0.0203878667329687
0.0208851317752362
0.0198906016907011
0.0188960716061661
0.017901541521631
0.0154152163102934
0.0174042764793635
0.0124316260566882
0.0134261561412233
0.0129288910989557
0.0198906016907011
0.0129288910989557
0.0273495773247141
0.0139234211834908
0.0183988065638986
0.016907011437096
0.0154152163102934
0.0188960716061661
0.0183988065638986
0.0193933366484336
0.0183988065638986
0.017901541521631
0.0198906016907011
0.0218796618597713
0.016907011437096
0.0183988065638986
0.0134261561412233
0.0203878667329687
0.0124316260566882
0.0134261561412233
0.0149179512680259
0.0228741919443063
0.0129288910989557
0.0159124813525609
0.0114370959721532
0.0139234211834908
0.0188960716061661
0.0174042764793635
0.0144206862257583
0.0154152163102934
0.0129288910989557
0.0139234211834908
0.0104425658876181
0.0174042764793635
0.0183988065638986
0.0109398309298856
0.0193933366484336
0.0159124813525609
0.0149179512680259
0.00895077076081552
0.0183988065638986
0.017901541521631
0.0213823968175037
0.00994530084535057
0.0203878667329687
0.0109398309298856
0.0124316260566882
0.0174042764793635
0.0124316260566882
0.016907011437096
0.0203878667329687
0.016907011437096
0.0154152163102934
0.0174042764793635
0.00944803580308304
0.0134261561412233
0.0208851317752362
0.0144206862257583
0.0104425658876181
0.00895077076081552
0.00994530084535057
0.0109398309298856
0.0174042764793635
0.0109398309298856
0.0119343610144207
0.0124316260566882
0.0144206862257583
0.0159124813525609
0.017901541521631
0.0114370959721532
0.017901541521631
0.0193933366484336
0.017901541521631
0.0174042764793635
0.0119343610144207
0.0228741919443063
0.0174042764793635
0.0183988065638986
0.0119343610144207
0.0114370959721532
0.0119343610144207
0.0174042764793635
0.0233714569865738
0.0174042764793635
0.0164097463948284
0.0149179512680259
0.0134261561412233
0.00994530084535057
0.017901541521631
0.0193933366484336
0.016907011437096
0.0183988065638986
0.016907011437096
0.0154152163102934
0.0183988065638986
0.016907011437096
0.0129288910989557
0.017901541521631
0.0193933366484336
0.0174042764793635
0.017901541521631
0.016907011437096
0.017901541521631
0.0114370959721532
0.0183988065638986
0.0144206862257583
0.0174042764793635
0.0154152163102934
0.0159124813525609
0.016907011437096
0.0213823968175037
0.0149179512680259
0.017901541521631
0.0114370959721532
0.0188960716061661
0.0208851317752362
0.0124316260566882
0.0203878667329687
0.0188960716061661
0.0198906016907011
0.0124316260566882
0.0144206862257583
0.0119343610144207
0.0119343610144207
0.0114370959721532
0.0159124813525609
0.0149179512680259
0.0129288910989557
0.0144206862257583
0.0134261561412233
0.0144206862257583
0.0154152163102934
0.0144206862257583
0.0129288910989557
0.0149179512680259
0.00994530084535057
0.0213823968175037
0.0109398309298856
0.0144206862257583
0.0069617105917454
0.017901541521631
0.00944803580308304
0.0104425658876181
0.00994530084535057
0.0114370959721532
0.0124316260566882
0.0149179512680259
0.0129288910989557
0.0114370959721532
0.0174042764793635
0.0109398309298856
0.0129288910989557
0.00994530084535057
0.0149179512680259
0.00994530084535057
0.0129288910989557
0.0174042764793635
0.0248632521133764
0.00994530084535057
0.0238687220288414
0.0149179512680259
0.00795624067628046
0.0223769269020388
0.0119343610144207
0.0129288910989557
0.0124316260566882
0.0139234211834908
0.0154152163102934
0.0129288910989557
0.0129288910989557
0.0149179512680259
0.0124316260566882
0.0124316260566882
0.0134261561412233
0.0144206862257583
0.0154152163102934
0.0149179512680259
0.0144206862257583
0.0134261561412233
0.0159124813525609
0.0114370959721532
0.0124316260566882
0.0114370959721532
0.0188960716061661
0.0193933366484336
0.0228741919443063
0.0109398309298856
0.0213823968175037
0.0119343610144207
0.0193933366484336
0.0109398309298856
0.0238687220288414
0.0149179512680259
0.0164097463948284
0.0154152163102934
0.0154152163102934
0.0104425658876181
0.0109398309298856
0.0104425658876181
0.0144206862257583
0.0144206862257583
0.00895077076081552
0.0124316260566882
0.016907011437096
0.00895077076081552
0.0129288910989557
0.0134261561412233
0.0174042764793635
0.0134261561412233
0.0139234211834908
0.0159124813525609
0.0139234211834908
0.0139234211834908
0.017901541521631
0.0149179512680259
0.0114370959721532
0.0149179512680259
0.0193933366484336
0.0183988065638986
0.00994530084535057
0.0119343610144207
0.0174042764793635
0.0149179512680259
0.0218796618597713
0.016907011437096
0.016907011437096
0.0193933366484336
0.017901541521631
0.0198906016907011
0.0159124813525609
0.0144206862257583
0.00845350571854799
0.0124316260566882
0.00944803580308304
0.0114370959721532
0.00895077076081552
0.0109398309298856
0.0114370959721532
0.0198906016907011
0.0119343610144207
0.0104425658876181
0.0198906016907011
0.0109398309298856
0.0159124813525609
0.0159124813525609
0.0154152163102934
0.0139234211834908
0.0119343610144207
0.0139234211834908
0.0164097463948284
0.0159124813525609
0.0174042764793635
0.0129288910989557
0.0164097463948284
0.016907011437096
0.0193933366484336
0.0218796618597713
0.00994530084535057
0.0119343610144207
0.0193933366484336
0.0134261561412233
0.0188960716061661
0.0119343610144207
0.0213823968175037
0.0203878667329687
0.0119343610144207
0.0114370959721532
0.0114370959721532
0.00944803580308304
0.0104425658876181
0.00745897563401293
0.00745897563401293
0.00895077076081552
0.0119343610144207
0.0174042764793635
0.0119343610144207
0.00944803580308304
0.0208851317752362
0.0114370959721532
0.0129288910989557
0.00994530084535057
0.0203878667329687
0.0183988065638986
0.0114370959721532
0.0114370959721532
0.0104425658876181
0.0109398309298856
0.0119343610144207
0.0124316260566882
0.0114370959721532
0.00895077076081552
0.0109398309298856
0.0104425658876181
0.00994530084535057
0.00944803580308304
0.0183988065638986
0.0144206862257583
0.0119343610144207
0.0129288910989557
0.00895077076081552
0.0139234211834908
0.0119343610144207
0.0159124813525609
0.0119343610144207
0.0124316260566882
0.0174042764793635
0.0104425658876181
0.0109398309298856
0.0114370959721532
0.016907011437096
0.0183988065638986
0.016907011437096
0.0124316260566882
0.0193933366484336
0.0034808552958727
0.00845350571854799
0.00944803580308304
0.00646444554947787
0.00795624067628046
0.0104425658876181
0.00646444554947787
0.00994530084535057
0.0119343610144207
0.00546991546494281
0.00944803580308304
0.0104425658876181
0.00845350571854799
0.0109398309298856
0.00895077076081552
0.0139234211834908
0.0114370959721532
0.0129288910989557
0.00745897563401293
0.00845350571854799
0.0114370959721532
0.0119343610144207
0.00795624067628046
0.0114370959721532
0.0104425658876181
0.0129288910989557
0.0109398309298856
0.00795624067628046
0.0109398309298856
0.0109398309298856
0.00895077076081552
0.00944803580308304
0.0109398309298856
0.0104425658876181
0.00895077076081552
0.0134261561412233
0.00745897563401293
0.00745897563401293
0.0129288910989557
0.00994530084535057
0.0114370959721532
0.00795624067628046
0.00994530084535057
0.00944803580308304
0.00895077076081552
0.00795624067628046
0.0129288910989557
0.00895077076081552
0.00994530084535057
0.00845350571854799
0.00745897563401293
0.00994530084535057
0.0119343610144207
0.0109398309298856
0.0069617105917454
0.00895077076081552
0.0119343610144207
0.00994530084535057
0.00596718050721034
0.00944803580308304
0.00994530084535057
0.00646444554947787
0.00845350571854799
0.00845350571854799
0.00895077076081552
0.00944803580308304
0.00895077076081552
0.0069617105917454
0.00994530084535057
0.00845350571854799
0.0119343610144207
0.00994530084535057
0.0104425658876181
0.00895077076081552
0.00994530084535057
0.00546991546494281
0.00994530084535057
0.00745897563401293
0.00497265042267529
0.0069617105917454
0.00596718050721034
0.00895077076081552
0.0114370959721532
0.00546991546494281
0.00944803580308304
0.00497265042267529
0.00895077076081552
0.00646444554947787
0.00994530084535057
0.00795624067628046
0.00845350571854799
0.00994530084535057
0.00745897563401293
0.00795624067628046
0.0109398309298856
0.0109398309298856
0.00845350571854799
0.00994530084535057
0.00994530084535057
0.0119343610144207
0.0104425658876181
0.0124316260566882
0.00994530084535057
0.00994530084535057
0.00795624067628046
0.0119343610144207
0.0114370959721532
0.0109398309298856
0.0119343610144207
0.0134261561412233
0.0109398309298856
0.0109398309298856
0.0124316260566882
0.0104425658876181
0.0129288910989557
0.00596718050721034
0.00944803580308304
0.00447538538040776
0.00596718050721034
0.0069617105917454
0.00447538538040776
0.00447538538040776
0.00397812033814023
0.00994530084535057
0.00546991546494281
0.00546991546494281
0.00546991546494281
0.00447538538040776
0.00298359025360517
0.00397812033814023
0.00447538538040776
0.00447538538040776
0.00397812033814023
0.00397812033814023
0.00447538538040776
0.00596718050721034
0.00546991546494281
0.00646444554947787
0.00447538538040776
0.0034808552958727
0.00298359025360517
0.00447538538040776
0.00447538538040776
0.00497265042267529
0.00596718050721034
0.00546991546494281
0.0034808552958727
0.00546991546494281
0.00298359025360517
0.00298359025360517
0.0034808552958727
0.00397812033814023
0.00447538538040776
0.00546991546494281
0.00447538538040776
0.00397812033814023
0.00397812033814023
0.00447538538040776
0.00397812033814023
0.00298359025360517
0.00646444554947787
0.00646444554947787
0.00745897563401293
0.00845350571854799
0.00745897563401293
0.00447538538040776
0.00447538538040776
0.00447538538040776
0.00497265042267529
0.0034808552958727
0.00596718050721034
0.00546991546494281
0.0034808552958727
0.00397812033814023
0.00397812033814023
0.00546991546494281
0.00596718050721034
0.0069617105917454
0.00646444554947787
0.00745897563401293
0.00546991546494281
0.00845350571854799
0.00447538538040776
0.00895077076081552
0.00845350571854799
0.00298359025360517
0.00745897563401293
0.00795624067628046
0.00646444554947787
0.0069617105917454
0.0069617105917454
0.00596718050721034
0.00497265042267529
0.00497265042267529
0.00546991546494281
0.00447538538040776
0.00497265042267529
0.00397812033814023
0.00298359025360517
0.00546991546494281
0.00298359025360517
0.00646444554947787
0.00845350571854799
0.0069617105917454
0.00745897563401293
0.00298359025360517
0.00895077076081552
0.00397812033814023
0.00596718050721034
0.00447538538040776
0.00447538538040776
0.00397812033814023
0.00397812033814023
0.00447538538040776
0.00447538538040776
0.00397812033814023
0.00447538538040776
0.00546991546494281
0.00298359025360517
0.00596718050721034
0.00596718050721034
0.00596718050721034
0.00248632521133764
0.0034808552958727
0.00198906016907011
0.00248632521133764
0.00397812033814023
0.00397812033814023
0.0034808552958727
0.00447538538040776
0.0034808552958727
0.00298359025360517
