26 14259.06 12960.26
27 17446.34 12659.14
28 14375.06 13838.21
29 14333.85 13312.09
30 15220.55 16177.29
31 16206.84 15027.10
32 16144.83 15034.17
33 5188.73 2050.33
34 14277.03 14029.37
35 10670.96 28422.75
36 14376.87 13964.64
37 14332.73 13422.62
38 14205.76 13234.70
39 15975.11 14903.55
40 14089.26 14034.97
41 6525.59 11700.78
42 14239.41 14020.50
43 15966.12 13281.40
44 15870.29 13270.95
45 14330.77 13147.89
46 14235.80 13294.45
47 15953.52 15245.42
48 10740.81 12679.63
49 14313.45 14005.75
50 26961.76 17532.01
