1 11501.72 13673.76
2 20369.81 23327.07
3 12088.28 16069.77
4 21085.33 12643.30
5 19396.41 16664.71
6 17469.19 17068.55
7 12149.26 16115.52
8 15232.16 16301.71
9 17323.56 16751.47
10 15503.09 14333.37
11 11656.97 14095.48
12 10516.35 15463.60
13 11941.51 15046.71
14 13487.14 16138.50
15 19417.74 9565.59
16 15962.49 13289.89
17 24466.34 11483.12
18 14138.02 15626.31
19 12136.52 16238.70
20 15127.45 13560.16
21 15209.65 16185.78
22 15048.64 13525.65
23 24058.15 12226.72
24 29917.60 9444.56
25 14338.62 14749.92
