1 0.000339539248806436
0 0.00466726515898573
3 0.000330254103104167
2 0.000330254103104167
24 0.000475921022336153
25 0.00326037397725823
26 1.12030111459453e-06
27 0.00201910561418069
20 0.002646134739685
21 0.000132370145764881
22 0.0012867964248702
23 0.000102213942823421
28 0.00118362427126595
29 0.000534418228035012
4 0
8 0.000105845538575209
59 0.000134778641324779
58 0.000414941328493129
55 0.000540262319013827
54 7.60671296000653e-06
57 0.000145075051380033
56 0.000316385545330985
51 0.000313762877427542
50 0.000588740389455523
53 4.70934155509662e-05
52 3.7062541152578e-05
88 0.000529442652624173
89 8.58082375634612e-05
82 0.00181858488132699
83 0.000213772969721861
80 0.00206982016823379
81 0.0109933691891421
86 0.000215344920883098
87 0.013487927374434
84 0.000118387897902224
85 0.00553350701164686
7 0.00273278831753394
108 0.00375511777562385
109 4.48180094992849e-05
102 0.00750749139949153
103 0.000212851918257961
100 0.00224288931017496
101 0.00282278441421286
106 0.00232374514433495
107 4.99896014107423e-05
104 0.00301390014071432
105 0.00572559918178894
39 0.000343963227128306
38 0.00399807009779567
33 0.00325998561655108
32 0.000829993440551367
31 0.00251539718931865
30 0.00177968529363359
37 0.0008678020635959
36 0.00291796158179328
35 0.000758022952219044
34 1.21304042309816e-05
60 9.35032351762094e-05
61 0.000148167654325601
62 0.000437016199953276
63 0.000506051469146349
64 0.00083078432073162
65 0.000790595604830622
66 0.000114422436469649
67 0.0002401396739151
68 0.034611616383212
69 0.028566065547815
6 0.00014331078686272
99 0.0049527536593772
98 0.00994771393381887
91 8.02310156155133e-05
90 0.000116756592856816
93 9.74899431910694e-05
92 0.000243916930961332
95 0.000149827518859416
94 0.000442356220539475
97 0.00065537906745127
96 0.00357163272051118
11 0.00338747395460317
10 0.000199717409184772
13 1.17648525376541e-05
12 2.72846658078869e-06
15 7.12349745890043e-06
14 6.67439054524231e-07
17 0.00618623269070809
16 6.92985406199249e-06
19 2.8736549655251e-05
18 7.18542806804157e-06
48 0.00128384729170221
49 6.14227858234295e-05
46 0.00157383424688085
47 0.00689380650915278
44 0.00111047907313471
45 6.92707654493165e-06
42 0.000693776325434163
43 0.000418304139196022
40 0.000451617729600098
41 0.000949875511198007
9 0.00577528974093923
77 0.000484548331717311
76 0.0017202528761787
75 0.000266524533691347
74 0.00601737821179691
73 0.000221704647195449
72 0.00248796663935562
71 0.000717997446304732
70 0.000345732733998812
79 0.000194807833877727
78 0.00221514560276315
165 8.40315656711647e-05
133 3.18383075327103e-05
132 0.000446801305811835
131 8.16403236447103e-05
130 1.9307115450572e-05
137 8.39134967378041e-05
136 0.000618894188616273
135 0.00152406972258812
129 0.00108639326645841
139 2.19222838588886e-05
138 1.18323311002828e-05
160 0.00040680733317122
163 4.1578571098012e-05
120 4.9310153312075e-05
121 0.00161086089269176
122 0.00107422494974866
123 0.000385636263927245
124 0.00152097348962941
125 4.33821653716737e-05
126 0.00043974893833114
127 0.000138654036498882
128 0.000130471637260419
167 3.84984410673068e-05
201 0.0369815377615942
199 0.0211718297089194
198 0.000261393539347619
200 0.00107339710540555
195 0.0291654202223831
194 0.000903459710508278
197 0.0362403480630858
134 8.86276437509924e-05
191 0.0252055011879054
190 0.000138323908002822
193 0.000417522538498698
192 0.000472340540925007
115 0.00132516849449961
116 0.000425119516869041
111 0.00205903142472093
110 0.00342535061494377
113 0.00126756274467902
112 3.83373817218186e-05
178 1.38398504321667e-05
162 9.09529802496012e-06
176 7.10678731308534e-05
179 0.000130897582978887
177 0.00391956954672331
175 0.00048196715943979
174 0.00558708221637216
173 0.000122435281894621
172 8.99628677749895e-05
171 2.04929876652682e-05
170 3.14760627091492e-05
203 0.000443879874960011
145 8.34566621271523e-05
182 0.024193383338716
183 0.0183222618387964
180 0.0296375495218246
181 0.00184628100067341
186 0.000118545460758682
187 0.0107883096943645
184 0.0198624829793965
188 0.000538797531637123
189 0.000299234178255959
196 0.000496239850264343
185 0.00704633209559101
168 4.7017039336281e-05
169 4.0060052516087e-05
164 3.60644781179532e-05
166 1.15438095099056e-05
161 8.29335100097431e-05
114 0.000119614553938736
117 0.000883061243724305
151 1.47935016256025e-05
150 0.00019028576054283
153 2.9363504373639e-05
152 0.000196380355472633
155 1.78098475997344e-05
154 0.000111715428020681
157 0.000139288506531307
156 7.21498446606009e-05
159 4.37431364578721e-05
158 1.73069287590646e-05
119 0.000682437266934029
118 3.96090464550478e-05
5 1.25918201954947e-06
146 6.91804632565984e-05
147 0.000477985473210242
144 6.78102375226379e-05
202 0.0110527768295362
142 2.23514296839572e-05
143 0.000393488133885997
140 0.000294454895008269
141 0.000119594193438024
148 0.000155317007931485
149 2.46867387705665e-05
216 0.000606576403444368
217 0.00182246551609734
214 0.0205741310803044
215 0.00108856260399274
212 0.00607375176589107
265 0.00263557479367644
210 7.93608991755457e-05
211 0.000797718742371334
264 0.000410877909166104
218 0.000747860179595799
219 0.0011854212941906
213 0.00796117269260993
289 0.000493743966537434
221 0.0017708973579774
281 0.000874178504865173
283 0.189927029783654
220 0.0105361192551717
285 1.05008004435066e-05
284 0.000297287350357207
287 0.000874980657636177
286 0.0132383095724043
227 6.94900073753545e-05
260 0.00967974150773181
269 0.00613104945136474
268 1.51299305341762e-05
258 0.000454057574068253
259 0.000347899656642031
298 0.0118907266595143
299 0.0340217270731187
296 0.0111348170356571
297 0.000533793079458023
294 0.000407040911581707
295 0.0303980384656256
292 0.0763867511361117
293 0.0008531140847229
290 0.000577201479367443
291 0.000263953264124971
277 0.00640354099790643
204 0.000114286031977303
251 0.00013972385238978
304 0.00240388506683546
256 0.000312881694323107
226 0.00096376317461971
257 0.000160194466502024
254 0.0165772033282683
247 7.05125693391745e-05
308 4.16830748990403e-05
309 0.00131347215737088
255 0.000210149775005255
300 0.00599109052926268
301 8.36858372064293e-05
302 0.000325351786825826
303 0.00338636918621528
225 0.000846296603105888
305 0.00160420696515627
306 0.00105802435131838
307 0.000247278890022009
245 0.000224541474017075
244 3.99455559900045e-05
241 0.000117230334020327
240 0.000101204609066594
243 8.21811570491943e-05
242 0.000109861526573001
248 7.53869159366145e-05
246 8.43460728093512e-06
252 0.0249603747868258
223 1.94550788522911e-05
288 0.000967979327410303
272 0.000341582216045353
250 2.3830923046383e-05
310 0.000306138998835406
271 0.0027253077205371
229 6.46950837084963e-05
228 1.33498116707564e-05
224 0.000805291137526139
222 0.00101988211939462
282 0.000854484114578302
273 4.08814504894223e-05
274 0.00255854746133534
253 5.11798052144658e-06
275 0.00307569171666618
276 0.000118190083890063
278 0.00112892401302761
238 8.72673522142443e-06
239 0.000583109661240668
279 0.00577834744234506
234 0.00223424803083138
235 0.000100308119579678
236 5.38471065219514e-05
237 4.77257202866906e-05
230 0.000923996423486648
231 0.0001195789131663
232 0.000107253561125273
233 8.2931304447075e-05
280 0.000294146613839494
205 0.00250141012515905
207 0.000547656486719862
206 8.28832899362272e-06
209 4.77738396476869e-05
208 0.00620139819475931
263 0.00128729024058818
249 6.26117636065812e-06
262 0.000186404488621386
261 0.00082408927201658
266 0.00033110190070197
270 0.00731049123985489
267 0.00024281042058326
344 0.000592029488258344
346 2.70136569397397e-05
347 3.43215139251427e-05
340 1.5863302691707e-05
341 1.52354735365588e-05
342 0.000212929454777659
343 1.2150772829208e-05
348 4.37539882647507e-05
349 3.478080424534e-05
339 0.000250033993952384
338 0.000751894022252781
335 0.00092087146594604
334 7.68257989592338e-06
337 1.64494503511367e-05
336 0.000908990215947361
331 1.41364939666227e-05
330 2.06330381336827e-05
333 4.54103992705939e-05
332 0.000674936999307299
345 0.000473518295909496
407 0.000404526354736922
406 0.0170261749308946
405 0.0106402931423708
404 0.00289622801689472
403 6.46383557976632e-05
402 0.00273025793300951
401 0.0014783024664822
400 0.000425909687581412
409 0.0113257927773024
408 0.00247708042896548
379 0.0014107725421402
378 0.00075073862175701
371 4.98271026475824e-05
370 0.000581654454874264
373 0.000713805906635284
372 0.000491817516965869
375 0.000757058387438824
374 0.000349874422214297
377 4.88491757876089e-05
376 0.000839247062493902
393 0.0596916987923253
392 0.00112710825676804
397 0.00662688711490705
396 0.000182255397822188
395 0.0424766055188022
394 0.000137783796029057
399 0.000112775711922343
322 0.000414082161746272
323 0.00109939734350052
320 0.000467413170521977
321 1.44212122981118e-05
326 0.00126870573901757
327 0.000251326632590564
324 0.000900757028589566
325 0.00130664132655787
328 4.08282637845625e-06
329 1.61118245449197e-05
414 3.57865008736697e-05
415 0.00162136062803354
416 0.00156453176200639
417 0.00730794147583946
410 0.0162712058765755
411 5.4337273447207e-05
412 0.00136635577555292
413 3.07285500297263e-05
418 5.2536052851978e-05
419 0.000222313494807609
319 0.000540254598444766
318 3.57234080297374e-05
313 0.000410260063991093
312 0.000137282257248042
311 0.000439977688444087
317 0.000189551216360594
316 6.65604980928327e-06
315 0.000210435799040796
314 0.00293016064643385
368 0.00160514046889059
369 2.06226812738806e-05
366 0.000138930282101793
367 0.00532319658925194
364 0.00169593743676556
365 0.000599105355659755
362 0.000649934764653689
363 0.0056223149159494
360 0.000511816350503909
361 0.000433830309819131
380 3.25015698179928e-05
381 0.000765714150449921
382 0.000503690464297879
383 0.00022428287607851
384 0.000120002007970243
385 0.0140874849265866
386 0.0284088299159075
387 0.00239602456234827
388 0.00111316100858336
389 0.00198209873169041
357 0.000171319261127402
356 0.000108694662449636
355 0.0368045490753048
354 2.55043753853949e-05
353 0.000250524550156967
352 8.19215861810524e-05
351 3.41991043775457e-05
350 1.33915854099535e-05
359 4.38576914647519e-05
358 4.67455012532928e-05
421 2.37652580565696e-05
420 0.00339387339910255
422 0.00282838479963347
391 0.000107565781435251
390 0.00491343588177536
398 0.00323467735181952
524 0.00367742615714661
525 0.000756942056366327
526 0.00271004052167092
527 7.34888237305667e-05
520 0.0137527120029755
521 0.0346303105892832
522 0.0146891689508627
523 0.00721365551625909
449 0.00639326486397499
448 0.00302450360414313
443 1.07559735450364e-05
442 0.00161925624845614
441 0.00173371462796627
440 0.000305397203438999
447 1.30269765091703e-05
446 0.00550068666572708
445 0.000250242655639364
444 0.00524353924527669
438 0.00219806345929506
439 0.00317734894305316
436 0.00142438178225819
437 0.00792833894462936
434 0.00790362671063953
435 0.00425588156454624
432 0.000401022215557715
433 4.61826750892477e-05
430 0.0063729890526969
431 2.06336127559435e-05
498 0.00317251575762718
499 8.82824237190545e-05
494 3.25201904862392e-05
495 0.00343026069305622
497 3.64099127865374e-05
490 0.00101123832635573
491 0.00265540463964837
492 2.06923904676801e-05
493 0.087899153731323
519 0.000421983915819243
518 0.0562279772641526
511 0.000755066347472283
510 0.164924404531923
513 0.00109708761100664
512 0.0403712779992481
515 0.00279793602251439
514 0.000411850964583694
517 0.00143122026272564
516 0.0789792572365933
458 0.000309844742849877
459 0.00450157410129654
450 0.000219635632855989
451 3.03797705312562e-05
452 2.83600408999103e-05
453 0.00214474901553131
454 0.00037731378768152
455 0.000288510658587453
456 0.00458223269329661
457 0.000784190155029902
496 0.00108775555129457
508 0.0216186867674235
509 0.00773153929354824
506 0.00180593316118485
507 0.096655303010348
504 3.65553228555434e-05
505 0.00407577391731891
502 0.000117678505166428
503 8.14935892789286e-05
500 5.44605432433043e-05
501 0.000917493574862489
469 0.00241492871108076
468 0.00266417788337317
465 1.19440592158539e-05
464 1.03506680766617e-05
467 0.00156279783133951
466 0.00218991173524439
461 0.00401287360288569
460 2.06453482114761e-05
463 0.00178718322227004
462 0.000298746658236584
429 0.00230747573385866
428 0.00500623723386656
423 0.00189259384295371
425 0.000319265954658051
424 0.00333234391891912
427 0.0035413812442249
426 3.63385911066308e-05
489 0.0790675998528466
488 0.000543323116794945
487 3.69816303331096e-05
486 0.00252721901937757
485 0.0118283908144099
484 0.000506228189620198
483 4.46842459720608e-05
482 0.00777149278059803
481 0.00178233948974137
480 0.000221758878370357
472 9.21034217597521e-05
473 0.007460769397687
470 0.000101169564723804
471 0.00263567656037811
476 0.000538969504774728
477 0.00725127015783984
474 0.00582238608167875
475 2.64717480919249e-05
478 0.00143321305322469
479 3.42164509990779e-05
591 0.000241954370327494
590 0.000244088253464462
593 0.000218872013277173
592 0.0017362137090413
595 5.7953363027487e-05
597 0.000434915871915975
596 4.19376499393836e-05
599 5.57881839319428e-05
528 0.00178809091848288
529 0.00263520901975818
601 0.000398006401905889
559 0.000140796100626176
558 0.000145779973005796
555 0.000224750882406394
554 5.4852401609625e-05
557 6.70568096993255e-05
556 0.000108679307852946
551 0.00259588778087423
550 0.000485192495925747
553 0.000518193467693976
552 0.000801416427272515
618 0.000107627182862874
619 2.2615223068283e-05
612 0.00038464744022221
613 0.000344108486718394
610 0.00047622630283115
611 0.000170008423572015
616 0.000318195081230435
617 1.1514535569064e-05
614 0.000368561747732965
615 3.05753123166205e-05
623 0.000867882490216383
622 0.000445101279699025
629 0.000618191754114813
607 0.00035371677827953
586 4.58189215321947e-05
587 3.15631369473296e-05
584 5.37091309217829e-05
585 0.00267349943311812
582 0.000279875370428875
583 7.32163177849767e-05
580 0.000233130137062118
581 0.000371160622591224
588 7.64658254488564e-05
589 0.000151781524057084
621 0.00326649602470714
620 0.000697252375871868
627 0.0351102755287959
626 0.00350706850381528
625 0.0351681030217047
624 0.000921571317055448
628 0.222406306749002
594 3.58481671399365e-05
598 0.000159638456314746
542 7.91171225529568e-05
543 0.00105479182313743
540 0.00046714064354412
541 0.0160826630332114
546 3.7846864078717e-05
547 0.000117883711353399
544 0.000898628027148434
545 0.0418780919579003
548 0.041330010136707
549 0.000390249622036669
579 6.02990485262746e-05
578 0.000295344793543319
604 0.000117510688140534
573 0.000107711708410314
572 7.99124786765057e-05
571 0.000808074929452593
570 0.000407639751081154
577 0.000130567189380818
576 0.000244315926516391
575 5.74625659473714e-05
574 0.000304627144719941
630 0.000501063478592986
631 0.0243339681598954
632 0.00154999662445226
633 0.0355349432101656
635 0.00122623530911095
636 0.0265623888323979
537 0.00167497001992089
536 0.00105508673686074
535 0.000737743101146131
534 0.0018907989930414
533 0.00414387015181619
532 0.00217485324708138
531 0.000834261463291979
530 5.92029172658128e-05
539 0.00144371594282998
538 0.00069029122116189
568 7.0561371236864e-05
569 0.00371480960595463
560 7.40330697178774e-05
561 0.00921056855280319
562 0.000143312805521122
563 0.000121063574197714
564 8.78754904435647e-05
565 0.0796822616830846
566 0.000164136068691269
567 0.000169977934017468
605 0.00338380670950749
606 0.000263641420091199
600 0.000114245403410404
603 0.00025879029046322
602 4.86464702217821e-05
609 2.20624731071831e-05
608 0.000494762622449552
634 0.0179428275251342
719 0.000200772493912912
718 0.00107733427564629
717 0.000645895448293681
716 0.0137922877022991
715 0.00237048268714574
714 0.00152658856139394
713 0.00318433084777131
712 0.0145360350947117
711 0.0128793978942213
710 0.00161998564826136
736 0.00119659892887695
641 0.000593709826340952
640 0.000191655204653367
643 0.000364948956724394
642 1.61063518361906e-05
645 0.116524189693302
644 0.000257812210311739
647 0.00107887322291498
648 0.000653468821435121
744 0.000102433542063512
745 0.0123140047496263
748 0.230443107962526
749 0.322890796980092
740 0.000147457393388918
741 8.23184557802735e-05
742 0.000348585324584337
743 3.23030437085749e-05
746 0.0138589877526474
747 0.000547301207997297
689 0.0156601297686366
688 7.97514024744644e-05
685 7.89139117647813e-05
684 0.000171081379289402
687 0.00224650328282268
686 0.000190646660973772
681 0.00017231814613372
680 0.00307895948513131
683 1.44338065356992e-05
682 5.58461300336836e-05
708 0.00104149174241809
709 0.000555365249475706
704 0.0014428188687966
705 0.000520568057136323
706 0.0011200986411946
707 0.000719209618200116
700 0.00756302961757569
701 0.00045773628261502
702 0.000365152959029353
703 0.00413384417517903
656 2.04149813794309e-05
657 0.00059012482432366
654 0.000279260373293148
655 0.010428537880861
652 6.42316853315722e-05
651 0.01041433997718
658 1.18067980629215e-05
653 0.000811558982345463
650 0.0106526802266394
659 0.00019752019857438
753 0.00111326450608118
752 0.0125583214586909
756 0.000393196143725366
669 0.000382289317987128
668 0.00070910676479674
667 3.05241710985112e-05
666 3.46805535303389e-05
665 5.09215250226682e-05
664 2.19820439036243e-05
663 0.00144821256189684
662 0.00136818858129235
661 0.000870152111109905
660 9.54637988968282e-05
692 0.000216522373761445
693 0.000147334207316901
690 3.38196571575787e-05
691 0.000135546433158791
696 0.0044359069210014
697 0.000310972796581657
694 0.0151316262548701
695 0.00273501843405492
698 0.00421441606792187
699 0.00165054928347508
731 0.000381260595047259
730 0.00245570891360626
733 0.000140848466850943
732 0.000929424090032818
735 0.000937508153254199
734 0.00306254675223709
637 8.2281148841714e-06
638 5.64322157440561e-05
646 1.18990951987241e-05
649 0.000573331813122782
678 0.00398636331287087
679 2.11680155191087e-05
674 0.000275212715993932
675 0.000513522182703404
676 0.000667240982652051
677 7.21015881268268e-06
670 0.000601119791394893
671 0.10208315979378
672 0.00229410542856841
673 1.17640370915943e-05
751 0.0019794022976705
750 0.000680833283291507
757 0.0130321942864363
737 0.000210592513831953
755 0.0164209883711746
754 0.0132570299166689
759 0.000767171661399979
758 4.88866650649641e-05
739 0.000409278929852075
738 0.000363523329981669
726 0.000286815583894234
727 0.0410437771870031
724 0.0432152689168826
725 0.0117810071188778
722 0.000786479105140184
723 0.00135244043059484
720 0.00116910436371164
721 0.000540807094856723
728 0.000371662074896536
729 0.00010311371180367
639 0.000145105233487564
810 0.000451120880477987
811 0.00211309078563847
812 0.00170908808562727
813 0.000144592791852253
814 0.000459985609148445
815 0.0001635561199668
816 9.74019435376897e-05
817 0.00446637425806275
854 0.000151758429145329
818 0.001418487344771
856 0.00492748057891537
857 0.000432051887412492
850 0.000369116490875008
851 0.000208444393022456
852 0.00318156408480135
853 0.00248308873891293
858 0.00451816189589343
859 0.000122999259462259
844 0.00167143505231579
819 0.000475813633929435
820 0.000271671222141646
829 0.000100152366800387
828 0.00108971782915193
827 0.00056224083071966
821 0.0246346042931899
797 6.07075620020907e-05
796 0.000135975848036899
795 0.000275554172047013
794 0.000406801185137144
793 0.00147690748658889
792 0.0269539597666944
791 0.000136536031169016
790 0.000805649070634797
799 7.62314133931681e-05
798 2.43000693034844e-05
869 7.98758525984769e-05
868 0.00546648772765126
861 0.414023048267958
860 0.00194842583692962
863 0.000847468213339339
862 0.00111486360578723
865 0.00106273343269235
864 0.00538429951311402
867 0.00116637614879568
866 0.36530309851941
809 6.40651566007713e-05
775 5.59978682559962e-05
774 3.14784306107335e-05
777 7.50466927890493e-06
776 0.0187901386566273
771 0.000101263190148393
770 3.77477205826591e-05
773 0.00257986006734315
772 9.81430455459153e-06
779 6.56434978820117e-06
778 0.0182521104155292
805 0.0185835664628728
832 0.000228052809784728
833 0.00127908605771258
830 0.0118887964770458
831 0.000509948270278054
836 8.07534222647204e-05
837 0.000336583806939148
834 0.00085432669970134
835 0.000281890069776118
838 0.026394319345953
839 0.000127714454818206
784 0.031593712533658
785 0.000852708679860798
786 0.00145549715903443
787 0.0255022501233737
780 0.00016141996664383
781 0.000942320121670095
782 0.000268283203744432
783 0.00071053692913779
788 4.5027235082274e-05
789 0.00087985465052227
870 2.03398221606328e-05
808 0.00081947708487151
803 0.00237453126773931
802 0.000245297670912183
801 7.18365985262405e-05
800 0.00574221778494843
807 0.0135814180381173
806 0.00350626125960571
804 5.43223639248307e-05
768 9.23220780738941e-06
769 0.0001336806120937
762 6.73841345414626e-05
763 5.9512077820984e-05
760 0.000122106685369803
761 8.33961010661589e-05
766 0.000162623997870634
767 5.06431554318751e-05
764 0.000252900931808451
765 2.15774728852587e-05
855 0.000272867502068706
825 0.000454534593649849
824 0.0138836995362811
847 0.00133432308329902
846 0.0038281102600072
845 7.83615637827353e-05
826 0.000778101571849637
843 0.000299270260983354
842 0.000532611744274769
841 0.000129857370741392
840 0.000265814602645383
849 0.00478985791111753
848 0.00177552710590455
823 8.01646804685923e-05
822 0.0014800843539528
914 0.00114685695716639
917 0.00128784274467167
916 9.91478767146101e-05
902 0.000177764162679408
903 0.00282733714332217
900 0.00481047702639906
901 0.00319677103776747
906 4.17210975353532e-05
907 0.00282462219563157
904 0.0144592042470929
905 0.00142320054639466
908 0.0256795161216173
909 0.000496124371894706
948 2.85127449420965e-05
949 0.000660152265617691
946 9.14892597930956e-05
947 0.00244898830913476
944 0.00023211847593025
945 4.37554009781194e-05
942 0.00564679678299335
943 0.000180505109459143
940 0.00225289580154933
941 0.00496270901505912
939 0.000270389747513385
938 0.000270188395539985
933 0.000772336388018591
932 0.00332906337013359
931 0.0018179436583423
930 0.000127556024465447
937 0.00124064138296906
936 0.000483105875692881
934 6.8285267237066e-05
924 0.000374027651078281
883 0.000650779198493081
882 5.75279076755593e-05
881 3.9789914616665e-05
880 2.78737176239884e-05
887 0.000488789107897698
886 5.5933526046973e-05
885 0.000923723976987155
889 3.59071744403591e-05
888 1.47555507681794e-05
928 0.000210983890865796
929 0.00424900184291667
920 0.0142740161750457
921 0.000116803291338784
922 0.00387330898081857
923 0.000531304659088756
925 0.000229065515525933
926 0.00530617955916557
927 7.09295501509041e-05
884 4.00658889057383e-05
964 0.00011123424297665
965 0.00121382578450527
966 0.000114283112800544
967 4.21162915977666e-05
960 0.000126308569165078
961 0.00169297012119334
962 0.00126817239679158
963 0.00214690672317437
968 0.00293132675746563
935 0.00304519255151416
878 1.65739975599369e-05
879 2.05545192924313e-05
876 3.5327600363789e-05
877 1.57768952177952e-05
874 9.25803178995697e-05
875 5.08347464810264e-05
872 0.000269128883364586
873 2.25243750177897e-05
871 2.31596028418035e-05
890 0.000584314672618434
891 2.28538278931992e-05
892 7.50583183081342e-05
893 0.000186128849951249
894 1.26154584659031e-05
895 0.000100720886914823
896 2.38669832153369e-05
897 5.39136281917965e-05
898 0.000132687664676229
899 0.000837489249506695
919 0.00117374753272562
918 0.000328099253331443
915 4.50640825923411e-05
911 0.00442729940292109
910 0.00315310860041984
913 0.000119541490887341
912 0.00557372618191171
959 0.00149010208541024
958 0.00398168748182267
951 0.0048737471635347
950 0.00565784204696508
953 0.00197599144296448
952 7.81377189173452e-05
955 0.00287219864604104
954 0.0101086405333726
957 0.00616240587354092
956 0.000419304899518631
1069 0.000813258430943153
1068 0.00193126820644287
1061 0.0151585429094424
1060 0.162066172058265
1063 0.234874578303615
1062 0.0181248987801
1065 0.000495210400544937
1064 0.0306255830740398
1067 0.000388301775188869
1066 0.0250093885721173
1018 0.000401459615464721
1014 0.0358629975616436
1015 0.00355786309252389
1016 0.00202355747054743
1017 0.00771292097823396
1010 0.000964569527520735
1011 0.0010214002695073
1012 0.0359197456891894
1013 0.000499538152266471
1050 0.0180657576887599
1051 0.000129273918688573
1052 0.00215739663661381
1053 0.000182661349382953
1054 0.00161386638836309
1055 0.0459350856606675
1056 0.0464976848184465
1057 0.00174119415801345
1058 0.00096575929352097
1059 0.000316199995792666
1006 7.26016391732488e-05
1009 2.33617817054251e-05
1008 0.0050374360195602
1007 1.3389753382956e-05
1005 2.47711645348244e-05
1004 0.000268992551843286
1003 0.000157759985313297
1002 0.0329565707119396
1001 0.000358155906432607
1000 0.000212225768294363
977 7.88212646095937e-05
976 0.000476916611380593
975 0.000693362776167277
974 0.000163182286651492
973 0.000370165363926215
972 0.000153156002727798
971 0.00126584588442918
970 0.00275792182156216
979 1.81603209836952e-05
978 9.76117060335113e-06
1043 0.0390306081901264
1042 0.000224885556418135
1041 0.000210535928526447
1040 0.000609891095226303
1047 0.000280000059179426
1046 0.00129535225321379
1045 0.000181123908740044
1044 0.00018429440763628
1049 0.00250935154633221
1048 0.000281675600717851
1019 0.000762048100694891
995 0.000434391403056202
994 0.171890957107125
997 0.000580637513771261
996 2.44387683993234e-05
991 0.000635730085294242
990 3.92915395155075e-05
993 0.0003241922002778
992 2.26246170207859e-05
999 5.01324940010389e-05
998 0.000276744892633048
1030 0.000504125816272783
1031 0.000408650624363719
1036 0.00120277026913262
1037 0.00067390409440766
1034 0.000651943275946333
1035 1.87781120787324e-05
969 0.000488605553060506
1076 0.000518922175923187
1077 7.50129415587936e-06
1074 0.000779569482765103
1075 0.000138386129344329
1072 0.00164944062963522
1073 0.000215672986687849
1070 1.79436366637099e-05
1071 0.000621915741714297
988 0.000614423351778644
989 0.000143632633685964
982 0.000567364213787738
983 8.08328961010434e-06
980 9.48929697397404e-05
981 2.05620444169414e-05
986 8.19598532674633e-05
987 6.53489099889754e-06
984 0.00014555346269753
985 0.000259956100227242
1038 0.000179980121787741
1039 5.42727222181991e-06
1032 0.000650813830616916
1033 0.000591967069422359
1025 2.01694274291715e-05
1024 0.000162939153660624
1027 0.000137278856952008
1026 0.000137281998008053
1021 1.86149763349832e-05
1020 5.23120144685684e-05
1023 0.000486670180988552
1022 2.59865892156479e-05
1029 0.00123889477930258
1028 0.0337343676104419
1128 0.0017136864708337
1086 5.56879470066603e-05
1085 0.000442019227195909
1084 0.000231325573767008
1083 3.35155471652612e-05
1082 0.00108827851939157
1081 0.000169502421798922
1080 0.000209095531544221
1120 0.000567143527328075
1121 0.00049121649951746
1122 0.000372550403408234
1123 0.000777139055939102
1124 0.000189668072328634
1125 0.00279767587814374
1089 0.000241308226915159
1088 0.000128365762596474
1138 1.82088249672135e-05
1175 0.00708923266310342
1174 2.07325553157995e-05
1173 2.09957067038216e-05
1172 0.0101465337756859
1171 0.000140138697060874
1170 2.87568865650586e-05
1139 2.37229029725672e-05
1133 0.000127514191252079
1132 0.0815379297973491
1131 0.000370973332444629
1130 0.00469629564268822
1137 0.000211972555697165
1136 0.000722772518262905
1135 0.000138089020664003
1134 0.0611225789301487
1087 0.000329385181821048
1129 0.0150466425561703
1148 0.0373961370444533
1126 0.0392917670808096
1127 0.0122962970838032
1142 0.000304669738726087
1143 0.000498781754220482
1140 0.000271064048884144
1141 0.000899173116249569
1146 0.00191931428117652
1147 0.00177008780694367
1144 0.00168394296128057
1145 9.98112806714224e-06
1149 0.000494534934098966
1164 0.000112765404923223
1106 0.000498051580953638
1107 0.000171593505419215
1104 8.02793513087221e-06
1105 6.1875393228159e-05
1102 3.05952833154211e-05
1103 0.00020827622919292
1100 0.00038854997471481
1101 0.100668515399734
1108 0.241130617035913
1109 0.000145707529887715
1159 0.0140279906769728
1158 0.000126843885503447
1155 2.01456760875225e-05
1099 5.41650770089807e-05
1078 0.00028712184092259
1079 1.36692259351884e-05
1094 5.69851351353347e-05
1095 3.26574119699588e-05
1096 0.00020381457993767
1097 0.000368659931272112
1090 2.90367763051008e-05
1091 0.000808939797820041
1092 0.000342467445925105
1093 0.000393414126734183
1154 1.57953626055756e-05
1157 0.0140767041704018
1156 0.000305429247957569
1098 0.000107513588657267
1150 0.000332026228857125
1153 0.0131572798857495
1152 0.000725925206297904
1151 0.00202831288098253
1165 5.21085909125359e-05
1166 2.47944955709957e-05
1167 0.000224698749041617
1160 0.0250279323200152
1161 0.000128271039401041
1162 0.0213728835013306
1163 0.000159768234107916
1168 0.00402847231022138
1169 4.40146142617277e-05
1111 0.0111291881431963
1110 0.000292695255652408
1113 0.00025917108561151
1112 0.00021976210371347
1115 0.000504287675027482
1114 0.000207969769081977
1117 0.0812430297405677
1116 0.000254505433825881
1119 0.000252703105515077
1118 0.0782352125737472
1269 0.00384772327708477
1268 0.000522868609390614
1260 0.00149874906016667
1258 9.82977946650747e-05
1259 0.000959091819666381
1234 5.98044983158923e-05
1235 0.000145063027327407
1236 0.00107428873172384
1237 0.000160829866119322
1230 0.000293583049224924
1231 0.00014065871719856
1232 0.000239281782538876
1233 0.000256381144034819
1238 0.000276061789823306
1239 0.000468743539348809
1241 0.000187438599540584
1240 0.000349148330885276
1243 0.000288454332770239
1242 0.00026811876358795
1245 0.000165889294320204
1244 0.000598202244559525
1247 7.5456401603188e-05
1246 6.54387930392876e-06
1249 9.06807156126865e-05
1248 0.00078486149418955
1199 0.000242822419845228
1191 0.000617910661678936
1193 0.000196614503005048
1192 5.20723400372887e-05
1195 2.98281998476612e-05
1194 0.000225620334429344
1197 0.00721294414532606
1196 4.37921310416512e-05
1177 5.77433041266098e-05
1176 4.60033972089348e-05
1270 0.000469711579591603
1271 0.119037552498026
1272 0.025268799598292
1179 5.86836102091376e-05
1178 5.79354606601803e-05
1190 5.10566659046586e-05
1226 0.00029888220777914
1227 7.8273929186351e-05
1225 0.00087806967833234
1224 0.000150965796175624
1223 0.000121412154468183
1222 0.00030808197680861
1221 7.60021888362617e-05
1220 6.41691597970789e-05
1229 0.000256827092837449
1228 0.000109681111821049
1263 0.000542575672627275
1262 0.000748399313415067
1261 0.000623853398570334
1267 0.00192753003481991
1266 0.000545777145770517
1265 0.000411681605144562
1264 0.00024227156936277
1188 0.00630059802600885
1189 3.67315966335578e-05
1182 0.0063682220818905
1208 3.10130461748218e-05
1212 9.02533360071054e-05
1213 4.99088939014902e-05
1210 6.65569492220335e-05
1211 8.3995391464364e-06
1216 0.000733992132357703
1217 0.000135665943954051
1214 8.82994402536105e-05
1215 9.8747718084507e-05
1201 2.91982512875297e-05
1218 0.000247320464433707
1219 0.000661353158584424
1198 0.0263424598559974
1256 0.0589564561235275
1257 0.0848363262443502
1254 0.000665126816706545
1255 0.043911072156419
1252 0.043756546842163
1253 0.0366548595442227
1250 0.29307451821886
1251 0.00757174407079096
1186 0.00837935053843986
1187 7.95045766399287e-05
1184 9.06480576882454e-05
1185 0.000350308623065217
1183 0.00120346975911772
1180 3.90904503670425e-05
1181 9.04614006342214e-05
1209 5.34231588619751e-05
1205 0.0158777161787557
1204 9.34408578899268e-05
1207 4.79208176968028e-05
1206 5.58486201249992e-05
1200 3.5702456953576e-05
1203 2.05863186418706e-05
1202 3.72698621440018e-05
1359 0.00648004773629763
1338 0.0176960146498543
1335 0.0161946465134408
1334 0.0190004645629024
1337 0.0179567542528597
1336 0.00217654101724538
1331 0.000420505257076174
1333 0.00897795115373807
1332 0.000880347357674701
1317 0.00504313020172236
1316 0.00634987972170121
1315 1.84824690915517e-05
1351 0.014288060204939
1311 0.00396267297793756
1279 0.0238550220182031
1273 0.00029207297632323
1274 0.0373407469611661
1275 0.000523710930169938
1277 0.000239764990583817
1285 0.000231200671892375
1284 0.000158709383961138
1287 1.96949439351335e-05
1286 0.00410793217264186
1281 0.00401706552570316
1280 0.023178533766688
1289 0.00112683308175628
1304 0.00036725969442709
1305 0.000780958025215698
1306 0.0350191416055347
1307 0.000102811158572497
1300 0.000320705891754836
1301 7.79918059143465e-05
1302 0.000149096131627384
1308 0.000463289008093695
1309 0.000668847268969985
1371 0.012615448652075
1370 0.000206331019170722
1372 0.00108161155766388
1375 0.00176369505392999
1374 0.000118230263908389
1377 0.0152378273226315
1376 0.000188049059596692
1378 0.0079161864447055
1347 0.00255740662085201
1278 0.0043596397923544
1384 0.00382892206777119
1276 0.00045970030572216
1298 0.000110289726016705
1387 0.0018890658626003
1380 0.00274607852098403
1381 0.000196452571132918
1348 0.0135163944692727
1340 1.83636642693579e-05
1341 0.0336420094880548
1342 0.0176706649937806
1343 0.0494636718026054
1344 0.0145224639494079
1345 0.00306512497473948
1346 0.0142597992667094
1283 0.000164527452548693
1288 0.0238453778906022
1310 5.06367622794e-05
1303 0.000148768555168387
1314 0.00080432784954305
1313 0.0468474548269826
1312 0.00100945413626787
1319 0.0547235854277966
1318 0.00372296023794212
1388 0.000129998430331305
1389 0.0178360505204289
1385 5.0774858729271e-05
1386 6.17706185691186e-05
1382 0.000213830665819742
1383 0.021890310316201
1339 0.0177138198053608
1330 0.00534930029006919
1373 3.2432659217495e-05
1353 4.21832381233486e-05
1352 1.21047501029976e-05
1357 0.000179638819153053
1356 1.37451867370547e-05
1355 0.00104124414441911
1379 0.0207700220224664
1292 0.000174921389400928
1392 0.001426837878326
1322 0.00561275633035333
1323 0.00187702124069734
1320 2.86170032279485e-05
1326 0.0610904701038769
1327 0.00225485685303537
1324 0.00225322927974305
1325 0.0629051773030125
1395 0.00147693702652189
1394 0.00643110631584678
1393 4.47277154477435e-05
1391 0.000635123269034595
1390 0.00177818158972792
1321 0.00522290036802724
1282 0.0648995890634708
1328 2.36806726807098e-05
1329 3.12509017191328e-05
1349 0.00202446121513404
1358 0.0134782225917816
1299 0.000323027787755356
1293 2.05859535425079e-05
1290 0.00620100279856627
1291 0.000780530744774345
1296 0.00024356956547642
1297 0.000191348930881113
1294 0.00018470930206677
1295 6.55671596616322e-05
1350 0.00315120472790044
1354 0.01224193794731
1366 1.9995281899885e-05
1367 0.00566186336078232
1364 0.00341914798054229
1365 0.00488213410384093
1362 0.00988715128595
1363 0.0199505611883629
1360 0.0323727758445932
1361 0.00342031380982919
1368 0.0047717722294523
1369 0.00743558257686845
1398 5.2341815126745e-05
1454 0.000376069660216739
1455 0.00039314121313164
1456 0.000413406181343454
1409 0.000102130304163073
1457 0.0002711622793476
1403 4.71331239085067e-05
1400 4.75488804440439e-05
1407 3.15026942736143e-05
1406 1.18225719023409e-05
1405 1.4701803700194e-05
1448 0.000349285217529622
1472 0.0041404626092875
1470 0.0113609852602721
1471 0.0554236863741708
1476 0.000593829414686163
1477 0.000202652055546839
1474 0.000631853882114764
1475 0.00840725755223533
1478 0.0148189985288167
1479 0.00320750869722346
1450 0.000136269603622193
1451 0.000484484337435274
1452 0.000210110004072218
1483 0.00787627084931151
1482 0.0232157204410165
1481 0.00462541274619297
1480 0.00112797460321796
1487 0.0367314284075307
1486 0.0548719747000668
1485 0.0560237891599891
1484 0.0611420457773054
1488 0.0734441626125327
1436 0.000444592842868667
1437 1.57177505728161e-05
1434 2.81330182902865e-05
1435 1.27997817127573e-05
1432 0.00653037106966435
1433 0.000230117420268912
1430 1.34017640321364e-05
1431 0.000469885683611429
1438 0.00649858883588552
1439 0.0116867667405238
1473 0.00717270342258615
1408 1.1986570777947e-05
1469 0.000377942205497305
1468 0.00159635304465164
1465 0.000920830786327206
1464 0.000321287145961936
1467 0.00732327656725818
1466 0.00205524694405446
1461 0.000120706556401888
1460 0.000973200908062324
1463 0.000302682211974188
1462 0.000452914643417975
1402 1.22726914585403e-05
1401 0.00303011935965822
1421 0.000116371483214925
1420 1.91216148407288e-05
1423 0.00038980982932398
1422 0.000286317730385785
1425 0.00044167684089719
1424 0.000202996684763099
1427 0.000328282229948537
1426 0.000238669513393665
1429 2.53081711951182e-05
1428 0.000257177966862265
1453 0.000146760083769187
1458 0.000335531430766201
1459 0.000481786291874159
1442 0.0279597992571822
1418 0.000118229977635987
1419 0.13196723724715
1410 0.00914016359260471
1411 0.000145600024896052
1412 9.70406396106464e-06
1413 0.000107219031305139
1414 0.000226810189758269
1415 0.00127520497628396
1416 1.45706164932103e-05
1417 1.21726755227159e-05
1399 0.000114700863079079
1397 0.000116452018511809
1396 0.018337716595018
1404 0.00010868992477692
1446 0.00580155884174302
1445 0.000498634700384373
1444 0.0259867466412905
1447 0.000177138618361112
1443 4.41322793841614e-05
1441 0.000102607534221999
1440 0.0103089415675333
1449 0.000172077217399429
1564 0.0169266271814897
1524 0.000343081336857047
1525 0.00106174588245119
1526 0.000294646302987868
1566 0.00203225443385281
1490 0.000970187737823994
1491 0.0130214923882287
1492 1.7320719419306e-05
1493 0.00338911383930791
1494 6.77675147759288e-06
1495 0.00887199397774459
1496 0.017005912814637
1497 0.000129628972737904
1498 0.00064834417094939
1499 0.00246160964890855
1529 0.00345825004163336
1511 1.72108014554506e-05
1537 0.000724841251277289
1535 0.000371289837318346
1534 0.0230116636494042
1530 1.33028734700959e-05
1539 0.000477839664977746
1538 0.000135468974189351
1522 0.000140069989818864
1528 0.00101208922897101
1518 0.000408739465180009
1573 9.60141547306239e-05
1572 0.0327909357902844
1570 0.00011853703163137
1575 5.02023749333931e-05
1574 8.17667532873806e-05
1489 9.34034350853331e-05
1513 0.000123473135557132
1502 0.0424123255997495
1503 0.00144123592206511
1500 7.66253868860871e-05
1501 3.10553472448508e-06
1506 5.85319620853705e-06
1507 2.75938233240653e-05
1504 0.000490156751988961
1505 0.000105565234100417
1508 2.07017566847877e-05
1509 2.77949838798895e-05
1571 0.0206256984032454
1546 0.000748379949327185
1547 0.00890323184338376
1544 0.000873249524843479
1545 0.00150584218514021
1542 7.66712035969933e-05
1543 0.00625179502112891
1540 0.000738652995368963
1541 0.000115369626271479
1548 0.222782776777717
1549 0.000348322668621192
1519 0.00034757980531785
1515 0.000222373915611234
1514 1.07738053003795e-05
1517 0.000155072301684569
1516 0.00109777549545548
1510 0.00831316531026651
1512 0.000417092624584684
1536 2.99069062104832e-05
1533 0.000416757517959996
1532 0.00119065168224671
1531 4.13688007853764e-05
1568 8.37187995487718e-05
1561 0.0161091016248624
1552 0.00163409065004328
1551 0.000654057897323434
1550 0.000184515348319016
1553 9.3352872639004e-06
1555 0.000713017303125493
1554 0.00137048438165492
1557 0.000363654397696113
1556 0.000299674781080578
1559 0.0157417990525176
1558 0.158967207450287
1527 0.000174642080648862
1520 0.000886835348619555
1521 0.00151527691100534
1523 5.12893579830332e-05
1569 0.0138809470596655
1560 0.000397655112939779
1562 0.0294204925271251
1563 0.00034954564104907
1565 0.000195386431605036
1567 7.23144141152143e-05
1669 0.000549305106225906
1668 5.07539149375564e-05
1667 0.00306453346410094
1666 0.00222149994287817
1665 0.00322394451480979
1664 0.000504980066447374
1663 2.05009865384977e-05
1662 0.0137757042597661
1661 0.000972779518523995
1660 0.00120168251671316
1623 5.84264256144361e-05
1622 0.000523657002904616
1621 0.000451781731156867
1620 0.000120057830929703
1627 5.85491311347228e-05
1626 0.000267558255712891
1625 0.000152070031549144
1624 0.00010241121764279
1629 9.89362862405227e-05
1628 0.000442888568764548
1578 0.00267100058123268
1577 1.25974338605095e-05
1576 0.00234957338965153
1658 0.000818579041882545
1659 0.00169402598134421
1652 0.000239108099280384
1653 0.000999397320639425
1650 0.0243108588235543
1651 0.0176465464559676
1656 0.00593058743259751
1657 0.000656635123777823
1654 0.00030863204573925
1655 0.0241518724684844
1618 5.83161386227996e-05
1619 7.48808122094282e-05
1616 7.86041107080202e-05
1617 0.00117738625899177
1614 0.000124325942591557
1615 3.02086515087928e-05
1612 0.000199734158237921
1613 5.48934018083304e-05
1610 8.24695659950577e-05
1611 1.20083934641352e-05
1579 0.00244714795472282
1645 1.39933151191315e-05
1644 0.00166036053563354
1647 0.011238608766484
1646 0.0527547326039807
1641 1.87271648642163e-05
1640 0.0642847473787498
1643 0.000520219538984903
1642 0.000478465050980151
1649 0.000527979990043725
1648 0.00047864581879899
1588 0.00015745365528641
1582 8.82272967974241e-05
1580 3.33597233555225e-05
1581 1.96683421265785e-05
1586 0.01187797534928
1587 5.508383422083e-05
1584 0.000274042151236435
1585 0.000189625367360479
1609 0.000237065877534109
1608 0.000156493593914242
1601 0.000450040256473958
1600 9.10687296806305e-05
1603 0.000292603636893182
1602 0.000202643421946835
1605 0.000285706269496378
1604 0.000351325558726056
1607 0.000425583816438456
1606 0.000172750935485942
1678 0.000205016778651663
1679 0.00227403098703541
1674 0.00802873468054733
1675 0.0272235383766228
1676 0.000114816847501806
1677 0.00121292120606864
1670 0.00199468024223943
1671 0.0161563114131525
1672 0.000218661104774233
1673 0.000471271103803773
1589 0.0295293708717846
1583 1.51991808285086e-05
1630 0.000163978659484074
1631 0.000927054149977903
1632 0.000172848901312097
1633 6.76104900295766e-05
1634 0.000863857434161256
1635 0.000152491787945166
1636 0.000647115933584095
1637 5.01939005716542e-05
1638 8.56577762812602e-05
1639 0.000499339541044328
1595 5.98848476217974e-05
1594 5.15526951744551e-05
1597 0.000154792721384128
1596 0.000979740621242479
1591 6.81991240105058e-05
1590 0.000151147219769811
1593 0.00081014592409021
1592 0.0250352221355135
1599 0.000101624505960718
1598 5.44290948741264e-05
1700 2.69384664142616e-05
1701 0.00302414579894402
1702 0.000459588879633158
1703 0.0140882365677011
1704 0.000571091282043224
1705 0.0026398446462185
1706 0.0071870808650396
1707 2.86288633672704e-05
1708 0.00273422318966097
1709 0.00104368587484945
1696 0.000878997944012515
1697 0.0220461367780642
1694 0.0138318075524626
1695 0.00029609603449394
1692 0.000952406617635658
1693 0.0170629536749391
1690 0.000237690526674938
1758 0.0028269191411387
1757 0.0031434852016836
1756 0.000454596554857096
1755 0.00435449866257509
1754 0.000148778289143952
1753 0.00334121898576097
1752 0.00397786680626955
1698 0.00166717220960193
1750 0.0013334048710537
1759 0.0944941590589438
1691 0.00952109770455494
1751 0.00299228247648915
1699 5.49436764280646e-05
1713 0.00260877909252025
1712 0.00476999716914001
1711 3.55590098279127e-05
1710 8.26470608616804e-06
1717 1.37884204330818e-05
1716 0.000198402733357872
1715 0.000261733317703837
1714 0.000430252278328562
1719 0.00471815748753743
1718 0.0359148035132205
1738 0.000306356057508942
1731 0.00010934173101373
1681 0.018354983663952
1680 8.24162351364297e-05
1768 0.00154261883160781
1682 0.000374620780842221
1685 0.0001294566920773
1684 0.0014915466685498
1687 1.58612415817509e-05
1686 0.0081006897737364
1689 0.00170327788641688
1763 0.00154167064611421
1760 0.00361546541303717
1761 0.00132883384800765
1766 0.000208704461125029
1767 0.000100921897652539
1764 0.000581681272953918
1765 0.000654346589093877
1774 0.000132801269670994
1728 1.35929108261224e-05
1726 0.0462770110876939
1727 0.000132063086731037
1724 0.00013929313867646
1725 0.000508592845594178
1722 0.000307282557056447
1720 0.000139458111674312
1721 0.00474635372688865
1729 0.000478574696944554
1723 0.000649659490257554
1775 0.000353037267955142
1777 0.000310603252100715
1776 0.000179955199033815
1771 0.000161485816373776
1770 0.00183365607096816
1773 0.000181205215396669
1772 0.00148725051951931
1779 0.000510695597917571
1778 0.000419841960341966
1769 0.000116885390193698
1739 0.00012186337648017
1730 0.00211075354134418
1733 0.000776644771715447
1732 3.33783236682118e-05
1735 0.000266615597655771
1734 1.71653430927494e-05
1737 0.000316749895642421
1736 0.00759690097727677
1748 0.190867234652779
1749 0.000757292559878454
1744 0.00153112421637843
1745 0.00192307622683439
1746 0.001114772602422
1747 0.000750674613789489
1740 0.000682827266989999
1741 0.00359501356098775
1742 0.000259467079107092
1743 0.000869501384593523
1683 0.000658049198056957
1762 0.10489131249906
1688 0.000382294178020338
1799 0.000165258953805325
1798 0.000178578119703378
1793 5.48149696151516e-05
1792 0.00023148776550381
1791 0.000131932874494491
1790 0.00174807790622528
1797 2.07343697939078e-05
1796 8.61149982163659e-05
1795 0.000118340656279349
1794 8.09999180656377e-05
1849 0.000823653320282578
1848 0.011722313131295
1843 0.00452378094491765
1841 0.00103034924505692
1840 5.92350142243407e-05
1847 0.0224386449958915
1846 0.00166872115929692
1845 0.0195989075173245
1904 0.000479802740643443
1902 0.000844983957685973
1903 0.0191981807449319
1900 0.0163525303343605
1901 0.000406627822037241
1889 0.00106321407845561
1888 0.000826810258410136
1887 0.00378658264733068
1886 0.00540457851265397
1885 0.000195969473131682
1884 0.0017081483350608
1883 0.00448246002794369
1882 3.90280859036187e-05
1881 0.000216380883520645
1880 0.000381108786828808
1832 0.000478353354973703
1833 0.000860992435318692
1830 0.0195318797070342
1831 0.0554764660495192
1836 0.000311570908407183
1837 0.0197273860986473
1834 0.0962551808965309
1835 0.0010040127770728
1838 0.000981230173788897
1839 1.3543188880979e-05
1876 0.00055796085029866
1877 1.29714673653123e-05
1874 1.03399901745e-05
1875 0.000474110185065752
1872 1.48156766188714e-05
1873 0.00131715269763485
1870 0.000787189536303946
1871 3.63983488562299e-06
1878 0.000311567874611943
1879 0.000250674661490562
1829 0.000815288343255583
1828 0.0243087508888664
1825 0.000417951102040379
1824 0.012903132990194
1827 0.000214773754734405
1826 0.00280506920170414
1821 4.35059130670004e-05
1820 0.00605602330641513
1823 0.000321310495058851
1822 0.000863054322131279
1861 3.84137554173074e-06
1860 0.00452295515457105
1863 0.00068409676487838
1862 0.0141867413766461
1865 0.000619990235400435
1864 0.0171860162969512
1867 0.000803061645262029
1866 0.0165695285578608
1869 0.000362667964418962
1868 0.00133266616788135
1844 0.00350622780652409
1814 0.0208859927747823
1815 0.00063810402614154
1816 0.010024230658314
1817 0.000669311406464014
1810 0.000200487701795334
1811 0.000514158121674278
1812 0.000223109380604677
1813 0.0221937854794306
1818 0.0254807033795194
1819 0.00025344406162887
1788 8.26810257115695e-05
1789 3.78083146885627e-05
1780 4.98497773860754e-06
1781 0.00100244754115697
1782 0.00020062072820618
1783 7.63844993093749e-06
1784 3.66916630180455e-06
1785 0.000105828142110749
1786 2.61991587028148e-06
1787 3.04777282240151e-06
1858 0.00860302591077166
1859 0.00259104367233305
1850 0.000614629963496135
1851 0.00915498009361785
1852 1.71653179682605e-05
1853 4.341859883927e-05
1854 0.0196123928882711
1855 0.0185723742374203
1856 0.0237435448642025
1857 0.0193262696861456
1842 4.84993820146497e-06
1898 0.0748957881140466
1899 0.00840027519469889
1894 0.00120469672686468
1895 0.00213482153623559
1896 0.0288044013206805
1897 0.00162928402183409
1890 0.00142533376272079
1891 0.00637647300730482
1892 0.00435248985211545
1893 0.0214430352116408
1807 0.00181198681470567
1806 0.0405296452169991
1805 0.000168723058798031
1804 1.15690532644806e-05
1803 0.00037636684645622
1802 3.36937768911056e-05
1801 4.44878318493286e-05
1800 1.72557271167458e-05
1809 0.0348295915446041
1808 0.0009057170769948
1948 0.00949007579229699
1949 0.0223191975443125
1942 0.0241895275536475
1943 0.00416480945232144
1940 0.00311025557661606
1941 0.00482218699593299
1946 0.0241895275536475
1947 0.00796289359900518
1944 0.0653192469377225
1945 0.00931187859129848
1991 0.00165482714796021
1995 0.00427140828358191
1994 0.000787224430165979
1996 2.30311015231012e-05
1908 4.17329196485805e-06
1909 1.68326705151076e-06
1906 0.000501751984055783
1907 3.34981228026547e-05
1905 1.56435080703284e-06
1990 0.000233068188557847
1993 0.00427140828358191
1999 0.0118690485909587
1998 0.00427140828358191
2011 0
2010 0
1955 0.00516459849305211
1954 2.14847481920661e-05
1957 0.00318509530192086
1956 0.0223191975443125
1951 0.00318509530192086
1950 0.00391830745232946
1953 0.0419200378402777
1952 0.00318509530192086
1959 0.000751504114591752
1958 0.00400486677477354
1986 0.000787224430165979
1985 0.00125087981211516
1982 0.00179246255308576
1980 0.0102532637900742
1981 0.00219014287980098
1997 2.30311015231012e-05
1919 0.0025632276052307
1918 3.29919024583075e-06
1911 3.30368042395538e-06
1910 6.97447046473127e-06
1913 3.82193368124918e-06
1912 2.3066818090986e-06
1915 2.06448409243484e-06
1914 2.56127020940323e-06
1917 2.84368290140444e-06
1916 1.13623436478967e-05
1992 0.00792107289240031
1977 0.000327973678269248
1975 0.00410601038867155
1974 3.93533211604892e-05
1973 0.00721001501272959
1972 0.0102532637900742
1971 0.0334695867381229
1970 0.00239426179991512
1968 0.00156475976876915
1969 0.00400486677477354
1965 0.00150154625889662
1966 0.00298197822038029
1960 0.00410601038867155
1961 0.0132213897792982
1962 0.0132213897792982
1920 8.68697390469786e-05
1921 7.34752424256601e-06
1922 0.00383344719433929
1923 4.64789743135888e-05
1924 5.04264655738524e-06
1925 7.34752424256601e-06
1926 3.50462007751328e-05
1927 0.00416480945232144
1928 4.67492709960886e-05
1929 0.0337680002619164
1987 0.0180451776692678
1979 0.00156475976876915
1978 0.00102456907226351
1976 0.00219014287980098
1964 0.040724829191289
1967 0.00239426179991512
1963 0.00969734484402094
1988 0.000233068188557847
1933 0.0701327624938514
1932 0.0025632276052307
1931 0.00885885187269441
1930 0.00117651360737342
1937 0.0518222757005094
1936 0.0557531031085383
1935 0.00311025557661606
1934 0.00749823510125822
1939 0.00279440213264078
1938 0.0337680002619164
1984 0.00252270672928111
1983 0.00792107289240031
1989 0.00165482714796021
2002 0.000891899221422679
2003 0.00283961193770677
2000 0.00303471866591126
2001 0.00686133868555906
2006 0.000743989083494936
2007 0.000743989083494936
2004 0.00320399317612408
2005 0.00124146912427043
2008 0.000247952183389368
2009 0
