344 0.00274844310548
345 0.00063668896372
346 0.00150014766208
347 0.0016753951482
340 0.00111298924556
341 0.00132197075263
342 0.000743203854968
343 0.000890379990885
348 0.000767328989851
349 0.000653663328611
1653 0.00543478969857
298 0.000690876172447
299 0.00165546270592
296 0.00109223551132
297 0.001147600797
294 0.00137055422861
295 0.00103599856363
292 0.0010178922652
293 0.00175508515199
290 0.00212648687855
291 0.00138084169918
270 0.00160075537163
271 0.00105456761555
272 0.00775459114801
273 0.0021742730901
274 0.00130673351549
275 0.000788222922565
276 0.00175205589072
277 0.00166395379582
278 0.00150795509013
279 0.00124189168898
1780 0.00206993567488
1781 0.00444527224188
108 0.00215865961847
109 0.00095403107847
102 0.00165443417593
103 0.00153561667725
100 0.000761744375554
101 0.0011620663761
106 0.00163663176755
107 0.000839386312416
104 0.00243981907528
105 0.00186973429658
1001 0.00459467095196
1210 0.00181927814719
1375 0.00424187465995
1655 0.00383000826698
99 0.00134964002939
98 0.00226937695704
91 0.00177924723589
90 0.00160696750023
93 0.0013852091265
92 0.000927277989292
95 0.00051469048625
94 0.00105157443456
97 0.000895259340675
96 0.000931327956195
1623 0.00400717198308
1622 0.00365835654136
1621 0.00170751954594
1620 0.00377897067094
1627 0.00247578261702
1626 0.0054297100995
1625 0.00260234077908
1624 0.00181122062596
1999 0.0
1998 0.0
1629 0.00369901023582
1628 0.00202926197172
559 0.000849918048418
558 0.00157050250089
1217 0.00366506004487
555 0.00222762712141
554 0.00140398046512
557 0.00161166488313
556 0.000910338122827
551 0.0016668271573
550 0.00163466726719
553 0.00147863856309
552 0.00210039551722
1439 0.00325880841114
1199 0.0023332082261
1198 0.0072283005781
1191 0.00131133869669
1190 0.00244108595952
1193 0.00378826703365
1192 0.00252705455909
1195 0.00106952758152
1194 0.0106186608711
1197 0.00438297025261
1196 0.00591684081522
1759 0.00467546326005
1758 0.00256652524646
1757 0.00664277163686
1756 0.00967109921136
1755 0.00522717955699
1754 0.00183596329665
1753 0.00477961835709
1752 0.00822441494688
1751 0.00601559993225
1750 0.00346772736675
1177 0.00116325784012
1176 0.00149949027449
1175 0.00187397506302
1174 0.00265280968302
1173 0.00490703074031
1172 0.0129131093265
1171 0.0101461107827
1170 0.00331985554421
1179 0.000996075948052
1178 0.00322839198331
511 0.000397247372953
510 0.0167903593621
513 0.00117159702293
1285 0.00100019843298
1284 0.00513429381511
1287 0.00295599382635
512 0.00119714994452
1281 0.00104809797505
1280 0.000465468454089
1283 0.00135390015718
1282 0.00129945449065
1003 0.0280839398023
879 0.00192487558794
1289 0.0126359020122
1288 0.000898080859432
514 0.000974826240533
1579 0.00122393837967
1578 0.0051083661289
689 0.00193808324277
688 0.00181209119028
685 0.00207424010968
684 0.00149795803981
687 0.000610882733389
686 0.00126439826416
681 0.000419940475048
680 0.00281922372948
683 0.00040851122518
682 0.000922923850403
458 0.00120217024262
1226 0.0021165709107
621 0.0042566587216
873 0.00179934914539
1224 0.00197408174684
1223 0.00199403750103
1222 0.00115162217843
1221 0.00109309423093
1220 0.0017221800823
407 0.000906483028807
406 0.00347301364048
405 0.00223299728326
1372 0.00286411921624
403 0.00225773241698
1374 0.00433617964344
1377 0.00290415166008
400 0.00150060260446
1379 0.00442927812545
1378 0.00738155313478
1342 0.00235864128112
409 0.00184582165389
408 0.000757391584148
1343 0.0137836479448
454 0.000716398549314
455 0.000896663897459
1346 0.00125878088783
1347 0.00311141518711
379 0.00134129839869
378 0.00128982008362
371 0.00111164673708
370 0.00179362070562
373 0.000929544035822
372 0.00182599893746
375 0.00105225878129
374 0.00140741456011
377 0.00161701417973
376 0.00213474005902
393 0.00688786037522
392 0.000987137531896
391 0.00202624351815
390 0.000497771664292
397 0.00217760795706
396 0.000991080223718
395 0.00167186149781
394 0.00141372960489
399 0.00182860965663
398 0.00230410022857
895 0.00208256968687
245 0.00160938797868
244 0.000729212840927
247 0.000464002289545
246 0.0014693408831
241 0.00181358527095
240 0.00108992834654
243 0.00313007424556
242 0.00161148558539
249 0.00247306609978
248 0.00124929155084
179 0.000346199036569
178 0.00111475788553
177 0.00074252989454
176 0.00129328839568
175 0.00106735125874
174 0.00159843532398
173 0.00121137485516
172 0.000891337101712
171 0.000982394346282
170 0.00111779435481
1502 0.00298413078744
1503 0.0241873097683
1500 0.0036170775026
1501 0.00563014363611
1506 0.0044229454755
1507 0.00286310875392
1367 0.00719217199125
1504 0.00257803651724
1505 0.001528183609
1227 0.000517306558813
1364 0.00383856708689
1977 0.0
1976 0.0
659 0.00261956668355
1975 0.0
1365 0.00641505199987
1974 0.0
1973 0.0
1972 0.0
1971 0.0
1970 0.0
1362 0.00806053612017
1968 0.0
1969 0.0
1618 0.00299312326692
1619 0.00316409108821
1616 0.00631385978824
1617 0.00954186139756
1614 0.00201667384923
1615 0.00661991193065
1612 0.00587736674632
1613 0.0033855639845
1610 0.00251449352444
1611 0.00155539311915
1363 0.0040444712146
1768 0.0197849882153
1769 0.00774492973486
1762 0.00820640970398
1763 0.0183727994311
1760 0.0119555244468
1761 0.00793251527929
1766 0.00651443223929
1767 0.00808175805872
1764 0.00578003856789
1765 0.00722012527758
1142 0.00429776295146
1143 0.0111511282165
1140 0.0126334755375
1141 0.00856171913057
1146 0.000674749586961
1147 0.00142441079813
1144 0.00123511608989
1145 0.00292733315838
1148 0.00289581682335
1149 0.00505537140626
692 0.00129335812833
693 0.00134534837801
690 0.00113884679312
691 0.00139776626219
696 0.00168869702201
697 0.00110019862072
694 0.00886630526373
695 0.00826048411803
698 0.000994369148464
699 0.00740939072865
1548 0.0583931744311
1549 0.00885088189839
542 0.00181911015377
543 0.0016512519767
540 0.00130345303632
541 0.000873818302261
546 0.000935214512725
547 0.00194773712692
544 0.00145130064829
545 0.0055316779468
548 0.00587447108658
549 0.00138805251583
1782 0.00394453207848
1783 0.00257537368478
1784 0.00153777496452
1785 0.00283122570276
1786 0.00104965448703
1787 0.00110658657402
414 0.00471595058887
415 0.000741737704665
416 0.000975066394865
417 0.000683333018381
1388 0.00684567848282
411 0.00202747823161
412 0.00188041664284
413 0.00264919738938
1384 0.00814920341611
1385 0.00382099766
1386 0.00407785084823
1387 0.00445393660028
1380 0.00491513560869
419 0.000984806658164
1382 0.00281778149299
1383 0.00667790897013
368 0.00149767812034
369 0.000617781396641
366 0.00190931500396
367 0.000793186813475
364 0.00198962120398
365 0.000472532383423
362 0.00162172443929
363 0.00033574321807
360 0.00168582154283
361 0.00118079124535
380 0.000885069785951
381 0.00112242209933
382 0.00120414981524
383 0.00194368445875
384 0.000589287949024
385 0.003818902436
386 0.00506396211438
387 0.000823284017925
388 0.00125120991162
389 0.00140177291911
258 0.000481716681155
259 0.00396237899196
252 0.00632125698916
253 0.000357323686349
250 0.000714459819827
251 0.000380517283212
256 0.000616069805879
257 0.00131039252202
254 0.00360806445745
255 0.000482756411094
1679 0.00883240565389
1849 0.0110465116279
1848 0.00968918425139
168 0.000292454344188
169 0.000523585338341
164 0.000323443411895
165 0.0011825530382
166 0.000757634239071
167 0.00110574728204
160 0.00840728185338
161 0.000761773832116
162 0.000544612366266
163 0.000384266805267
1842 0.00411779482963
1841 0.00512254901961
1840 0.00852996254682
1090 0.00201209800658
679 0.00117581037128
1814 0.0092783059637
1815 0.00172735760971
1816 0.00639147711702
1817 0.00382819794584
1810 0.00144724556489
1811 0.00614234301315
1812 0.00731509625127
1813 0.00441030892644
1818 0.0120679992528
1819 0.00332066869301
670 0.000913636759639
671 0.00256565482837
1609 0.00363050417553
1608 0.00440802310233
1979 0.0
1978 0.0
1601 0.00628170525385
1600 0.00114244965386
1603 0.00750772737686
1602 0.00392787839971
1605 0.00329396967675
1604 0.00673671091124
1607 0.0137253322082
1606 0.00411133496769
809 0.00145620925738
808 0.00534709695618
803 0.00146347558685
802 0.00139648865349
801 0.00354548760708
800 0.00226286719981
807 0.00292232073827
806 0.00180686674198
805 0.00246068033788
804 0.00669866784751
1775 0.00850031298459
1774 0.00340091052842
1777 0.00841198288137
1776 0.00837810758704
1771 0.00750673948794
1770 0.0150735837707
1773 0.00685664717154
1772 0.0167834901449
1779 0.0275176318109
1778 0.0081502157813
608 0.00308990467356
1159 0.00311704868536
1158 0.00715037291552
1155 0.00253269340041
1154 0.00235722849726
1157 0.0125430918765
1156 0.0053403927612
1151 0.00155187495971
1150 0.00790772661647
1153 0.00621430099036
1152 0.0209982318794
1555 0.00950164940065
1554 0.00490862080723
1551 0.00712731295812
1550 0.00879773104234
1553 0.00224541929432
1552 0.00646137745175
59 0.000731839448005
58 0.00137746299778
1557 0.00715429603816
1556 0.00279882541449
55 0.00144930644804
54 0.00216377164463
57 0.000605690332602
56 0.000305568906453
51 0.00104616255331
50 0.00134852047945
53 0.000737550666526
52 0.000712883441641
537 0.00774643155177
536 0.00053997059236
535 0.00102091779388
534 0.000565010375357
533 0.00118104166765
532 0.000832141857372
531 0.000840628733217
530 0.000430156128596
539 0.00247271558037
538 0.00182268042241
1558 0.0071377355628
429 0.000482522465703
428 0.00146720286607
1399 0.00190345813378
1398 0.00262813728573
421 0.000559207390934
420 0.00158063305564
423 0.000962842674647
422 0.000835031526559
425 0.000226377264015
1392 0.00427604487089
427 0.00159865952656
426 0.000186757186236
853 0.00486880757764
229 0.000379191168782
228 0.000539604711591
227 0.000804543401855
226 0.000929076753634
225 0.000680701330906
224 0.00307701532976
223 0.00157814734943
222 0.00148973863704
221 0.00107598371083
220 0.000895349811339
151 0.0012117516407
150 0.000827221347788
153 0.000594260780453
152 0.00154939763025
155 0.000430401724167
154 0.00068528231601
157 0.000735756131267
156 0.000769176992316
159 0.0017064481372
158 0.00144121946525
1807 0.00690484550562
1806 0.00742101449275
1805 0.00502645502646
1804 0.00395339159384
1803 0.00312945663823
1802 0.00718065003779
1801 0.00764021164021
1800 0.00530570252792
1809 0.00659356435644
1808 0.00101410934744
1524 0.00590968248029
1948 0.0
1544 0.00269995989761
1525 0.00539869579274
1942 0.0
1943 0.0
1940 0.0
1941 0.0
1946 0.0
1526 0.00375319907914
1944 0.0
1945 0.0
818 0.00204831437945
0 0.00242292378184
1527 0.00308482238928
810 0.00183718743191
811 0.00572887498804
812 0.00342428858105
813 0.0027992925481
814 0.00221102926639
815 0.00167830653465
816 0.00029471626041
817 0.00427192865346
1991 0.0
1522 0.00600800260724
1990 0.0
1523 0.00175985795906
1993 0.0
1490 0.000975055869492
1397 0.00282098322225
1492 0.00541471979034
1493 0.00903022119044
1494 0.00719992557347
1495 0.00116155926233
1496 0.00150932332863
1396 0.00289301227109
1498 0.00542864518171
1499 0.00170479977389
1395 0.00540523993674
1994 0.0
1700 0.00722657916116
1701 0.000769063136366
1702 0.00159332550075
1394 0.0210754272183
1704 0.00639955039232
1705 0.000919186198935
1706 0.00266391847329
1707 0.00797250214387
1708 0.00324406323051
1393 0.00644789499585
1996 0.0
424 0.00230181773514
1391 0.00171145377844
1390 0.00308621043118
1128 0.00122354370508
1129 0.000946956443448
1120 0.0247712234325
1121 0.00235587625399
1122 0.00502038579324
1123 0.00353760272697
1124 0.00153251278279
1125 0.00235444260542
1126 0.00214148861347
1127 0.003709530564
524 0.00113975809673
525 0.00379235416524
526 0.00206980175951
527 0.00174443000475
520 0.00179992243231
521 0.00999403882485
522 0.00171551787222
523 0.0042231047934
1014 0.00085099364963
1015 0.000749196077799
1016 0.012316052317
1017 0.0016500449566
528 0.000844183276451
529 0.000747107008246
1012 0.000996555301257
1013 0.00921697090818
1234 0.00693548935838
1235 0.00205958890343
1236 0.0102083455161
1237 0.000471042461461
1230 0.00204485137658
1231 0.00195226998635
1232 0.00195652934718
1233 0.00143512948098
1238 0.00153604265764
1239 0.00618404237486
438 0.00064954738099
439 0.00211491683564
436 0.000833525127453
437 0.00211930362577
434 0.00409707445709
435 0.00172590602788
432 0.00039592889933
433 0.000698801267177
430 0.00839033781389
431 0.00119593998045
1967 0.0
1960 0.0
1961 0.0
238 0.000540097802265
239 0.00081337366094
234 0.0034318996406
235 0.000822893695669
236 0.000515236068621
237 0.000991370369795
230 0.00111605301125
231 0.000902196844382
232 0.00190541723845
233 0.000674323272291
1 0.00157894736842
146 0.000964092354819
147 0.000834800569903
144 0.000532398738217
145 0.000777766530669
142 0.000644224521685
143 0.00126367851331
140 0.000559194644669
141 0.00117609051039
148 0.000977199325971
149 0.000819180715863
1832 0.00588252314815
1833 0.0147286821705
1830 0.00962237049393
1831 0.00336484137332
1836 0.0115787981859
1837 0.00911616161616
1834 0.00660356570513
1835 0.00616064133987
1838 0.015380952381
1839 0.00512266802964
939 0.00491764835317
938 0.00255547407152
933 0.0115355356354
932 0.00346169842347
931 0.00288650646873
930 0.00336344598339
937 0.00493954762827
936 0.00890357487989
935 0.00264582277048
934 0.00376108582817
1955 0.0
1954 0.0
1957 0.0
1956 0.0
1951 0.0
1950 0.0
1953 0.0
1952 0.0
1959 0.0
1958 0.0
829 0.00452032389236
828 0.00496288946439
825 0.00228246734391
824 0.00933849259239
827 0.00119290546177
826 0.00123998361868
821 0.00590866825374
820 0.00112434175935
823 0.00257710504235
822 0.00472461371052
1536 0.00287272521858
1483 0.00349215275403
1482 0.0105525890461
1481 0.00383159307923
1480 0.00825845657485
1487 0.00280916997573
1486 0.00165525814333
1485 0.00237621276245
1484 0.00840694231885
1489 0.000878277354793
1488 0.00839589885191
797 0.000795843439894
796 0.00213096505297
795 0.00137276203384
794 0.00179929591569
793 0.00276163956665
792 0.00698936911228
791 0.00147568656342
790 0.00349436883289
1719 0.00246148086653
1718 0.00342276691897
799 0.00100673734132
798 0.00114413018976
1270 0.0162485598479
1271 0.00991535217087
1272 0.00129040363575
1139 0.00206343774263
1138 0.00220660041081
1133 0.00157576759176
1132 0.00267494377697
1131 0.00330447109993
1130 0.00375706375432
1137 0.00367098969515
1136 0.037333130556
1135 0.00428828229764
1134 0.00239587232374
1276 0.00152743070329
1277 0.000780640362256
519 0.00211754839128
518 0.00187726210938
1009 0.00360160916044
1008 0.00122855883417
1007 0.000412527649535
1006 0.00321258886026
1005 0.00089433020446
1004 0.0044159813432
515 0.000620176139033
1002 0.000939812005732
517 0.00287576551794
1000 0.00268459179911
623 0.00390168842181
622 0.00155065194174
1225 0.0170334020417
620 0.00118360711306
627 0.00317248358241
626 0.00417979172914
625 0.00160920475224
624 0.00412849096942
629 0.00199290283893
628 0.0177278876387
1229 0.00203592046309
1228 0.00257460401459
1535 0.00257141829381
2 0.0
1286 0.00150017601401
11 0.00281484019572
10 0.00148705530185
13 0.00109454110796
12 0.000472324346405
15 0.000542072990544
14 0.00257142857143
17 0.00196593862591
16 0.00199516377912
19 0.00385338345865
18 0.00210526315789
1534 0.0346092235656
201 0.00255903011937
200 0.00159404988455
203 0.00133990060535
202 0.00229989120545
205 0.00211284826959
204 0.00114363292368
207 0.000868869300117
206 0.000956360932953
209 0.000683236277634
208 0.000489571674638
1573 0.00270949623203
1572 0.0266882640605
1571 0.0018792243624
1570 0.00589469784718
1577 0.0026719637505
1576 0.00204227989038
1575 0.00542178254385
1574 0.00348330728693
1829 0.00779755015432
1828 0.00339086251785
1825 0.0113592082403
1824 0.0101115689628
1827 0.0052915810449
1826 0.00274554541504
1821 0.00521391529818
1820 0.00673220973783
1823 0.00401578813344
1822 0.00366924157303
928 0.00365147208794
929 0.00202886584622
920 0.00413182449216
921 0.011939065722
922 0.00501860905386
923 0.00403134305189
924 0.00359729725256
925 0.0042521111714
926 0.00325830991285
927 0.00221786551697
1920 0.0
1921 0.0
1922 0.0
1923 0.0
1924 0.0
1925 0.0
1926 0.0
1927 0.0
1928 0.0
1929 0.0
832 0.00164475967437
833 0.0086216435383
830 0.00390143494512
831 0.00271393980668
836 0.00583203120463
837 0.00276307210764
834 0.00127729928654
835 0.00463056276677
838 0.00532628609412
839 0.00050373002598
3 0.00168918918919
1986 0.0
1987 0.0
1532 0.00834563803758
784 0.00904010673851
785 0.00214456529732
786 0.00301714716536
787 0.00348330419697
780 0.000947532403724
781 0.00239467428311
782 0.00250798009267
783 0.00375508624063
1726 0.00409331914773
1727 0.00142468379151
1724 0.00152608500308
1725 0.00608613471992
788 0.00507349166454
789 0.00394455730286
1720 0.00328788826745
1721 0.00150333562221
60 0.00137171449536
61 0.000594328444364
62 0.00385389059073
63 0.000615796637916
64 0.00120814771199
65 0.000877060698796
66 0.000565038227883
67 0.00167809483314
68 0.00317353626117
69 0.00450085721051
1371 0.003546826673
1588 0.00494407063377
1589 0.00286662283291
1370 0.0057901561655
1582 0.00546864610395
1583 0.00265160385314
1580 0.0040894367839
1581 0.00240581280056
1586 0.00103928343131
1373 0.0051283599147
1584 0.00263286982503
1585 0.00193878059579
1038 0.00476062173995
404 0.00148952345735
508 0.00171604339474
509 0.00297787995081
1032 0.00190001596884
507 0.00943782611715
1030 0.00520346413781
505 0.00106456535936
502 0.001672707696
503 0.00127650017816
500 0.00139755215913
402 0.00314999642614
1212 0.00164678183348
1213 0.00691854133873
632 0.00132651056565
633 0.00283448575031
1216 0.00851524754569
401 0.00185642426104
636 0.00150793998542
637 0.000478905740717
638 0.000773674393718
639 0.0016935673013
1218 0.0069000497766
1376 0.00306817471415
465 0.0020446712095
1728 0.00314870009674
1729 0.0105916437878
1106 0.00242873192797
1107 0.00337896804797
1104 0.00441426103123
1105 0.00212933599172
1102 0.00435362977961
1103 0.00131176630312
1100 0.00360775363257
1101 0.0179087515382
1458 0.00207853583019
1459 0.00323435421359
1108 0.0201241784398
1109 0.00244084584692
1722 0.00266175770621
1723 0.00599920075791
1897 0.0208943452381
216 0.000770825466795
217 0.00139024051942
214 0.000805003315511
215 0.000716915612205
212 0.000497282887377
213 0.000739407584783
210 0.00144403006839
211 0.000856849568515
1530 0.0011782580944
218 0.00225525322919
219 0.00157311574557
4 0.000168918918919
1858 0.0113390703148
1859 0.00523804660753
1850 0.012580749354
1851 0.0079275143875
1852 0.00526718021735
1853 0.00710093477951
1854 0.0110212843701
1855 0.00934433337898
1856 0.0100374006545
1857 0.00684618104668
919 0.00452675675627
918 0.00264456109863
915 0.00182111090209
914 0.00187490725066
917 0.00240808644578
916 0.0020810415843
911 0.00330533384964
910 0.00842971163585
913 0.00544528958557
912 0.00132055600515
1933 0.0
1932 0.0
1931 0.0
1930 0.0
1937 0.0
1936 0.0
1935 0.0
1934 0.0
1939 0.0
1938 0.0
847 0.00291359369493
846 0.00681170566113
845 0.000974488000347
844 0.0032564680206
843 0.00137319156321
842 0.00362043203193
841 0.000717932757972
840 0.00176754849205
849 0.00236864926672
848 0.00166859953872
663 0.00187222893807
1587 0.00300743103584
1739 0.00167297425478
1738 0.0070503125033
1731 0.00528990072564
1730 0.012764055229
1733 0.00935077709232
1732 0.00552900329469
1735 0.00289533046103
1734 0.00538026124275
1737 0.00272335130159
1736 0.0319691768963
1039 0.00284670555401
753 0.00252053135994
752 0.00178477515639
751 0.00484324900734
750 0.00105058826844
757 0.00098878494706
756 0.00566383065217
755 0.003305036282
754 0.0011877123321
759 0.00258597688494
758 0.00141026812526
1595 0.00111856205748
506 0.00164104184731
1597 0.00546534501006
1596 0.0134292536941
1591 0.00468160615107
1590 0.00417776109449
1593 0.00434177438869
1033 0.00941394437444
1599 0.0039283455952
504 0.00126783944998
1025 0.00224007200176
1024 0.00200939613136
1027 0.00259666314911
1026 0.00246511509037
1021 0.00199466739389
1020 0.00168799424314
1023 0.00657579983935
1022 0.00287858895873
1036 0.00206464339858
1029 0.0011599936601
1028 0.00192458521379
1037 0.00193558327013
1034 0.00141903876752
501 0.00204334050852
605 0.0108195752539
604 0.00123931529088
607 0.00158366588327
606 0.00459917237971
601 0.00187878434703
600 0.0024286994596
603 0.00223861152609
602 0.00342205295688
1205 0.00388380599103
1204 0.00197708173062
1207 0.00144707881991
1206 0.00187618150699
609 0.0025372278313
1200 0.00592300244017
1203 0.00491356972195
1202 0.00186583031133
1211 0.00244090693832
634 0.00179337900074
635 0.00108306620773
1214 0.00133656561028
1215 0.00420170719131
1111 0.00222339858935
1110 0.00212001769292
1113 0.00365868872635
1112 0.00155675505278
1115 0.00463602232884
1114 0.00148520182323
1117 0.00186052327743
464 0.0013424049012
1119 0.00247890283446
1118 0.0201685000748
467 0.00400471553218
1449 0.00142878282666
1448 0.00490626891172
1219 0.0168234574841
1357 0.00664482662369
460 0.00580528271963
1355 0.00460726672245
489 0.0023290212113
488 0.00119679721959
487 0.00157786885057
486 0.00367497865967
485 0.000645404457431
484 0.000637105494372
483 0.00187157382549
482 0.00111793769061
481 0.00115435256418
480 0.00339038873482
199 0.00303245920387
198 0.00106820443801
195 0.00204149020515
194 0.000936475735783
197 0.00259972036705
196 0.00120861623807
191 0.00312084736112
190 0.00115761011905
193 0.00144489058653
192 0.00146696782375
1454 0.00511803615298
1455 0.00766515843804
1456 0.00617069841349
1457 0.000521872751334
1450 0.0030443176795
1451 0.0104041514505
1452 0.0036649591561
1453 0.00972130725393
1949 0.0
2007 0.0
902 0.00673529353085
903 0.00183190639182
900 0.00749512963777
901 0.00197233291091
906 0.00333288695822
907 0.00139849409903
904 0.00666275812226
905 0.00224049393162
1843 0.00512268318448
1511 0.00313910971999
908 0.00791981679534
909 0.00198973299511
1847 0.00971978460311
1846 0.00605068763617
1845 0.00735543508479
1844 0.00699319547543
1947 0.0
1908 0.0
1909 0.0
1906 0.0
1907 0.0
1904 0.00963768115942
1905 0.0
1902 0.00872537508154
1903 0.00486946003925
1900 0.00582552778705
1901 0.00630271286597
854 0.00112798245196
855 0.00215568021663
856 0.00218280257053
857 0.0040942423766
850 0.00199443958244
851 0.00142876160342
852 0.00649096748715
819 0.00355309384505
858 0.00410067633258
859 0.00141020243095
6 0.00136976066328
740 0.00135951932595
741 0.00373031469359
742 0.00370774469472
743 0.00198208521903
744 0.00148171595481
745 0.00109123078706
746 0.00129223399739
747 0.00368017405146
748 0.00319709419241
749 0.00783784222485
1798 0.00194189463795
1050 0.000622029441567
1051 0.00533841029528
1052 0.00352171051908
1053 0.00331650574766
1054 0.00499571238257
1055 0.000849204925376
1056 0.00804151014029
1057 0.00464321746798
1058 0.00104515988125
1059 0.00375347017329
1696 0.00586500114213
1697 0.0017727309682
1694 0.00617141475694
1695 0.00567774830288
1692 0.00685550061668
1693 0.00190442811479
1690 0.00286039642581
1691 0.00989747441315
1791 0.00127231296109
1698 0.00783734132884
1699 0.00613526956225
1278 0.00108197230733
1279 0.00122848148663
618 0.00133010251059
619 0.0026881565867
612 0.00177537166891
613 0.00172326053937
610 0.00362048082407
611 0.00161183815871
616 0.00127880588535
617 0.00391389317969
614 0.00192599403175
615 0.0045489620132
1795 0.00672318596536
1794 0.00551847732048
1491 0.00165734777315
1472 0.00232315153344
1473 0.00228626138372
1470 0.00294991649631
1471 0.0176156213143
1476 0.00720916928329
1477 0.00759561711632
1474 0.00723558543092
1475 0.00257103353754
1478 0.0140222762745
1479 0.0082295046953
1304 0.0060305204739
1305 0.00425496664003
1306 0.0114773574868
1307 0.00402538114636
1300 0.00323784160757
1301 0.00335292664076
1302 0.00361223635286
1303 0.00367660707045
1497 0.00353181135763
1308 0.00122977127666
1309 0.00401901008729
498 0.00154034273021
499 0.00090815930913
494 0.00119271320393
495 0.00198863485577
496 0.00194790852424
497 0.00265007401232
490 0.000669728047661
491 0.00250991534189
492 0.0011408827408
493 0.000748573131035
24 0.000191115255047
25 0.00253611345064
26 0.000393077191351
27 0.00107499752071
20 0.00179224514241
21 0.00175477198455
22 0.001103895391
23 0.000876322971884
28 0.0027771743167
29 0.00049552643343
1703 0.00227110926931
1875 0.0101021684737
1709 0.00594967707003
7 0.00104986030518
1879 0.0056507982866
972 0.00222270817461
1087 0.00232781051444
1086 0.0025490642052
1085 0.00154222330359
1876 0.0098556763285
1877 0.00372233263191
1874 0.00221933208635
1084 0.00162059129204
1872 0.00284126334658
1873 0.0369359387591
1870 0.00254950169511
1871 0.00403298889781
1083 0.00568677817418
1878 0.00420821501383
1082 0.0133989482402
977 0.000784944123943
976 0.00058475696677
975 0.0067796209363
974 0.00205535475284
973 0.00141068134132
1081 0.00443549702378
971 0.0128469793995
970 0.00242242682037
1080 0.00103103076431
979 0.00122482210384
978 0.000574579159971
182 0.00314672806043
183 0.00132869628083
180 0.00224850868478
181 0.0010174876514
186 0.00187751771008
187 0.00289153917695
184 0.00178072276687
185 0.00156967341548
188 0.00150148049611
189 0.00132730937737
1559 0.00359322025014
1919 0.0
1918 0.0
1464 0.00346205984976
1911 0.0
1910 0.0
1913 0.0
1912 0.0
1915 0.0
1914 0.0
1917 0.0
1916 0.0
869 0.00225467648152
868 0.00181150507047
861 0.0341426620567
860 0.002694218444
863 0.00407934420903
862 0.0031197970713
865 0.0037719098867
864 0.00257585235653
867 0.00213833797576
866 0.00185269854427
883 0.0174173055822
882 0.00130539093499
881 0.00142302073562
880 0.0017940853353
887 0.00218624720988
886 0.00189542116419
885 0.00231404535886
884 0.00194169831997
889 0.00217413439469
888 0.00144580200573
775 0.00315934137241
774 0.00109282548452
777 0.00210122289778
776 0.0058946064539
771 0.00281501632473
770 0.00394687723193
773 0.00219417915028
772 0.00155003620076
779 0.00238059914215
778 0.00415604005174
77 0.00054000315256
76 0.0033821034521
75 0.00137721930889
74 0.00117069323599
73 0.00161414085862
72 0.00123065547725
71 0.000544633265195
70 0.00203137206589
79 0.00288657523581
78 0.000961330871559
1043 0.00939987441699
1042 0.00283139338923
1041 0.00630986116645
1040 0.00117991474591
1047 0.00262780775083
1046 0.00256657744894
1045 0.00105622141879
1044 0.00325102678881
1049 0.00249646063951
1048 0.0013311021745
1681 0.010497502722
1680 0.00218772729716
1683 0.00519252488876
1682 0.00279166144275
1685 0.00132102801652
1684 0.00353332009913
1687 0.00455603608996
1686 0.0131734207
1689 0.00739007072115
1688 0.00285254273768
1269 0.0030265389344
1268 0.0073646361903
669 0.000859138844016
668 0.00124310411148
667 0.000854320503744
1262 0.00339745018483
665 0.00344620452006
664 0.00160195585739
1267 0.00248298991373
662 0.00195088359262
1265 0.0476488298012
1264 0.00415144193205
1469 0.00790928954561
1468 0.00220073905425
1465 0.0131370454222
1018 0.00274828875222
1467 0.00261336894101
1466 0.0177118450909
1461 0.00682069768073
1460 0.0162627122349
1463 0.00272037438055
1019 0.000536685606813
1317 0.0015149477445
1316 0.0113447699113
1315 0.0007659999084
1314 0.0034101943645
1313 0.016273488249
1312 0.00356799421838
1311 0.00518555492212
1310 0.000306239454263
1319 0.0103823742277
1318 0.00184807523113
1010 0.00192328831611
1011 0.00167972625231
319 0.000213873973326
318 0.00173473181347
313 0.000390783836051
312 0.00172652344007
311 0.000383748110329
310 0.00153361469936
317 0.00133627863498
316 0.00114943020303
315 0.000732629480821
314 0.00113440134503
1520 0.00200418644578
1335 0.00171534666428
1334 0.00258173244932
1337 0.00257074278572
1336 0.00258282662057
1331 0.00760559904602
1330 0.0146798503455
1333 0.00111308523223
1332 0.00159342923773
630 0.00156104598898
631 0.00262854033153
1521 0.00554368405511
1861 0.00379407596372
1860 0.00616489361702
1863 0.00696461609621
1862 0.003699669967
1865 0.00476895510077
1864 0.00516650654284
1867 0.00297846767594
1866 0.0118099876911
1869 0.00791666666667
1868 0.0157443138257
964 0.00284828095784
965 0.00271538910263
966 0.00329219220752
967 0.00190932188864
960 0.00291854376649
961 0.00315076648001
962 0.00446557385358
963 0.00238857007354
968 0.00603163862321
969 0.0020163536528
1560 0.0102931398679
1241 0.00109828570048
878 0.00277689730139
1240 0.00282777876009
876 0.00265571290936
877 0.00206410060204
874 0.0126784959934
875 0.00172035464266
872 0.00268397051902
1243 0.00122986569763
870 0.00199708301972
871 0.0017196134778
1242 0.00110529980734
9 0.00149463804777
1245 0.00175523899225
1244 0.0206751689084
890 0.00800765600947
891 0.00154411697547
892 0.00105288439903
893 0.00186020848588
894 0.00174072678827
1247 0.00362620330772
896 0.00321188240585
897 0.00201299607844
898 0.00165002253662
899 0.00278838240405
646 0.000985313387091
1249 0.00182624586418
648 0.00210770957332
1537 0.0147337170502
1964 0.0
1965 0.0
1966 0.0
1788 0.00285486104359
1789 0.00293566362715
768 0.00170135800272
769 0.00253528214728
762 0.000916178447074
763 0.00140270753103
760 0.00128836268255
761 0.00183933884434
766 0.00276924165925
767 0.00170737691504
764 0.000954813719336
765 0.00143792114821
1962 0.0
1963 0.0
1078 0.00363718644338
1079 0.001066988175
1076 0.00296112838794
1077 0.00153635585241
1074 0.0040343289996
1075 0.00262152516248
1072 0.00931782244144
1073 0.00428330468567
1070 0.00249686112088
1071 0.00420936481029
1678 0.00314126785571
1561 0.00249686565599
1674 0.00323898559138
1675 0.0143325202847
1676 0.00363817911457
1677 0.0123026043345
1670 0.00524948825667
1671 0.0032209666327
1672 0.00274047212328
1673 0.00885758372606
1094 0.00296729723459
1095 0.00397638979993
1096 0.00154391795601
1097 0.00105758730459
678 0.00471341146337
1091 0.00759737791724
1092 0.0043393937152
1093 0.0027602145896
674 0.000907512577486
675 0.00120435582508
676 0.00112673084144
677 0.000478384779078
1098 0.00530908003757
1099 0.00176116132866
672 0.00378544407185
673 0.000814060212233
1997 0.0
1533 0.00951605007658
1418 0.00276573865895
1419 0.0750334741697
1410 0.00141031208806
1411 0.00240980300387
1412 0.00232557840726
1413 0.0018335244193
1414 0.00428052756187
1415 0.00827933061164
1416 0.00298414218141
1417 0.0026503178629
1322 0.00278608351464
1323 0.0028972834847
1320 0.00332456675472
1321 0.0112760309927
1326 0.0134024928447
1327 0.00482631208542
1324 0.00339260900502
1325 0.0140333355096
1328 0.00605285918053
1329 0.00534978478334
5 0.00023743872549
1531 0.00138639932038
1256 0.00158338400647
1257 0.00260201638034
1254 0.00367629860572
1255 0.00129910509975
1252 0.00111559170988
1253 0.00223106271391
1250 0.0426849483745
1251 0.00136352486165
1528 0.00843007410558
1529 0.00709268865204
1258 0.00418106903595
1259 0.0027039111735
308 0.00160036424963
309 0.000934238856144
300 0.00690738012832
301 0.00151504539044
302 0.00276090481929
303 0.00135958054548
304 0.00120414112032
305 0.000467502093687
306 0.000456813095862
307 0.0026495508093
1792 0.000928548622514
1898 0.038293182176
1899 0.00863796074476
1894 0.0145133724723
1895 0.0196878669276
1896 0.00531266422272
1443 0.00202356022231
1890 0.0149083400483
1891 0.00556295259277
1892 0.0182385982562
1893 0.00537306912358
959 0.00374782025849
958 0.00406056911935
951 0.00333758630755
950 0.00296800858539
953 0.00209813811042
952 0.00222565581887
955 0.00289441097252
954 0.00409222137639
957 0.00277594226381
956 0.00285833126984
1442 0.00326999426562
2002 0.0
2003 0.0
2000 0.0
2001 0.0
2006 0.0
1440 0.0018123995522
2004 0.0
2005 0.0
2008 0.0
2009 0.0
1790 0.0104054955315
1263 0.00758726632049
666 0.00230152577205
1261 0.0137852732627
1799 0.00100720949958
1260 0.00308566531982
719 0.00126545475649
718 0.00339741110669
717 0.00110706623698
716 0.0025295140215
715 0.00924760007209
714 0.00121234342074
713 0.00176427818224
712 0.00193226441572
711 0.00135644868607
710 0.000982147844709
661 0.00165262274229
660 0.00481443470871
1069 0.00328626956559
1068 0.00309975918769
1061 0.00374969584727
1060 0.0184796424933
1063 0.00320789334289
1062 0.00167719752161
1065 0.00124147270803
1064 0.0220476959928
1067 0.00177360839782
1066 0.00152320629669
1669 0.007504444117
1668 0.00645202721818
1667 0.0022456674343
1666 0.00542582342502
1665 0.0115314723312
1664 0.00631942964777
1663 0.00311074878388
1662 0.00315228242954
1661 0.00698846102167
1660 0.0142750615805
591 0.00170352097966
590 0.00214653437619
593 0.00103457892059
592 0.00243269598895
595 0.00268535426037
594 0.00264378704569
597 0.00186935699666
596 0.0024444681179
599 0.00304051392965
598 0.00181302512806
1089 0.00522036536463
1088 0.00177375976865
1409 0.00169743509443
1408 0.00180369513895
1403 0.00238434296492
1402 0.00214189479982
1401 0.0135780893531
1400 0.00209478872269
1407 0.00528264145272
1406 0.00143961047262
1405 0.00131890749527
1404 0.00211406098337
1546 0.00151270466484
449 0.00118377999623
448 0.000854413461306
1339 0.00282451181856
1338 0.00276742288004
1547 0.00588922220198
443 0.00157349857469
442 0.00152557469299
441 0.000823497362392
440 0.00153965017517
447 0.00243236085539
446 0.00146854520161
445 0.000877505717795
444 0.00741013260047
1545 0.00304483958071
1542 0.00462945703748
1543 0.00326446037971
39 0.00173788716516
38 0.00172567501342
1540 0.00564089074735
33 0.00179628874669
32 0.000539752426585
31 0.00210690666253
30 0.0016368286445
37 0.000996773092754
36 0.00196178044397
35 0.000817037020932
34 0.000794499041952
641 0.00175580421432
640 0.00139843215764
643 0.000825618673438
642 0.00102688929579
645 0.00942862925003
644 0.00164402347708
647 0.00267914674721
1246 0.00588219930896
649 0.00110861546653
1248 0.00536286101513
1539 0.00809636157242
1538 0.00537306243708
339 0.00189302275133
338 0.00137034599659
335 0.00233117382457
334 0.000804723776426
337 0.00128411364378
336 0.00172394605206
331 0.00171404646171
330 0.00126038614988
333 0.000674842134366
332 0.00183642826032
8 0.000834370843559
1462 0.00155815697776
1350 0.0113272890508
1889 0.00643275333081
1888 0.0194629014396
1887 0.00454847063144
1886 0.0217621822891
1885 0.00391835016835
1884 0.00338719766472
1883 0.0256455399061
1882 0.0172237270376
1881 0.00668266265803
1880 0.00348623853211
948 0.00246883020398
949 0.00199484194031
946 0.00158537143561
947 0.00350744594023
944 0.00288044918333
945 0.00136017747934
942 0.00237845262664
943 0.00359716214648
940 0.00222511783593
941 0.00184853459254
133 0.00160011071135
132 0.000700769171123
131 0.00139415981076
130 0.00062856211227
137 0.0019678377459
136 0.00231249476194
135 0.00307156218143
134 0.000649103600582
139 0.000653984738979
138 0.00140309632732
1354 0.00353995098242
2011 0.0
2010 0.0
1793 0.00624689040058
708 0.00139728100816
709 0.00292517763678
704 0.00734199968869
705 0.00106467738727
706 0.00204448257285
707 0.00261217845553
700 0.00069501978569
701 0.000806129887985
702 0.00128679284502
703 0.0081763816234
88 0.00104014536569
89 0.00092587460522
82 0.00127182963899
83 0.00114670395773
80 0.000949332241933
81 0.00199959569615
86 0.00169540709744
87 0.00226969223669
84 0.00133852835639
85 0.00105870876744
1658 0.00409686153982
1659 0.00468833224653
1652 0.00129149387859
410 0.00312254368809
1650 0.00451188591919
1651 0.00482364883766
1656 0.00295002651668
1657 0.0100018085311
1654 0.00193328798524
1389 0.00457539417608
586 0.00148751610249
587 0.00414309909216
584 0.00501431017275
585 0.00320483283284
582 0.00597199606249
583 0.00118658531438
580 0.00234613798995
581 0.00123172858934
1984 0.0
588 0.00163509774539
589 0.00197734749316
1985 0.0
1982 0.0
1983 0.0
1436 0.0078897645736
1437 0.00315137609357
1434 0.00398384164877
1435 0.00219149076699
1432 0.00181055601397
1433 0.00365367001935
1430 0.00242799122859
1431 0.0037501471872
418 0.00198315676171
1981 0.0
1438 0.00168241779311
1381 0.00470018534056
1349 0.00319635605611
1541 0.00372333178403
1348 0.00171017668363
459 0.00657985802887
450 0.00085301329269
451 0.00153602653116
452 0.00152581026174
453 0.000662757528484
1344 0.00180177121835
1345 0.00799695588768
456 0.00651149627031
457 0.00147858933608
1266 0.0081072538541
656 0.00298584352413
657 0.00258914211481
654 0.00251194881212
655 0.00120393837729
652 0.00161333955879
653 0.00381234609234
650 0.000988895311989
651 0.000893288473971
1508 0.00533323650462
1509 0.00271731420959
658 0.00162955837595
516 0.00137339582095
1992 0.0
322 0.000279840427437
323 0.00221797373648
320 0.0003688267268
321 0.00135341052402
326 0.00219271638155
327 0.000886394486314
324 0.00236239661543
325 0.00148834841497
328 0.00125370192521
329 0.0009560301105
1340 0.0042356523301
1594 0.00319942976892
1341 0.00244698775186
1995 0.0
1592 0.00186536470002
1598 0.0067922721211
995 0.000981660330657
994 0.0216138614137
997 0.00352174028993
996 0.00146941813762
991 0.000812403281954
990 0.00173983804995
993 0.0010920138166
992 0.00258273350565
999 0.00299476929526
998 0.00313534014119
120 0.00104267089671
121 0.00150445970267
122 0.00391971465902
123 0.00119491713207
124 0.00103210722823
125 0.00157774619622
126 0.00092681758463
127 0.00111431863031
128 0.00402878114495
129 0.00117855804321
1748 0.0293813736214
1749 0.00700183628594
1645 0.00357523517753
1644 0.00354882478226
1647 0.00175120484458
1646 0.030384610786
1641 0.00352640037707
1640 0.0282431563551
1643 0.00418790588038
1642 0.00329847747811
1649 0.00653622854679
1648 0.00301907893326
1742 0.00522859438847
1743 0.00736893137207
579 0.00387241276745
578 0.00249226403017
573 0.00476103808027
572 0.00177982324591
571 0.00286250153733
570 0.00220784874854
577 0.00118754644891
576 0.00173981152419
575 0.00208311535468
574 0.00296047506766
1209 0.00389933123405
1208 0.00413558082696
1421 0.00181564688723
1420 0.00401225616926
1423 0.00397084633664
1422 0.0029800146677
1425 0.00433705236822
1424 0.00252947118341
1427 0.00343247105185
1426 0.00277265616163
1429 0.00841823375337
1428 0.00269751741951
731 0.00738858507996
730 0.00409022025504
733 0.0023103780899
732 0.00207061882196
735 0.00351305692369
734 0.00244896738133
737 0.00297232857481
736 0.00486948472505
739 0.00325035627818
738 0.00224029135778
1359 0.003843250792
1358 0.00265934800146
469 0.00280739306674
468 0.00100323721246
1353 0.00660424466726
1352 0.00561893657865
1351 0.0024600201423
466 0.000517926321386
461 0.00332975175137
1356 0.0055052540137
463 0.00205194007027
462 0.000918337724068
1273 0.0115904015015
1519 0.015379252389
1518 0.00415820200855
1515 0.000947106160784
1514 0.00784496647203
1517 0.00488567562571
1516 0.00673703277638
1274 0.0104933938831
1510 0.0398012965091
1513 0.00298504237448
1512 0.00293088307744
1275 0.00337881422802
357 0.0027051930267
356 0.00172196908563
355 0.0149422909889
354 0.000857871983449
353 0.00243084444748
352 0.00127322661509
351 0.00171223572586
350 0.0015620318826
359 0.00190983092397
358 0.00191305666642
1447 0.00349346011081
1446 0.00303553815196
1445 0.00358252940207
289 0.00310384655972
288 0.00138827327748
1444 0.00325998097215
281 0.00127583168324
280 0.00112777777463
283 0.0308193157449
282 0.000967132409432
285 0.00191379098039
284 0.000767586037696
287 0.00125663974379
286 0.000990646500464
1441 0.00218460763715
1116 0.00178898029044
263 0.00130339413534
262 0.0016853809478
261 0.000358290388503
260 0.00136422973443
267 0.000906606115275
266 0.000623325837999
265 0.00146876631084
264 0.000817454612517
1031 0.00419947231688
269 0.00118153175405
268 0.00145134871279
1562 0.0220111849469
1563 0.00534388667176
1980 0.0
1564 0.00463605466775
1565 0.0101635573739
1566 0.00430046179332
1567 0.00259704994356
988 0.00545799070989
989 0.00710259059233
982 0.00560720352438
983 0.00126634528247
980 0.00143791267777
981 0.00148486255512
986 0.00199792079433
987 0.000701706029028
984 0.000768212167897
985 0.00458913449404
115 0.00109111177618
114 0.000839184531894
117 0.000928824742217
116 0.000635949053119
111 0.000482734090867
110 0.00113063918722
113 0.00292287492544
112 0.000622536854636
119 0.00415296999234
118 0.000600308148904
1797 0.00692559074912
1796 0.00378146000021
1035 0.00335260206963
1630 0.00219072615223
1631 0.0188480312448
1632 0.00303708802321
1633 0.00452341621173
1634 0.00682688575085
1635 0.00260128570804
1636 0.00450706109679
1637 0.00192236864794
1638 0.00255127033133
1639 0.0147126665602
1988 0.0
1989 0.0
568 0.00230290561069
569 0.00313830819466
560 0.000888133458786
561 0.00537247887568
562 0.00146900662558
563 0.00182791592553
564 0.00115558042027
565 0.00171230652099
566 0.00984987031725
567 0.00117290140265
1188 0.00137352294956
1189 0.00216005821726
1186 0.00944484890725
1187 0.000951420363805
1184 0.00229559806498
1185 0.00948740252775
1182 0.00102705367081
1183 0.00512373554089
1180 0.00190126504855
1181 0.0025095894037
726 0.00659263071193
727 0.00347726862324
724 0.00276353444218
725 0.00256153563508
722 0.00518531680483
723 0.00632015745831
720 0.00135430054368
721 0.00168670719336
1744 0.00420509631053
1745 0.00345243814642
1746 0.00781936568868
1747 0.00327040190942
1740 0.00226768554162
1741 0.0221624423834
728 0.00680339299698
729 0.00164151521682
1164 0.0129502598251
1165 0.0116382385439
1166 0.00259549006481
1167 0.00499586949897
1160 0.0157735850611
1161 0.0234479960174
1162 0.00651731944633
1163 0.00214401248659
1168 0.00157747271272
1169 0.00769272239873
1366 0.00228369873711
48 0.000842063439003
49 0.000640397395604
46 0.0017507550349
47 0.00515085834176
44 0.00109446261036
45 0.00072050253965
42 0.000539256715461
43 0.0011435353093
40 0.00163106320494
41 0.000861981052659
1568 0.00235524970698
1569 0.00304067647864
1298 0.00415228910422
1299 0.00358851051415
1292 0.00768801102022
1293 0.00613627114225
1290 0.0232880368111
1291 0.00101165303944
1296 0.00534932089621
1297 0.00338304213754
1294 0.00404600167277
1295 0.00399392594289
1713 0.0033685349043
1360 0.0122255172783
1712 0.00549077344246
1361 0.00480457748047
1711 0.00551010014051
1710 0.00421545432732
1717 0.00618717641349
1716 0.00566272198945
1715 0.0043281330649
1201 0.00872529915345
1714 0.00716383091732
472 0.00110976757949
473 0.00154833024621
470 0.00103999934522
471 0.000805376132376
476 0.000828645259631
477 0.0014780508812
474 0.0011548135442
475 0.00101955489861
478 0.00602841741465
479 0.000981493930217
1368 0.00748493338207
1369 0.00277650985406
