1 0.0465498483831
0 0.0488094949152
3 0.0465444614174
2 0.0465444614174
24 0.0512108788103
25 0.0538319458201
26 0.048709005474
27 0.0538132191598
20 0.0538290639471
21 0.0487066459988
22 0.0511483582165
23 0.0511392533822
28 0.0487184456611
29 0.0537815575524
4 0.0444822933487
8 0.048769249424
59 0.0538420348059
58 0.0538478016387
55 0.0538478016387
54 0.0512304478524
57 0.0538478016387
56 0.0538233011268
51 0.0538261823827
50 0.0538117791871
53 0.0511887186275
52 0.0511952343372
88 0.0566319346663
89 0.0538564542046
82 0.0566734302784
83 0.056615990991
80 0.056638314651
81 0.05666863922
86 0.0566271506209
87 0.0597356304768
84 0.056638314651
85 0.05666863922
7 0.048753878976
108 0.0596311232357
109 0.0587101859691
102 0.0597090261283
103 0.0595587146453
100 0.0566574632332
101 0.0566766247675
106 0.0597001632774
107 0.0565936849215
104 0.0597001632774
105 0.0566814171764
39 0.0537901888407
38 0.0538391518526
33 0.05384924354
32 0.051231752987
31 0.0511210534343
30 0.0511184544992
37 0.0511809019648
36 0.0538478016387
35 0.0512265328476
34 0.0512239231769
60 0.0512265328476
61 0.0538463598147
62 0.0539055379832
63 0.0511952343372
64 0.0565984633137
65 0.0566128033331
66 0.0537901888407
67 0.0512526441879
68 0.0597533798841
69 0.0597480539545
6 0.0487739807426
99 0.0566798196167
98 0.0597107990142
91 0.0566207731509
90 0.056649483084
93 0.0565984633137
92 0.0566000562905
95 0.0566048357587
94 0.0566255561187
97 0.0566606559225
96 0.05666863922
11 0.0538463598147
10 0.0488462472674
13 0.0487727978269
12 0.0465207735727
15 0.0487657015374
14 0.0465057120392
17 0.0538233011268
16 0.048723167127
19 0.0465595480645
18 0.0465100143392
48 0.0512369741904
49 0.0512108788103
46 0.0538218606145
47 0.0512134871521
44 0.053803140969
45 0.0512278377828
42 0.0512160957596
43 0.0538117791871
40 0.0538117791871
41 0.0512239231769
9 0.0538132191598
77 0.0566446960735
76 0.0566718331689
75 0.0538319458201
74 0.056662252402
73 0.0538333868723
72 0.0566750274779
71 0.0566606559225
70 0.0512644029775
79 0.0566526748739
78 0.0566399098718
165 0.0595816544205
133 0.0565698050578
132 0.0596205158613
131 0.0565825384767
130 0.0566000562905
137 0.0593688188233
136 0.0594513096435
135 0.0594794439515
129 0.056643100583
139 0.0586810621535
138 0.0565682137834
160 0.059484722099
163 0.0595834197505
120 0.0566048357587
121 0.056651078934
122 0.0594741667406
123 0.0596205158613
124 0.0566446960735
125 0.0565857227271
126 0.0596187483324
127 0.0565984633137
128 0.056615990991
167 0.0595428436075
201 0.0629756051733
199 0.0663105483563
198 0.0627496255617
200 0.0627222256877
195 0.0629598321906
194 0.0627124458166
197 0.0662865053728
134 0.0565873149868
191 0.0663149216818
190 0.0626792170552
193 0.062708534722
192 0.0627007139962
115 0.0566478873239
116 0.0596028452875
111 0.0566558670235
110 0.0596541188336
113 0.0595023226914
112 0.0565936849215
178 0.0594038933034
162 0.0593951207986
176 0.0594900011833
179 0.0626382183461
177 0.062849642154
175 0.062716357399
174 0.0652625429999
173 0.0617079382614
172 0.0595834197505
171 0.0594144237303
170 0.0594477947263
203 0.0626987591195
145 0.0595551870169
182 0.0662996175656
183 0.0629164971999
180 0.0662886903781
181 0.0618788270408
186 0.0626792170552
187 0.0662537475703
184 0.0662188415819
188 0.0627104902083
189 0.0627007139962
196 0.0627222256877
185 0.0628201924278
168 0.0595728293391
169 0.0595816544205
164 0.0595728293391
166 0.0594179347023
161 0.0596258190767
114 0.0594179347023
117 0.0596205158613
151 0.0565348176886
150 0.0596081453597
153 0.0595869507245
152 0.0566096160342
155 0.0595640068716
154 0.0565936849215
157 0.0566016493569
156 0.0595446066384
159 0.0594302263727
158 0.0593968750923
119 0.0594600987552
118 0.0565745794182
5 0.0464734701424
146 0.0595481330135
147 0.0596258190767
144 0.059526981026
202 0.0662865053728
142 0.0565793545846
143 0.0596116792649
140 0.0596028452875
141 0.0566000562905
148 0.0566048357587
149 0.0565729878752
216 0.0626772635188
217 0.0659149759087
214 0.0629224030038
215 0.0627007139962
212 0.0628457139286
265 0.0686254436254
210 0.0624786404449
211 0.0659171364888
264 0.0685225569034
218 0.0655198253673
219 0.0626343165042
213 0.0628987864381
289 0.0692564658883
221 0.0659149759087
281 0.0692803252145
283 0.0733700609289
220 0.0628575000781
285 0.0681117696867
284 0.0685015498859
287 0.0685365687411
286 0.0697247070245
227 0.0624204612472
260 0.0718984626385
269 0.0686793483829
268 0.0681163838363
258 0.0685575972454
259 0.0649883660807
298 0.0696932940565
299 0.0697488901221
296 0.0696932940565
297 0.0692493112948
294 0.0692373902565
295 0.0697077888315
292 0.0698215401708
293 0.068587994543
290 0.0692755520342
291 0.0685272268793
277 0.0718779040675
204 0.0649484869037
251 0.0659495621946
304 0.0686629336247
256 0.0685318974918
226 0.0625719530788
257 0.0659603778536
254 0.0718984626385
247 0.065938750082
308 0.0680725746395
309 0.0685529231294
255 0.0649107517511
300 0.0721202123081
301 0.0681694915254
302 0.0681972327727
303 0.0686652781097
225 0.0659279415139
305 0.0686043734862
306 0.0685926734429
307 0.0691136543286
245 0.0685015498859
244 0.0648166054277
241 0.0680887083122
240 0.0624146492862
243 0.0680518425772
242 0.0624185238066
248 0.0680725746395
246 0.0624088384073
252 0.07196535929
223 0.062432088417
288 0.0685739616722
272 0.0682134255961
250 0.0649044668216
310 0.0691897471185
271 0.0686113954282
229 0.0624069016882
228 0.0623914122611
224 0.065511287748
222 0.065882584196
282 0.0685763000853
273 0.0681417728382
274 0.0686113954282
253 0.0623836704306
275 0.0686652781097
276 0.0681117696867
278 0.0683269910302
238 0.0624127122063
239 0.0658761096734
279 0.0718316902415
234 0.0682597332066
235 0.0624417810346
236 0.0624010922518
237 0.0648479571765
230 0.0659020154023
231 0.0624495372958
232 0.062422398808
233 0.0624069016882
280 0.0682435183928
205 0.0659950118141
207 0.0658243592681
206 0.0624088384073
209 0.0624262742907
208 0.0628516064508
263 0.0686160775215
249 0.0624107752467
262 0.0681510098956
261 0.0685365687411
266 0.0682203677319
270 0.0718933218933
267 0.0681879831819
344 0.0715073071863
346 0.0676694259371
347 0.0676671489619
340 0.0676284638149
341 0.067610274341
342 0.0715149359886
343 0.067589822875
348 0.0677241193507
349 0.0686184188078
339 0.0713956047857
338 0.0714641080313
335 0.0715098499395
334 0.0675807373055
337 0.0676352873911
336 0.0714996800114
331 0.067569383778
330 0.0676352873911
333 0.0676512144251
332 0.0706580935315
345 0.0715709303153
407 0.07457815687
406 0.0789711368545
405 0.075451168724
404 0.0753211730776
403 0.0747806038971
402 0.0746252040968
401 0.0746445937419
400 0.07457815687
409 0.0789587341474
408 0.0753127106584
379 0.0752760621374
378 0.0755787733013
371 0.0714564900686
370 0.0752816980496
373 0.0715862167165
372 0.0752394492667
375 0.0715836685295
374 0.0752169359665
377 0.0714488737298
376 0.0755588953598
393 0.0791669947248
392 0.0753268157471
397 0.0754285285623
396 0.0745726258019
395 0.0755560565074
394 0.0750093248788
399 0.0749199016467
322 0.0682203677319
323 0.0714412590145
320 0.0684968834088
321 0.0676557663841
326 0.0714361834393
327 0.0686512136005
324 0.0714818895958
325 0.0714844305417
328 0.0675603037022
329 0.0675830084689
414 0.0745532735227
415 0.0752535269244
416 0.0745698605755
417 0.0753635137161
410 0.0789711368545
411 0.0747667026062
412 0.0745698605755
413 0.0745670955542
418 0.074858546754
419 0.0745035566094
319 0.0682435183928
318 0.068067966423
313 0.0685225569034
312 0.0680864030336
311 0.0685178875639
317 0.0686981177194
316 0.0675875512536
315 0.0686418404615
314 0.0712236585798
368 0.0753042501404
369 0.0712337501328
366 0.0716397705817
367 0.0753296373989
364 0.0753098902745
365 0.0745366938473
362 0.0752760621374
363 0.0753155312535
360 0.0752394492667
361 0.0752028719943
380 0.0714336459221
381 0.0752816980496
382 0.0753578655475
383 0.0715531044298
384 0.0745947549983
385 0.0790580650234
386 0.079117161067
387 0.0753748125937
388 0.0756015037594
389 0.0752957915231
357 0.068646526711
356 0.0677149976429
355 0.0790487421384
354 0.0686184188078
353 0.0714895129755
352 0.0714336459221
351 0.0676557663841
350 0.0675761954367
359 0.0714361834393
358 0.0714412590145
421 0.0744980366007
420 0.075689713576
422 0.0756783200993
391 0.07499533843
390 0.0754200420042
398 0.075394593784
524 0.0820113372212
525 0.0814005262093
526 0.0817778862185
527 0.0779306335981
520 0.0824991795208
521 0.085534430692
522 0.0821587612861
523 0.0854653633659
449 0.0757381741488
448 0.0787084148728
443 0.0743355635235
442 0.0787299847316
441 0.0753211730776
440 0.0744125809436
447 0.0743878079456
446 0.0757296177744
445 0.0744318602413
444 0.0789060660755
438 0.0753550417806
439 0.078720739059
436 0.0786806995579
437 0.0787299847316
434 0.0787392325764
435 0.075689713576
432 0.0744043214444
433 0.0744070744071
430 0.0786560801033
431 0.0746750835499
498 0.0790642815019
499 0.0782551171297
494 0.0780213385063
495 0.0788503764115
497 0.0777348279861
490 0.0786899358272
491 0.0787114955576
492 0.0746556780636
493 0.0765511990864
519 0.0814038212435
518 0.0826042308482
511 0.0822629469034
510 0.086035766236
513 0.0819011159078
512 0.0825567552034
515 0.0819712224351
514 0.082289876422
517 0.0819177970589
516 0.0826449677393
458 0.074484240157
459 0.0786099601282
450 0.0744153345175
451 0.0747222531862
452 0.0744180882952
453 0.0786683879044
454 0.0782338066524
455 0.0744759647434
456 0.0788874941158
457 0.0782581624314
496 0.0790207866714
508 0.0821486928105
509 0.0820347556498
506 0.0821856226245
507 0.0856181880109
504 0.0777588740237
505 0.0819946179565
502 0.0782125077785
503 0.0782216344471
500 0.0777468491456
501 0.0756840164089
469 0.078720739059
468 0.0756726246472
465 0.0743438077634
464 0.0746612214591
467 0.0785362805592
466 0.0753042501404
461 0.0785945988197
460 0.0743548029283
463 0.0785485508945
462 0.0744897581213
429 0.0753578655475
428 0.0756925624812
423 0.0787176576506
425 0.0751944361352
424 0.0787392325764
427 0.0753691627314
426 0.0743850564084
489 0.0797414647686
488 0.0787114955576
487 0.0747000482894
486 0.078862745098
485 0.0757438794727
484 0.0785516190774
483 0.0747000482894
482 0.075763854877
481 0.0786253274426
480 0.0782338066524
472 0.0747000482894
473 0.0757695640707
470 0.0747250297265
471 0.0786837780734
476 0.0785638942064
477 0.075763854877
474 0.0756783200993
475 0.0746556780636
478 0.0788349210083
479 0.074708373579
591 0.0844283974978
590 0.0844567636807
593 0.0844567636807
592 0.084605999411
595 0.0836626866914
597 0.0844780508297
596 0.0836731297329
599 0.0836139869444
528 0.0817213914174
529 0.0819779055073
601 0.080935324184
559 0.0844390325831
558 0.085128899801
555 0.0851216931217
554 0.0841035506671
557 0.085071280511
556 0.0815424539778
551 0.0816981515336
550 0.0813478419158
553 0.0852877560541
552 0.0813741755351
618 0.0826381754674
619 0.0835063532929
612 0.0844957983193
613 0.0844745022263
610 0.084442578207
611 0.08355145623
616 0.0844496703481
617 0.0835098210207
614 0.0844922482249
615 0.0836418084266
623 0.0845561956019
622 0.0844142215506
629 0.0866810344828
607 0.0845882056028
586 0.0836313732014
587 0.0799221047611
584 0.0836452874137
585 0.0846487351097
582 0.0836209405796
583 0.0837672345566
580 0.083816113033
581 0.0845135532675
588 0.0837986498875
589 0.084435487257
621 0.0873815938125
620 0.08457753291
627 0.0888015543584
626 0.087385390866
625 0.0888211651429
624 0.08457753291
628 0.0918726300882
594 0.0835966079149
598 0.0843292657357
542 0.0806755726722
543 0.0819946179565
540 0.0813313920569
541 0.0821554048533
546 0.0807727838695
547 0.0811672586374
544 0.081489585866
545 0.0859071297364
548 0.0859071297364
549 0.0818344591845
579 0.0834959518372
578 0.080938581663
604 0.0837811940174
573 0.0842797871003
572 0.084350488654
571 0.0817247124802
570 0.0844922482249
577 0.0808897469933
576 0.0809157848147
575 0.0834994187012
574 0.084400050363
630 0.0876940519798
631 0.0887545237885
632 0.087713176604
633 0.0887937124691
635 0.087686404465
636 0.0887036301883
537 0.0844319422286
536 0.0815226203989
535 0.0815292305197
534 0.0820749326586
533 0.0818644412782
532 0.0818111549571
531 0.0815160113498
530 0.0780849576765
539 0.0850676818951
538 0.0846665543954
568 0.0815127072271
569 0.081841119974
560 0.0851252963088
561 0.0847914997681
562 0.0851541327913
563 0.0844709539211
564 0.084368182581
565 0.0828765711931
566 0.0836278953716
567 0.084467405914
605 0.0836975069713
606 0.0827231591937
600 0.0843221938027
603 0.0844142215506
602 0.0836592062568
609 0.0836000831428
608 0.0845348690571
634 0.0887114561736
719 0.0907204402941
718 0.0908228705627
717 0.0907859690307
716 0.0909666621432
715 0.0912431941924
714 0.0870713543471
713 0.0912514747255
712 0.0909707771646
711 0.0909296436969
710 0.0870713543471
736 0.0895967921586
641 0.0881824161368
640 0.0875451656436
643 0.0844532168654
642 0.0825940528996
645 0.0918306771999
644 0.0865169506109
647 0.0871921609435
648 0.087150595883
744 0.0888879066478
745 0.094086273042
748 0.0944397482859
749 0.0965805398137
740 0.0895688580082
741 0.0894971072541
742 0.087931788369
743 0.0887623587571
746 0.0942759364305
747 0.0930630755704
689 0.0909790083243
688 0.085534430692
685 0.0854617313331
684 0.085534430692
687 0.0911935425358
686 0.0830854404231
681 0.0831094763814
680 0.0879856492825
683 0.0816384524824
682 0.0854944307457
708 0.0869884938143
709 0.0907818707114
704 0.0894413805373
705 0.0909502057799
706 0.0870487403688
707 0.0907982662091
700 0.0873322621271
701 0.0909049814664
702 0.0869358464465
703 0.0893023668902
656 0.082611017541
657 0.0872186320857
654 0.0872110672622
655 0.0886723400503
652 0.0835202259324
651 0.0886801605151
658 0.0834924852611
653 0.0871392668342
650 0.0886958055837
659 0.0869621621622
753 0.093054463005
752 0.0940246867402
756 0.0917929523462
669 0.0860799589076
668 0.0874652052888
667 0.0859328262542
666 0.08355145623
665 0.0862017231772
664 0.0835098210207
663 0.0845561956019
662 0.0845704192775
661 0.0872261982216
660 0.0869358464465
692 0.0868757560048
693 0.0906877113867
690 0.0895608800214
691 0.0896367283263
696 0.0907777727622
697 0.0902117351516
694 0.0896806992508
695 0.0869433635971
698 0.0907572885639
699 0.0894413805373
731 0.0889036251105
730 0.087093980078
733 0.0895489157056
732 0.0909008723952
735 0.0891677382166
734 0.0871015246015
637 0.0825499774229
638 0.0837288700142
646 0.0825906608074
649 0.0865616391185
678 0.0879971994924
679 0.0823404168202
674 0.0860431285299
675 0.0858741139295
676 0.0877897585891
677 0.0821621179931
670 0.0874347826087
671 0.089080841639
672 0.0879471704714
673 0.0823404168202
751 0.0918978202257
750 0.0930157261795
757 0.0942582610734
737 0.0895768374165
755 0.0940510709943
754 0.094293618418
759 0.0879471704714
758 0.0886645209647
739 0.0879933490855
738 0.0895529034556
726 0.0890492848603
727 0.0886254462122
724 0.0886098259529
725 0.0909173109092
722 0.0907941667795
723 0.0891637846945
720 0.0870412049861
721 0.0869734452037
728 0.0888996949737
729 0.0888879066478
639 0.0835167573404
810 0.0907900677201
811 0.0947199849277
812 0.0925108105621
813 0.0903535966213
814 0.0911356838575
815 0.0910037107431
816 0.0879741021042
817 0.092642926245
854 0.0893976439209
818 0.0939500116795
856 0.0913343627941
857 0.0923069861379
850 0.0923918037306
851 0.0894294481256
852 0.0925960033152
853 0.0926130606982
858 0.0909954751131
859 0.0922858060667
844 0.0925960033152
819 0.0922773367595
820 0.09224347507
829 0.0915047549711
828 0.0923069861379
827 0.0947914211643
821 0.094377698517
797 0.0904307941362
796 0.0917385155787
795 0.0911232951199
794 0.0926514627966
793 0.0924767773384
792 0.0948629652342
791 0.0921293751145
790 0.0924895368624
799 0.0920408256671
798 0.0885318071759
869 0.0916883235308
868 0.0961097304531
861 0.0994756628413
860 0.096132702328
863 0.094711062968
862 0.0960913608563
865 0.0960959525971
864 0.096155685187
867 0.0960087844935
866 0.0982845413225
809 0.0904389278647
775 0.0902846367963
774 0.0906550060857
777 0.0882249714837
776 0.095999618102
771 0.0907900677201
770 0.0887075430084
773 0.0898570151921
772 0.0882598200571
779 0.0882133614072
778 0.0959904534606
805 0.0933135353348
832 0.0893579204621
833 0.0918180988038
830 0.0927411916621
831 0.0939719626168
836 0.0922561702909
837 0.0920534651652
834 0.0908885474103
835 0.0919818872067
838 0.0928782560502
839 0.0934132292828
784 0.0950153555398
785 0.0924597701149
786 0.0924852832965
787 0.0939763540352
780 0.0922519381623
781 0.0926258578601
782 0.0912390544894
783 0.0924852832965
788 0.0900380568614
789 0.0924767773384
870 0.0915297437531
808 0.0911811380639
803 0.0925960033152
802 0.0910985277463
801 0.0900299950754
800 0.0927155371139
807 0.0933265268238
806 0.0925576471671
804 0.090365776939
768 0.0882404563405
769 0.0907859690307
762 0.0888211651429
763 0.0888329357717
760 0.0917008663931
761 0.0894055928511
766 0.0894732158747
767 0.0917008663931
764 0.0894055928511
765 0.0886449792824
855 0.0923408944807
825 0.091131553904
824 0.0943157302317
847 0.0908392808745
846 0.0926215917465
845 0.0893182322896
826 0.0912307762101
843 0.0894055928511
842 0.0924427691459
841 0.0893539500578
840 0.0931967744925
849 0.0913260672116
848 0.0926258578601
823 0.0904511312014
822 0.0928525256256
914 0.0952719348114
917 0.0952719348114
916 0.0914631373084
902 0.0925363519234
903 0.0958806140936
900 0.0965202783777
901 0.0958531935176
906 0.0892033356991
907 0.095885185715
904 0.0970091654607
905 0.0933785289747
908 0.0970934723832
909 0.0934132292828
948 0.0891875110875
949 0.0951547269802
946 0.0921589294716
947 0.0952945078899
944 0.0934002136454
945 0.0920534651652
942 0.0960500549267
943 0.0921082764622
940 0.0952899924185
941 0.095999618102
939 0.09217160143
938 0.0920492516135
933 0.0925960033152
932 0.0958714721587
931 0.0958166571374
930 0.0925108105621
937 0.0915672525271
936 0.0925746904203
934 0.0924767773384
924 0.0934913993491
883 0.0925576471671
882 0.0915130830489
881 0.0914589776242
880 0.0914049361393
887 0.0951682362406
886 0.0909090909091
885 0.0951907602007
889 0.0914090909091
888 0.0912142241575
928 0.0925320940505
929 0.0958806140936
920 0.096939021451
921 0.0925150664765
922 0.0959400791947
923 0.0922900413034
925 0.0925363519234
926 0.0959538123867
927 0.0913841679542
884 0.091434027462
964 0.0921547062597
965 0.0962661560555
966 0.0923239371958
967 0.0914465008413
960 0.0924640213343
961 0.0963815001198
962 0.095267421479
963 0.0951187210292
968 0.0952583960968
935 0.0958349218452
878 0.0907081641858
879 0.0913468089939
876 0.0913592585862
877 0.0907695779734
874 0.092447018802
875 0.0908926553672
872 0.0933611884865
873 0.091350958481
871 0.0914049361393
890 0.0925619073921
891 0.0913675601999
892 0.0908680131942
893 0.0915214126428
894 0.0907245330687
895 0.0908762257671
896 0.090646833446
897 0.0892350017749
898 0.0914922656961
899 0.0951817493374
919 0.0934653281279
918 0.0915172476563
915 0.0908639074643
911 0.0959629700324
910 0.0965480820011
913 0.0925576471671
912 0.0959675495109
959 0.0959721294264
958 0.0953035401166
951 0.0967012887094
950 0.0960133683457
953 0.0951727401798
952 0.0921462609971
955 0.095308056872
954 0.0968363268647
957 0.0960087844935
956 0.0934045517882
1069 0.0908885474103
1068 0.0948316514194
1061 0.0986364528154
1060 0.098956795591
1063 0.0995101192538
1062 0.0969857728478
1065 0.0948271797048
1064 0.0985349600666
1067 0.094813767091
1066 0.0986074335589
1018 0.094532976073
1014 0.0990396454075
1015 0.0966223033681
1016 0.0947066026184
1017 0.0965944569864
1010 0.0963537923434
1011 0.0963584091998
1012 0.0990494015663
1013 0.0946219357267
1050 0.0990933280773
1051 0.094590780809
1052 0.0963861196319
1053 0.0945996801204
1054 0.0964277151762
1055 0.0991226340694
1056 0.0987769536814
1057 0.09645546549
1058 0.0948853449089
1059 0.0946174837678
1006 0.0890098703138
1009 0.0909419798309
1008 0.0965063825703
1007 0.0923196988477
1005 0.0924087859572
1004 0.0910572786959
1003 0.0945818831719
1002 0.0990933280773
1001 0.0910820236424
1000 0.091020186476
977 0.0923281759332
976 0.0928268094535
975 0.0911232951199
974 0.0923493754592
973 0.0945952302554
972 0.0923875591492
971 0.0911563392412
970 0.095267421479
979 0.0889114864267
978 0.0888525604206
1043 0.0987721021611
1042 0.0945552003009
1041 0.0945196465501
1040 0.0946753919307
1047 0.0946041304041
1046 0.0947289085685
1045 0.0945507546194
1044 0.0945596464005
1049 0.0966362325805
1048 0.0946308409016
1019 0.0950512832632
995 0.0947333710194
994 0.0989129900152
997 0.0946041304041
996 0.0889154176062
991 0.0950288252528
990 0.0889744270419
993 0.0947066026184
992 0.0888800495006
999 0.088982300885
998 0.0910572786959
1030 0.0946041304041
1031 0.094577434981
1036 0.0948227084119
1037 0.0946664783693
1034 0.094711062968
1035 0.0909214214667
969 0.0933655230048
1076 0.0941435326062
1077 0.0904226618705
1074 0.0940422745978
1075 0.0939763540352
1072 0.0941832146871
1073 0.0906877113867
1070 0.0905937471844
1071 0.090761384664
988 0.091131553904
989 0.0909872409737
982 0.0911274243248
983 0.0888407845909
980 0.0909090909091
981 0.0889193491334
986 0.0909090909091
987 0.0884928492849
984 0.0925235794801
985 0.0910737738327
1038 0.0945107622897
1039 0.0908269725848
1032 0.0946887654205
1033 0.0945552003009
1025 0.0909625474941
1024 0.0925960033152
1027 0.0925874769797
1026 0.0925704290186
1021 0.0909584332172
1020 0.0924172794118
1023 0.0946308409016
1022 0.0909748925582
1029 0.0948316514194
1028 0.0991128634795
1128 0.0973661276266
1086 0.0906672678088
1085 0.0940510709943
1084 0.0937529137529
1083 0.0907327197257
1082 0.0940686687249
1081 0.0940290830879
1080 0.0938798375426
1120 0.0931708673091
1121 0.0939500116795
1122 0.0931492889898
1123 0.0929512364225
1124 0.0928696776577
1125 0.0930200286785
1089 0.0940027111672
1088 0.0936350514504
1138 0.0897848022145
1175 0.097484124291
1174 0.0926343912663
1173 0.0925533873343
1172 0.0959721294264
1171 0.0926941691634
1170 0.0925448688449
1139 0.089732720539
1133 0.0928653890556
1132 0.0979112907152
1131 0.0929856198271
1130 0.0931665508455
1137 0.0939324583119
1136 0.0930372426556
1135 0.0928139567084
1134 0.0978969915295
1087 0.0937835190971
1129 0.0976735149837
1148 0.0977162293489
1126 0.0978493577267
1127 0.0975124860593
1142 0.0930071223754
1143 0.093054463005
1140 0.0930759974081
1141 0.0897687706455
1146 0.0942185157421
1147 0.0941435326062
1144 0.0941920374707
1145 0.0897567507253
1149 0.0930458520335
1164 0.0927283626135
1106 0.0939587908237
1107 0.0939061405557
1104 0.0895568915609
1105 0.0897527448005
1102 0.0897767857143
1103 0.0938754551396
1100 0.0940202908037
1101 0.0966548111122
1108 0.0967012887094
1109 0.0938097681579
1159 0.0976166205524
1158 0.0927797001153
1155 0.0897968296495
1099 0.0906672678088
1078 0.0940466725904
1079 0.0904470630566
1094 0.0906754441338
1095 0.0906918012086
1096 0.0941082877065
1097 0.0940202908037
1090 0.0906672678088
1091 0.0939324583119
1092 0.0940510709943
1093 0.0940906751509
1154 0.0897968296495
1157 0.0961143239497
1156 0.093032938564
1098 0.0938798375426
1150 0.0930716897302
1153 0.0976924945349
1152 0.0930458520335
1151 0.094227345141
1165 0.0927326385687
1166 0.0925406101882
1167 0.0928653890556
1160 0.0960546427207
1161 0.0927625812999
1162 0.0977114814635
1163 0.0927797001153
1168 0.0973802721418
1169 0.0928096732509
1111 0.097503030303
1110 0.0931061623223
1113 0.0930157261795
1112 0.0937441730375
1115 0.0931190961289
1114 0.0938185211103
1117 0.0978636429997
1116 0.0939061405557
1119 0.0939192975901
1118 0.0964971209213
1269 0.0939280709949
1268 0.089521011396
1260 0.0915881040215
1258 0.0868419916224
1259 0.09159227546
1234 0.0868232449702
1235 0.088836860008
1236 0.0871317157712
1237 0.0914964284089
1230 0.0915672525271
1231 0.088856486391
1232 0.0914922656961
1233 0.0915339098771
1238 0.088836860008
1239 0.0870902083063
1241 0.0888250883392
1240 0.0915130830489
1243 0.0915255780084
1242 0.0888172422931
1245 0.0910778985507
1244 0.087033670908
1247 0.0868344919902
1246 0.0868232449702
1249 0.0909707771646
1248 0.0894971072541
1199 0.091020186476
1191 0.0914631373084
1193 0.0868644982938
1192 0.0925533873343
1195 0.0925661680092
1194 0.0869283305957
1197 0.0974274502204
1196 0.0927411916621
1177 0.0926600009215
1176 0.0926600009215
1270 0.0895090577291
1271 0.0922180951071
1272 0.0944486191997
1179 0.0926514627966
1178 0.0926813531201
1190 0.0926813531201
1226 0.0915422432629
1227 0.0910243063414
1225 0.0871241660168
1224 0.0915047549711
1223 0.0914964284089
1222 0.0915422432629
1221 0.0914090909091
1220 0.0868607463718
1229 0.0889036251105
1228 0.0910037107431
1263 0.089521011396
1262 0.0915714220664
1261 0.0894931244715
1267 0.0915714220664
1266 0.0895329682561
1265 0.0895249966612
1264 0.091044911264
1188 0.0973991378893
1189 0.0925320940505
1182 0.0973897041019
1208 0.0926386585591
1212 0.088516219904
1213 0.0885707993834
1210 0.0926856247407
1211 0.0883528843197
1216 0.0870977521764
1217 0.0914548183183
1214 0.0914257137661
1215 0.0885512989872
1201 0.0927112627357
1218 0.0915505781663
1219 0.087112843838
1198 0.0976403185084
1256 0.0945996801204
1257 0.0945863317812
1254 0.0870864368613
1255 0.0945152042111
1252 0.0945063207858
1253 0.0945685398542
1250 0.0924257744278
1251 0.0939895307534
1186 0.0961005447768
1187 0.0925960033152
1184 0.0924172794118
1185 0.0915797622843
1183 0.0915464105249
1180 0.0926557316624
1181 0.092502299908
1209 0.08859030837
1205 0.0975834627329
1204 0.0883567662566
1207 0.0883451214691
1206 0.0885357048516
1200 0.0926984419655
1203 0.0926941691634
1202 0.0925278365694
1359 0.0894612749677
1338 0.0896367283263
1335 0.0896127623546
1334 0.0896447198324
1337 0.0896367283263
1336 0.0892627280394
1331 0.0849490981287
1333 0.0894652549159
1332 0.089231042286
1317 0.0894016182093
1316 0.0866026441583
1315 0.0843788025007
1351 0.089604776545
1311 0.0864685901019
1279 0.0943865577772
1273 0.0893936699858
1274 0.0920281896394
1275 0.0915505781663
1277 0.0869659228507
1285 0.089286507126
1284 0.087093980078
1287 0.0847164883309
1286 0.0939105258242
1281 0.0939061405557
1280 0.094342278101
1289 0.08304083908
1304 0.084684381185
1305 0.0846594257809
1306 0.0868082534749
1307 0.0849204003209
1300 0.0872413344323
1301 0.0848344231175
1302 0.084873807715
1308 0.0874347826087
1309 0.0851505271626
1371 0.089592800499
1370 0.084873807715
1372 0.086464872302
1375 0.0892746159993
1374 0.0848666441594
1377 0.089592800499
1376 0.0848845553164
1378 0.0867670535445
1347 0.0892746159993
1278 0.0939192975901
1384 0.08665862277
1276 0.0915297437531
1298 0.0849275729549
1387 0.0865020646937
1380 0.0893142654113
1381 0.084863062835
1348 0.0896087692719
1340 0.0847450484619
1341 0.0896767001115
1342 0.0895050738829
1343 0.0868757560048
1344 0.0896287382449
1345 0.0865430132978
1346 0.0896087692719
1283 0.0909214214667
1288 0.0943865577772
1310 0.0871430428565
1303 0.0849419218585
1314 0.0849132288984
1313 0.0868907708261
1312 0.0851974241654
1319 0.0868982801832
1318 0.0894732158747
1388 0.0848308445119
1389 0.0896007841739
1385 0.0847772016357
1386 0.0848165331084
1382 0.084888138455
1383 0.0895529034556
1339 0.0894811782504
1330 0.0866026441583
1373 0.0846879474438
1353 0.0847593357498
1352 0.0847200572945
1357 0.0849096436413
1356 0.0847307659897
1355 0.0892270831485
1379 0.0896207495878
1292 0.0844461241287
1392 0.0864128566518
1322 0.0865653652447
1323 0.0892666903409
1320 0.0847664812005
1326 0.0869057908384
1327 0.0894334252424
1324 0.0893102988853
1325 0.0869020353485
1395 0.0864314264839
1394 0.086557913313
1393 0.0847879247829
1391 0.0864017185822
1390 0.086427711879
1321 0.0865951858072
1282 0.0943998497864
1328 0.0847664812005
1329 0.0847772016357
1349 0.0892389616153
1358 0.089604776545
1299 0.0872829861111
1293 0.0847414773924
1290 0.0918642364442
1291 0.0936830336346
1296 0.0849921812265
1297 0.084873807715
1294 0.0849060586869
1295 0.0847914997681
1350 0.0865392890954
1354 0.0896087692719
1366 0.0846950808625
1367 0.0895369545859
1364 0.0865318416523
1365 0.0895249966612
1362 0.0896087692719
1363 0.089588809195
1360 0.0868532435
1361 0.0865243954909
1368 0.0865430132978
1369 0.0895449283106
1398 0.0847807757167
1454 0.0820682337578
1455 0.0791265000984
1456 0.0820280633056
1409 0.0820514912889
1457 0.0819478402608
1403 0.0819111237831
1400 0.0847343361564
1407 0.0818744401922
1406 0.0845988809894
1405 0.084605999411
1448 0.0820715830715
1472 0.0836139869444
1470 0.0836975069713
1471 0.0805785951837
1476 0.0791265000984
1477 0.0791296135988
1474 0.0791233868429
1475 0.0836000831428
1478 0.08044
1479 0.0800908040941
1450 0.0819678813076
1451 0.0791016009126
1452 0.0819678813076
1483 0.0836383297288
1482 0.08044
1481 0.0836174636175
1480 0.0791888166962
1487 0.0837532797468
1486 0.0838196065355
1485 0.0838196065355
1484 0.080617358188
1488 0.0805140729471
1436 0.0833540578629
1437 0.0818511131914
1434 0.0818377894437
1435 0.0818377894437
1432 0.0836035586597
1433 0.0820581874566
1430 0.0804593102345
1431 0.0833471485411
1438 0.0836000831428
1439 0.0836348513204
1473 0.0836105105605
1408 0.0845953222278
1469 0.0791919351028
1468 0.0821654749745
1465 0.079145184777
1464 0.0819678813076
1467 0.0836731297329
1466 0.0791420700512
1461 0.0819077875529
1460 0.0781061871286
1463 0.0819678813076
1462 0.0820749326586
1402 0.084609559071
1401 0.078349631823
1421 0.0820916846961
1420 0.0804850716401
1423 0.081003786353
1422 0.0809842139175
1425 0.0810005236235
1424 0.0821654749745
1427 0.0809809527645
1426 0.0820615359504
1429 0.0818311291963
1428 0.0809646509381
1453 0.0790394214519
1458 0.0780607095722
1459 0.0780940545998
1442 0.0836835753818
1418 0.0820013048442
1419 0.0807273895066
1410 0.0894413805373
1411 0.0819344850065
1412 0.0804367825287
1413 0.0820381022315
1414 0.0821520486948
1415 0.0782307632459
1416 0.0804786297423
1417 0.0804593102345
1399 0.0848415812344
1397 0.0848344231175
1396 0.089588809195
1404 0.0820481436149
1446 0.0836000831428
1445 0.0781638681592
1444 0.0836661674155
1447 0.0778220657095
1443 0.0819311468731
1441 0.0819144602851
1440 0.0837009905935
1449 0.0820347556498
1564 0.0771947334075
1524 0.0750317140512
1525 0.0752704270689
1526 0.0760705099107
1566 0.0769201346389
1490 0.0821621179931
1491 0.0836800932091
1492 0.0757495856562
1493 0.0800461728297
1494 0.0750177192524
1495 0.0836348513204
1496 0.0836766113261
1497 0.0791545304259
1498 0.0763100975221
1499 0.0835167573404
1529 0.0755390278717
1511 0.074858546754
1537 0.0730104559977
1535 0.0760935371576
1534 0.0739311054741
1530 0.0756441602407
1539 0.0730237118269
1538 0.0749869490641
1522 0.0750877455007
1528 0.0753663381179
1518 0.0752422643768
1573 0.0729972049802
1572 0.0738767863047
1570 0.0729521874773
1575 0.072957480772
1574 0.072957480772
1489 0.0790767173922
1513 0.0751747598221
1502 0.0837497917708
1503 0.0724580240686
1500 0.0790953785644
1501 0.074908738732
1506 0.0748920005959
1507 0.0757296177744
1504 0.0762580106936
1505 0.075200059831
1508 0.0749478234943
1509 0.0757381741488
1571 0.0771680736761
1546 0.0769230769231
1547 0.0771591911906
1544 0.0767674454115
1545 0.0769260194323
1542 0.0729786616345
1543 0.0771355145564
1540 0.0729760133541
1541 0.0750233165454
1548 0.0741683263259
1549 0.0729892566783
1519 0.0724841407151
1515 0.0759555824143
1514 0.0750037296733
1517 0.0750793354489
1516 0.0763303727321
1510 0.0726911259714
1512 0.0762637946073
1536 0.0729786616345
1533 0.0752478952292
1532 0.0752901535006
1531 0.0757011104837
1568 0.0729919059199
1561 0.0772065880908
1552 0.0763158893401
1551 0.0732124654143
1550 0.0729654221545
1553 0.0722056658648
1555 0.0732444638695
1554 0.0762609025408
1557 0.0731485523061
1556 0.0760446209113
1559 0.077176958207
1558 0.0773937807882
1527 0.0722056658648
1520 0.0763390654064
1521 0.0763303727321
1523 0.0759125740818
1569 0.0771710349591
1560 0.0732151308843
1562 0.0738876437521
1563 0.0730688176731
1565 0.0729601277074
1567 0.0729680696662
1669 0.0669842115782
1668 0.0669084375832
1667 0.0701038834275
1666 0.0700379618988
1665 0.0669574482253
1664 0.0665123201588
1663 0.0663827820691
1662 0.0706903824522
1661 0.0669507607284
1660 0.0669529897456
1623 0.0693974739458
1622 0.0696257313991
1621 0.0696112707259
1620 0.0699867752488
1627 0.0697440521606
1626 0.0699332313256
1625 0.0699672952474
1624 0.069481394465
1629 0.0699380955693
1628 0.0694982029306
1578 0.073614466652
1577 0.0722004810972
1576 0.0762637946073
1658 0.0700111405097
1659 0.0700818958007
1652 0.0669708272279
1653 0.0671161098688
1650 0.0706580935315
1651 0.0707177269051
1656 0.0706134344605
1657 0.067042272303
1654 0.067017695871
1655 0.070680444257
1618 0.0693855018459
1619 0.069404659189
1616 0.0699307994575
1617 0.070057481275
1614 0.0692564658883
1615 0.0691683290913
1612 0.0699843396555
1613 0.0665475363182
1610 0.0694094501778
1611 0.0691445468299
1579 0.0762666868932
1645 0.0663849734262
1644 0.0696788053082
1647 0.0707052949863
1646 0.0675966386555
1641 0.0663981246079
1640 0.0676671489619
1643 0.0696016336137
1642 0.0699599930423
1649 0.0671205901005
1648 0.0699770338924
1588 0.0696209105072
1582 0.0728913697488
1580 0.0729521874773
1581 0.0722004810972
1586 0.0769996553969
1587 0.0729389576004
1584 0.0730661628456
1585 0.073087406869
1609 0.0666291166921
1608 0.0729363122008
1601 0.073087406869
1600 0.0694741933255
1603 0.0697948842536
1602 0.0730608537693
1605 0.073063508211
1604 0.0728359290112
1607 0.0699599930423
1606 0.0697803532392
1678 0.0669195700642
1679 0.0669552189113
1674 0.0706903824522
1675 0.0674922808431
1676 0.0669396178683
1677 0.0669685970229
1670 0.0700355227415
1671 0.0706854130053
1672 0.0669262513312
1673 0.0669976012793
1589 0.0772214115659
1583 0.0722056658648
1630 0.069974598977
1631 0.0667751361403
1632 0.0666247018288
1633 0.0699526923612
1634 0.069998955759
1635 0.0700111405097
1636 0.070052600411
1637 0.0666313243431
1638 0.0693113669263
1639 0.0666269091873
1595 0.0728834444767
1594 0.0729521874773
1597 0.0697948842536
1596 0.0736899963357
1591 0.0729442489753
1590 0.0697634080344
1593 0.073074127907
1592 0.0771148094179
1599 0.0729468949507
1598 0.0693902901901
1700 0.0669329339324
1701 0.0700745696564
1702 0.0664617621786
1703 0.0707003234426
1704 0.0669307062504
1705 0.070057481275
1706 0.0700916663762
1707 0.0668639446735
1708 0.0674266554904
1709 0.0669529897456
1696 0.0668839591579
1697 0.0706754762072
1694 0.0674447462857
1695 0.0669039856278
1692 0.066921797005
1693 0.0706829285438
1690 0.0669529897456
1758 0.0642430437977
1757 0.061187853709
1756 0.0611655210171
1755 0.0640935747068
1754 0.0638291119152
1753 0.0635286684568
1752 0.0635447277783
1698 0.0669373897414
1750 0.0639122834896
1759 0.0645254443945
1691 0.0674447462857
1751 0.0635266616123
1699 0.0669373897414
1713 0.0674221343078
1712 0.0673611576338
1711 0.06643102537
1710 0.0663411737538
1717 0.0663586866854
1716 0.0668195108985
1715 0.0668572758403
1714 0.0668817347346
1719 0.0674085743975
1718 0.0706655422025
1738 0.0669619072989
1731 0.0639000985034
1681 0.0674741645417
1680 0.0668861837291
1768 0.0581129894524
1682 0.0669708272279
1685 0.066921797005
1684 0.0669507607284
1687 0.0668128509253
1686 0.0674809570149
1689 0.066924024094
1763 0.0584542045752
1760 0.0611599403911
1761 0.0611543607834
1766 0.058156684693
1767 0.0581550028918
1764 0.0611580804087
1765 0.0611599403911
1774 0.0582290942784
1728 0.0634765316751
1726 0.0706705088558
1727 0.0639387002416
1724 0.0639082213112
1725 0.0669596776879
1722 0.0668261721995
1720 0.0667973161496
1721 0.0673927613941
1729 0.0669574482253
1723 0.066924024094
1775 0.0581970771234
1777 0.0581953929853
1776 0.0581684600255
1771 0.0582358392216
1770 0.058438916657
1773 0.0582425857275
1772 0.0581113101774
1779 0.0556924866377
1778 0.0581701426051
1769 0.0582341528393
1739 0.0634484934532
1730 0.0608877316217
1733 0.0669529897456
1732 0.0636150828799
1735 0.0639570015584
1734 0.0634845471478
1737 0.0638574876159
1736 0.060874829726
1748 0.0615492914639
1749 0.0637077868593
1744 0.0608472012103
1745 0.0640915320139
1746 0.0637259562062
1747 0.0608398378411
1740 0.0639082213112
1741 0.060854566362
1742 0.0669619072989
1743 0.063713842157
1683 0.066921797005
1762 0.0645420116824
1688 0.0669128901311
1799 0.0555647656941
1798 0.0581516395813
1793 0.0580794223827
1792 0.0580844549708
1791 0.0581533211879
1790 0.0583067555813
1797 0.0553339019894
1796 0.0580743906665
1795 0.0580894884312
1794 0.0555141476881
1849 0.0510548630328
1848 0.0535196274118
1843 0.0535025407721
1841 0.0535153547288
1840 0.0533280297003
1847 0.051217400163
1846 0.0535196274118
1845 0.051217400163
1904 0.0469267746301
1902 0.0469125434483
1903 0.0490523696856
1900 0.0490499768287
1901 0.0469114490996
1889 0.0489663736638
1888 0.0468775495932
1887 0.0490045568633
1886 0.0469640354974
1885 0.048866425291
1884 0.0489961992009
1883 0.0469640354974
1882 0.0488213444685
1881 0.0489032634599
1880 0.0489520703001
1832 0.0535068114091
1833 0.0510535668952
1830 0.0512200091692
1831 0.0586793498877
1836 0.0557681641708
1837 0.0512200091692
1834 0.0587016171405
1835 0.0535153547288
1838 0.055785181281
1839 0.0510600482417
1876 0.0488961291578
1877 0.0487952830418
1874 0.0487929152008
1875 0.0489568371595
1872 0.0488071256947
1873 0.046838243857
1870 0.0510444957738
1871 0.0487905475896
1878 0.0488794905449
1879 0.0489342028421
1829 0.0533478353141
1828 0.0586605215565
1825 0.0557743510095
1824 0.0512278377828
1827 0.0533478353141
1826 0.0585921566342
1821 0.0533223736543
1820 0.0559839648117
1823 0.0557295275045
1822 0.0559574823307
1861 0.0510432001624
1860 0.051178296941
1863 0.0489246788634
1862 0.0535210517911
1865 0.0510328376389
1864 0.0535295996593
1867 0.0510432001624
1866 0.0535295996593
1869 0.0489032634599
1868 0.0510704218198
1844 0.0535096588793
1814 0.0559979950991
1815 0.0554789229751
1816 0.0559917585477
1817 0.0554881077203
1810 0.0554773924798
1811 0.0557619787045
1812 0.055515680212
1813 0.0559933175553
1818 0.0560245159493
1819 0.0557233506054
1788 0.0581583665915
1789 0.0555172128206
1780 0.0578023051939
1781 0.0583846243177
1782 0.0581600485872
1783 0.0578089516199
1784 0.0577541642734
1785 0.0581079519186
1786 0.0577508471656
1787 0.0577525056719
1858 0.0512004480994
1859 0.0535139306528
1850 0.0510432001624
1851 0.0535182031084
1852 0.0510600482417
1853 0.0510704218198
1854 0.0535182031084
1855 0.0512082707341
1856 0.0535210517911
1857 0.0535239007772
1842 0.0533124784603
1898 0.0470244358705
1899 0.0490368202877
1894 0.0469344411511
1895 0.0469366320457
1896 0.0490763111013
1897 0.0469322504609
1890 0.0469344411511
1891 0.0490045568633
1892 0.0469607453938
1893 0.0490583528493
1807 0.055941916101
1806 0.0560182734895
1805 0.055694029024
1804 0.0553323794849
1803 0.0580609770181
1802 0.0529558920342
1801 0.0529544975774
1800 0.05294195077
1809 0.056019833974
1808 0.0580174254227
1948 0.0360290955998
1949 0.0360381348339
1942 0.0372994528424
1943 0.0416002978838
1940 0.040050984844
1941 0.0386151541918
1946 0.0372994528424
1947 0.0400621551089
1944 0.0416313011075
1945 0.037286312901
1991 0.0290250414953
1995 0.0282237691574
1994 0.0282400190982
1996 0.0274771820517
1908 0.0448613558793
1909 0.0448523507895
1906 0.0488569276743
1907 0.0467946480512
1905 0.0448643583794
1990 0.028223373051
1993 0.0282237691574
1999 0.0274599229866
1998 0.0282237691574
2011 0.0247599113519
2010 0.0247599113519
1955 0.0326789950925
1954 0.0360174803883
1957 0.0348472508621
1956 0.0360381348339
1951 0.0348472508621
1950 0.0372724913815
1953 0.0348532903517
1952 0.0348472508621
1959 0.0348327646234
1958 0.0326901506901
1986 0.0282400190982
1985 0.0298678152384
1982 0.0298842375879
1980 0.0307642883368
1981 0.0298687024715
1997 0.0274771820517
1919 0.045039193729
1918 0.0448483496878
1911 0.0448643583794
1910 0.0467533071397
1913 0.0448683623382
1912 0.0448653593021
1915 0.0448453493299
1914 0.0448473495239
1917 0.0448733682919
1916 0.0448673612815
1992 0.0290275552476
1977 0.0307675831153
1975 0.0316917500591
1974 0.0298824613281
1973 0.0317042408955
1972 0.0307642883368
1971 0.0326912135252
1970 0.0307567600636
1968 0.0307562896689
1969 0.0326901506901
1965 0.0307704077729
1966 0.0307708785996
1960 0.0316917500591
1961 0.0317017419406
1962 0.0317017419406
1920 0.0450200362668
1921 0.0449355350479
1922 0.045042220082
1923 0.0449375432951
1924 0.0448763724002
1925 0.0449355350479
1926 0.038612188472
1927 0.0416002978838
1928 0.045017012894
1929 0.0432920003444
1987 0.0298735831959
1979 0.0307562896689
1978 0.0298837935031
1976 0.0298687024715
1964 0.0337393463526
1967 0.0307567600636
1963 0.0337365162979
1988 0.028223373051
1933 0.0450856425433
1932 0.045039193729
1931 0.0432566143257
1930 0.0386129298593
1937 0.0386463217772
1936 0.040086911454
1935 0.040050984844
1934 0.038627763585
1939 0.0360149002471
1938 0.0432920003444
1984 0.0290413886723
1983 0.0290275552476
1989 0.0290250414953
2002 0.0260428132972
2003 0.026043487833
2000 0.0267331339315
2001 0.0267338447018
2006 0.0253862855989
2007 0.0253862855989
2004 0.026043487833
2005 0.0253866060721
2008 0.0253856446767
2009 0.0247599113519
