1 0.000433449361843
0 0.00143419525941
3 0.000508039118183
2 0.000462456489309
24 0.00222899055196
25 0.00327863417868
26 0.000866069948616
27 0.00279587270015
20 0.00293552129952
21 0.000955577656224
22 0.00152950439251
23 0.0014694181999
28 0.000982098458478
29 0.0025223769269
4 0.000209265705288
8 0.00116691529919
59 0.00354964362672
58 0.00409041936019
55 0.00364495275982
54 0.00288289408255
57 0.00343775899221
56 0.00366567213658
51 0.00307185479861
50 0.00273785844522
53 0.00268025857782
52 0.00278178352395
88 0.00453487959082
89 0.00429950747082
82 0.00423652056546
83 0.00454855437948
80 0.00296725154507
81 0.00330622054889
86 0.0043405318368
87 0.00552775212522
84 0.00466375411428
85 0.00420627027539
7 0.000600447538538
108 0.00465321683124
109 0.00470294333546
102 0.00514633799815
103 0.00491966801639
100 0.0040334706732
101 0.00421313726883
106 0.00531457933745
107 0.00412072884848
104 0.00553296156852
105 0.0039504155715
39 0.00282529421515
38 0.00335571026024
33 0.00344687551798
32 0.00267984419029
31 0.001417619758
30 0.00140104425659
37 0.00191115531245
36 0.00348831427151
35 0.00244364329521
34 0.00268398806564
60 0.00270056356705
61 0.00320155809713
62 0.00419318746892
63 0.00248301011106
64 0.00369615921953
65 0.00453322204068
66 0.00276727996022
67 0.00302544339466
68 0.00525881461486
69 0.00608883284791
6 0.00110061329355
99 0.00384658189482
98 0.00548903648978
91 0.00453736591603
90 0.0046533944259
93 0.00404217281144
92 0.00408153962729
95 0.00412919419384
94 0.00358220264734
97 0.00407242310151
96 0.00434509009969
11 0.00339756340129
10 0.00149593900215
13 0.00111097298193
12 0.000542433283607
15 0.000924084203547
14 0.000422260898392
17 0.00265663848831
16 0.00106953422841
19 0.000888032487983
18 0.000434692524449
48 0.0030034808553
49 0.00279421515001
46 0.00308180009945
47 0.00224722360351
44 0.00271755345599
45 0.00271133764296
42 0.00266989888944
43 0.00314851649262
40 0.00321896237361
41 0.00284394165424
9 0.00248259572352
77 0.00438570007814
76 0.00486224574365
75 0.00310624896403
74 0.00348896545192
73 0.00322434941157
72 0.00430323695863
71 0.00432147001018
70 0.00325542847671
79 0.00479801567569
78 0.00304722833937
165 0.00442790840852
133 0.00395118514835
132 0.00489119367289
131 0.00365637801615
130 0.00485496436267
137 0.00415186711184
136 0.00451777130544
135 0.00475107148777
129 0.00397030617319
139 0.00465292084014
138 0.00455761170704
160 0.00413162132083
163 0.00436367834056
120 0.00416838341503
121 0.00379957850868
122 0.00447135990149
123 0.00530871871374
124 0.00369266652459
125 0.00424587388411
126 0.0049917122493
127 0.00359942932917
128 0.00460260235372
167 0.00421319646705
201 0.00536587459449
199 0.00727454358173
198 0.00562942506689
200 0.00490176055504
195 0.00534722715541
194 0.00527097984893
197 0.00704663043736
134 0.00427482181336
191 0.00729319102081
190 0.00546142052047
193 0.00494094977623
192 0.00537872060808
115 0.00333670763183
116 0.00473272003978
111 0.00373428287277
110 0.00477214605385
113 0.0045752527764
112 0.00381201013474
178 0.00363062679075
162 0.00346647012858
176 0.0041030285809
179 0.00410649167673
177 0.00459546896829
175 0.00501855864176
174 0.00542880230163
173 0.00413715635434
172 0.00425428003126
171 0.00346694371433
170 0.00401144893562
203 0.00478904714546
145 0.00472620823566
182 0.00723529516232
183 0.00509433236248
180 0.00624177144751
181 0.00436714143639
186 0.00538250929412
187 0.00699654874381
184 0.00584123629561
188 0.00489726149037
189 0.00491815846179
196 0.00501157325188
185 0.00433647675878
168 0.00413825152139
169 0.00396213681892
164 0.00426215339443
166 0.00396628069428
161 0.00448177878809
114 0.004370545334
117 0.00492955411901
151 0.00445395562501
150 0.00463297104023
153 0.00367532144633
152 0.00433046813952
155 0.00371095877436
154 0.00441293125903
157 0.00441914707206
156 0.00475604413819
159 0.0040818948166
158 0.00389411806493
119 0.00459526177453
118 0.00391229191826
5 0.000360102768109
146 0.004800797992
147 0.00471584854728
144 0.0047220643603
202 0.00699358883285
142 0.0045231583434
143 0.00507974000142
140 0.00500515024508
141 0.00410592929365
148 0.00429193009874
149 0.00440422912079
216 0.00444510549123
217 0.00585396391277
214 0.00475986242334
215 0.00445647154934
212 0.0033887132675
265 0.0070927458502
210 0.00492780777154
211 0.00569152399896
264 0.00635518536936
218 0.00532189031754
219 0.00427206909616
213 0.00463270464824
289 0.00811676651433
221 0.00577523028107
281 0.0081623491432
283 0.00985405665664
220 0.00449128010229
285 0.00589401150813
284 0.00612091828278
287 0.0064482844356
286 0.00781982824623
227 0.00462696242097
260 0.00761114465677
269 0.00688016504464
268 0.00601258554143
258 0.00663567639885
259 0.005515636223
298 0.00751981167073
299 0.0079217675799
296 0.00792780579827
297 0.0073088884153
294 0.00764377274198
295 0.00779745131933
292 0.00830945671821
293 0.00692127820795
290 0.007899390653
291 0.00675635196893
277 0.00740445407402
204 0.00585396391277
251 0.00577587159512
304 0.00779401782261
256 0.00604149400519
226 0.00434973715991
257 0.00616373832808
254 0.00663945521852
247 0.00582186861153
308 0.0062736891541
309 0.00605116304768
255 0.00520158966952
300 0.00774399532729
301 0.00752880980007
302 0.00752300837457
303 0.00777081212064
225 0.00569791740664
305 0.00696494676107
306 0.00676604074416
307 0.00621774683684
245 0.00598182220012
244 0.00493047169141
241 0.00526327421404
240 0.00437767871942
243 0.00558566771645
242 0.00452271435675
248 0.00542902922813
246 0.00420695105491
252 0.0079762200753
223 0.00509397717317
288 0.00650689067273
272 0.00701788970188
250 0.00565321288469
310 0.0067223524583
271 0.00693693613696
229 0.00462323293315
228 0.0043055752883
224 0.00516418626128
222 0.00558934787242
282 0.0067228457768
273 0.00605609623263
274 0.00693776491203
253 0.00423430063224
275 0.00689233027871
276 0.00681063673605
278 0.00587086500438
238 0.00447298785253
239 0.00539872960621
279 0.00703937865549
234 0.00676909931883
235 0.00466194856859
236 0.00447464540267
237 0.00488654661268
230 0.00563327295115
231 0.00469841467169
232 0.00483374180105
233 0.00459398901281
280 0.00573328834269
205 0.0063802360825
207 0.00532520541782
206 0.00439117591343
209 0.0045237799247
208 0.00393304089413
263 0.00729040870451
249 0.00435778811773
262 0.00705752290971
261 0.00578333057075
266 0.00568636388751
270 0.00729387180034
267 0.00587863970385
344 0.00681755306134
346 0.00600093335859
347 0.00572640161651
340 0.00462726827844
341 0.00594469505024
342 0.00659024176553
343 0.00570287032433
348 0.00530500895866
349 0.00529467886939
339 0.00650261853457
338 0.00631980456695
335 0.00680512143528
334 0.00470925781219
337 0.00475365647668
336 0.00688958742788
331 0.00539074771298
330 0.00433630903049
333 0.00563938023411
332 0.00653369759971
345 0.00647500256526
407 0.00844994395902
406 0.00975526469497
405 0.00814893088016
404 0.00863459307144
403 0.00967387700978
402 0.0085618384599
401 0.00835701262106
400 0.00854461177808
409 0.00957604208599
408 0.00813625259486
379 0.00769581784313
378 0.00821858745156
371 0.00710770326695
370 0.00744027886308
373 0.00712842264371
372 0.00749681316253
375 0.0070171299914
374 0.007395090889
377 0.00726576251253
376 0.00802367731445
393 0.0095492055599
392 0.00732693400583
397 0.00865507565532
396 0.0084735739149
395 0.00804219649073
394 0.00910498212214
399 0.00936036324027
322 0.00431105112358
323 0.00663784700023
320 0.00458928275437
321 0.0043351250661
326 0.00653425011642
327 0.00612051376161
324 0.00665205457287
325 0.00664095490674
328 0.00443576203894
329 0.00570849415516
414 0.00870509815065
415 0.00792107693401
416 0.00786306267907
417 0.00733323861618
410 0.00977494810289
411 0.00948829059222
412 0.00766530116107
413 0.0087009542753
418 0.00898633902426
419 0.00707676233099
319 0.00433354644692
318 0.00494358409699
313 0.00457329923516
312 0.00525082285525
311 0.00449811749663
317 0.00590917611865
316 0.00457665380092
315 0.00600981309149
314 0.0049081638291
368 0.00664373722305
369 0.00500485425398
366 0.00554681395184
367 0.00672454279242
364 0.00681777998784
365 0.00654635615227
362 0.00715757776673
363 0.00661680203326
360 0.00725022297996
361 0.00678877286038
380 0.00726290126526
381 0.00776261316726
382 0.00791430860426
383 0.00754221819674
384 0.00720789625315
385 0.00916225639933
386 0.00941503279581
387 0.00718081306781
388 0.00894721886766
389 0.00744812262714
357 0.00560147364101
356 0.00524826746545
355 0.00915451129897
354 0.0054417864444
353 0.00668302510794
352 0.00622335093494
351 0.00596127055165
350 0.00575008090423
359 0.00554710994293
358 0.00551173900689
421 0.00722801378135
420 0.0084450699723
422 0.00829381852194
391 0.00932223958703
390 0.00717819847979
398 0.00861778077715
524 0.00675776375677
525 0.00807223061761
526 0.00660559473401
527 0.00670256141726
520 0.00714669605769
521 0.00805580311175
522 0.00738526488154
523 0.00812358507286
449 0.00807355181423
448 0.00767577924589
443 0.00648434601754
442 0.00761269367684
441 0.00652830069538
440 0.00617661394079
447 0.00678744090044
446 0.00791904446181
445 0.0062660525838
444 0.00768219238632
438 0.00648925946974
439 0.00769453521505
436 0.00750080904233
437 0.00761873189521
434 0.00733857632229
435 0.00776845405824
432 0.00628317073556
433 0.00633644913294
430 0.00736095324919
431 0.00721307609734
498 0.0069195910587
499 0.00660465653193
494 0.00623891020025
495 0.00643312969146
497 0.00632377084764
490 0.00712220683069
491 0.00741227810534
492 0.00650299345662
493 0.0067827050429
519 0.00750940354744
518 0.00717451922076
511 0.00640879025389
510 0.00846160690517
513 0.00669116576004
512 0.00788573649402
515 0.0067590957167
514 0.00681296609628
517 0.007006692269
516 0.00715587178168
458 0.00653558207636
459 0.00758146661615
450 0.00601919600925
451 0.00778052062861
452 0.00707783776531
453 0.0076534319181
454 0.00723889638733
455 0.00624521481061
456 0.00780364739962
457 0.00723050997293
496 0.00662419194431
508 0.00666324124243
509 0.00722059247731
506 0.00700303902131
507 0.00897098784966
504 0.00566381923232
505 0.00674197487412
502 0.00578448493603
503 0.00650195748779
500 0.00577412524765
501 0.00601045440553
469 0.00744658347344
468 0.00739833692469
465 0.00695796137119
464 0.00682085829525
467 0.00694915070288
466 0.00595834023979
461 0.00726061226745
460 0.00638871129423
463 0.00750048345212
462 0.00652981024997
429 0.00708057074977
428 0.00776672744351
423 0.00742692966462
425 0.00513389650573
424 0.00752416273985
427 0.00701461406708
426 0.00617725525483
489 0.00638381757477
488 0.00689296172638
487 0.00648020214219
486 0.00648652648528
485 0.00692902330831
484 0.00685670281705
483 0.00692034090281
482 0.0073886678822
481 0.00661132619797
480 0.00752534670424
472 0.00678297143489
473 0.00747480129131
470 0.00680517076713
471 0.00776921376872
476 0.00696621952278
477 0.00752911565753
474 0.00711221219799
475 0.00699618368813
478 0.00689251773973
479 0.0076451441674
591 0.0079375744014
590 0.00797350772052
593 0.00807881148632
592 0.00862354363411
595 0.0084246376172
597 0.00819037053062
596 0.00819879641051
599 0.00819154462864
528 0.00557274366884
529 0.00566908877078
601 0.00795016388937
559 0.00802854591952
558 0.00775470482333
555 0.00782618667315
554 0.00777784146071
557 0.00785830170713
556 0.00741870559685
551 0.00574816593153
550 0.00497671985178
553 0.00832303732789
552 0.0050015831039
618 0.00836046495358
619 0.00800027518203
612 0.00841707997787
613 0.00850617329794
610 0.00842433175974
611 0.0083100298646
616 0.00818709489582
617 0.0081846776352
614 0.00819607329242
615 0.00864292118457
623 0.0088138739817
622 0.00820541495082
629 0.008555354461
607 0.00878243165476
586 0.00849382060285
587 0.00747015781886
584 0.00877215089734
585 0.00911153428868
582 0.00878872639875
583 0.00788627196882
580 0.00778694722317
581 0.00842475601364
588 0.00776527080853
589 0.00793791972434
621 0.00934952817225
620 0.00854245014613
627 0.00920905079781
626 0.00926388808164
625 0.00924634567598
624 0.00885807531879
628 0.00879456639278
594 0.00776921466566
598 0.00817393315839
542 0.00540955749869
543 0.00675531510315
540 0.0053461624844
541 0.00559358861758
546 0.00666829372076
547 0.00480474902466
544 0.0052766045767
545 0.00924504959376
548 0.00924504959376
549 0.00538203481142
579 0.00830943070687
578 0.00821115179643
604 0.00747212122647
573 0.00845369676735
572 0.00820670296056
571 0.00672522805666
570 0.0085186174812
577 0.00742875942776
576 0.00828690578442
575 0.00802847595799
574 0.00778776613187
630 0.00849620736742
631 0.00906919500467
632 0.00852148500706
633 0.00916171374898
635 0.00856375253566
636 0.00875143241752
537 0.00738188878915
536 0.00528901377919
535 0.00544544507374
534 0.00554477251021
533 0.00541942028081
532 0.0055851752949
531 0.00539157469416
530 0.00404973045077
539 0.00747616195341
538 0.00729505486778
568 0.00704817407577
569 0.00674394456033
560 0.00780132342104
561 0.0093171323952
562 0.00768218700466
563 0.00853635721425
564 0.00819844480896
565 0.00682958465094
566 0.00893671566844
567 0.00829441498885
605 0.00830588598925
606 0.00831348309406
600 0.00801025008198
603 0.00803822124061
602 0.00814299222243
609 0.00809869222164
608 0.00836528153597
634 0.00881134908795
719 0.00903467692317
718 0.00988472388709
717 0.00915208672481
716 0.0107791103173
715 0.0105719165497
714 0.00837372880448
713 0.0102238310201
712 0.0109487329484
711 0.0103960529912
710 0.00837563749859
736 0.00894164064291
641 0.00655526010262
640 0.00640654610321
643 0.00609805521292
642 0.006394774627
645 0.00822278245264
644 0.00638927995591
647 0.00680150675613
648 0.00664265820096
744 0.0102417537294
745 0.0105762586494
748 0.00989666309159
749 0.00996669458504
740 0.0103324633403
741 0.00966589318466
742 0.0103847237077
743 0.0104537820183
746 0.0107026468476
747 0.0109132938447
689 0.0110147748406
688 0.00449016609944
685 0.0045249746524
684 0.00443104681108
687 0.00876062028474
686 0.00468465198264
681 0.00433449451537
680 0.00776529861376
683 0.00434692614143
682 0.00687105031275
708 0.00860920496985
709 0.00955224695466
704 0.010721899723
705 0.00950166656097
706 0.00961160841755
707 0.00969894014213
700 0.00815185926014
701 0.00885494574766
702 0.00903643851866
703 0.0108802208759
656 0.00622264952573
657 0.00778858862834
654 0.00655081485452
655 0.00622906176922
652 0.0064223547186
651 0.00644959128114
658 0.00628669930821
653 0.00751058840877
650 0.00640930868678
659 0.00614941146207
753 0.0107722639535
752 0.00962924500219
756 0.0104431622165
669 0.00701332336651
668 0.0072928968236
667 0.00680875405328
666 0.0066321729406
665 0.00756639259685
664 0.00648796607834
663 0.00653284550413
662 0.00692416546656
661 0.00776750868061
660 0.00608469973587
692 0.0088302116553
693 0.00930192279956
690 0.00686825054055
691 0.00941523895465
696 0.010715260553
697 0.00885811374934
694 0.0119571799961
695 0.00794927398421
698 0.0107297641168
699 0.0107053242216
731 0.0110369221502
730 0.00905766915277
733 0.0102573210672
732 0.00875599502713
735 0.0109590172936
734 0.00928627294304
637 0.00607733583616
638 0.0068665978891
646 0.00639206227222
649 0.00659181500305
678 0.00795812694681
679 0.00433587580716
674 0.00460412267163
675 0.00698431623904
676 0.00481546031459
677 0.0042767565188
670 0.00696276808721
671 0.00794329330816
672 0.00774734182056
673 0.00454016886202
751 0.0105780543287
750 0.0105754298743
757 0.00950291689911
737 0.0100934998617
755 0.00914023272986
754 0.0102873955565
759 0.0103558645758
758 0.00964864318233
739 0.0107460633598
738 0.00919427891022
726 0.0106342755951
727 0.00861752680437
724 0.00861725054602
725 0.0105373465835
722 0.00960980915046
723 0.0108000306092
720 0.00854749531092
721 0.00871117838733
728 0.0110232473615
729 0.0104943507374
639 0.00592141579896
810 0.00855462352168
811 0.00805543722811
812 0.00881263626975
813 0.00768245077482
814 0.00814370177311
815 0.00917790004625
816 0.00815568134004
817 0.0092383629548
854 0.00802193952244
818 0.00867970121762
856 0.00815785863399
857 0.00877235767713
850 0.00897747950707
851 0.00797872151055
852 0.0103967568152
853 0.0101274049173
858 0.00809441966951
859 0.00866024701306
844 0.00939652962651
819 0.00926831187212
820 0.00851126351686
829 0.00824742471187
828 0.00869208716859
827 0.0093941340995
821 0.0108088531448
797 0.00857988142859
796 0.00845259787453
795 0.00874397889254
794 0.00766733349528
793 0.00809112816572
792 0.00910602264469
791 0.00767404711152
790 0.00850886219422
799 0.00749171659602
798 0.00758694231345
869 0.00845177717194
868 0.00983175438297
861 0.0131615842581
860 0.01124037063
863 0.0108766513888
862 0.0114824859653
865 0.011384690507
864 0.00999069083853
867 0.0109205764676
866 0.00886148480505
809 0.00906680651522
775 0.00880616641494
774 0.00897712010902
777 0.00742969659491
776 0.00778806019109
771 0.00871846694385
770 0.00898405347622
773 0.00796673207725
772 0.00790457394697
779 0.00732086335953
778 0.00769369284785
805 0.00900877252754
832 0.00795445272447
833 0.00998163654678
830 0.00892087476312
831 0.0100022289716
836 0.0083207713056
837 0.00844343001603
834 0.00878951391445
835 0.00841856676392
838 0.010035606004
839 0.00773855681862
784 0.00949733543157
785 0.0082614351641
786 0.00806377858839
787 0.00758001074013
780 0.0087015523981
781 0.00829462383851
782 0.007139441447
783 0.00831443909701
788 0.00670291108692
789 0.0083637888853
870 0.00833574866208
808 0.0093733026049
803 0.00887125327018
802 0.00922881230875
801 0.00793473744058
800 0.00883100027493
807 0.00893943885553
806 0.00847257478971
804 0.00831514519791
768 0.00790706027218
769 0.0088915302472
762 0.00858925516994
763 0.00866346821034
760 0.00891790036308
761 0.00760489641581
766 0.00804768833299
767 0.00906470656533
764 0.00747874501045
765 0.00854969999612
855 0.00892236596488
825 0.00819772283907
824 0.0117086768417
847 0.00786709229772
846 0.0105169292004
845 0.00745684863785
826 0.00873089691401
843 0.00813844079011
842 0.00865318545204
841 0.00781977677552
840 0.00741574892868
849 0.00833725076515
848 0.00981868620357
823 0.009960338159
822 0.00881828700886
914 0.0102346179982
917 0.0105412550459
916 0.00966876933498
902 0.0108900070729
903 0.00993906460963
900 0.011679125546
901 0.00976536958262
906 0.00978918962136
907 0.00994923594004
904 0.0120684614711
905 0.00974860572325
908 0.0118714487623
909 0.0109475911403
948 0.00797938373025
949 0.00818536262345
946 0.00817414587181
947 0.00813440234002
944 0.00808448747782
945 0.00813044682264
942 0.0084077097553
943 0.00821727984707
940 0.00959443293046
941 0.00814852918781
939 0.00856103314333
938 0.0083788909858
933 0.0105635394497
932 0.00952874712447
931 0.00915697513161
930 0.00994477875569
937 0.00942084698549
936 0.0107196834466
934 0.00845708852173
924 0.00974792045901
883 0.0100682607905
882 0.00785007901927
881 0.00782978299947
880 0.0075954656841
887 0.0103919351271
886 0.0101699898946
885 0.0109979841419
889 0.00736524560306
888 0.00690941931432
928 0.0101956715725
929 0.00951768064523
920 0.0107797454217
921 0.0101032681888
922 0.0100168548646
923 0.0103504776068
925 0.0101619312783
926 0.00952477215033
927 0.00910749494166
884 0.00717297875615
964 0.00809948380809
965 0.00818467335747
966 0.00840015487579
967 0.0074014809159
960 0.00849296360858
961 0.00860070436774
962 0.00853386626634
963 0.00838660759098
968 0.00869229808812
935 0.00940687951752
878 0.00758491763775
879 0.00729899023845
876 0.0074566458598
877 0.00777553590395
874 0.0101345627962
875 0.00816506018706
872 0.010467408717
873 0.00706278934337
871 0.00762654474924
890 0.0107992185311
891 0.00690150827955
892 0.0100893726832
893 0.0102369165174
894 0.00738445811606
895 0.0106842666974
896 0.0068148636131
897 0.0107543358625
898 0.00974335909132
899 0.0110333954404
919 0.0100636545757
918 0.0101142359353
915 0.010661663741
911 0.0101060077278
910 0.0119068503324
913 0.0109081763725
912 0.0101125523049
959 0.00873898809627
958 0.00852302843849
951 0.00882157582182
950 0.00830260600773
953 0.00839494501852
952 0.00833523554185
955 0.00833485882591
954 0.0088607542797
957 0.0083268608567
956 0.00841735961701
1069 0.00735192496878
1068 0.00916587583917
1061 0.00956390086238
1060 0.0100582651919
1063 0.00861080953137
1062 0.00871727097423
1065 0.00889622795018
1064 0.00885188848391
1067 0.00876346455909
1066 0.0088836369443
1018 0.00759258798139
1014 0.00787851538069
1015 0.00798418420217
1016 0.00899783075784
1017 0.00782050112576
1010 0.0077585023753
1011 0.00777922175206
1012 0.00798019970664
1013 0.00853849811303
1050 0.00729307438376
1051 0.00735262323869
1052 0.00761512987675
1053 0.00728408991555
1054 0.00771458288521
1055 0.00743326942823
1056 0.0087634534163
1057 0.00750180275137
1058 0.00823043820371
1059 0.00735660773422
1006 0.00750952042598
1009 0.00779770981132
1008 0.00745169621941
1007 0.00646041544786
1005 0.0057509394164
1004 0.00736173027757
1003 0.00876654786867
1002 0.0078973221996
1001 0.00736061461882
1000 0.00729852479417
977 0.00611428339051
976 0.00622616802502
975 0.00662387001087
974 0.00598386805746
973 0.00605606711648
972 0.00603550711954
971 0.0062800384046
970 0.00799179148384
979 0.00513835810579
978 0.00518808461001
1043 0.00902819137186
1042 0.00821144078448
1041 0.00768157035655
1040 0.00798413866508
1047 0.0079756470324
1046 0.00704838620272
1045 0.00750855590208
1044 0.00819112855071
1049 0.00747465974685
1048 0.00781673727814
1019 0.00773347974336
995 0.00734583734957
994 0.00963692107246
997 0.00806929302671
996 0.00617357268402
991 0.00686860911065
990 0.00617150074634
993 0.00734376541189
992 0.00638570722609
999 0.00712320699081
998 0.00726255049167
1030 0.00832725154425
1031 0.00830987914373
1036 0.00799727611606
1037 0.00794891572459
1034 0.00797170703902
1035 0.00762759420672
969 0.00808734037662
1076 0.00785317450658
1077 0.00622639250219
1074 0.00778288800541
1075 0.00761075779848
1072 0.00796024587049
1073 0.00713229957511
1070 0.00796729045859
1071 0.00701419912758
988 0.00678780354128
989 0.0074388254019
982 0.00675050866311
983 0.00569762189852
980 0.00632159389867
981 0.00562733539735
986 0.00626947669712
987 0.00564167958126
984 0.00679222063919
985 0.00754847789097
1038 0.00759598339254
1039 0.00678999963653
1032 0.00780595202494
1033 0.00842001060021
1025 0.00819208379471
1024 0.00792872002438
1027 0.00789224481386
1026 0.00788395706316
1021 0.00813466152197
1020 0.00782464500111
1023 0.00827827640203
1022 0.00810836385146
1029 0.00784192632744
1028 0.0082471517998
1128 0.0103373029124
1086 0.00690211675169
1085 0.00751341315737
1084 0.00653897665956
1083 0.00780243707892
1082 0.00695965286716
1081 0.00753499773888
1080 0.00775612585657
1120 0.0110819800818
1121 0.00738490293065
1122 0.011238243303
1123 0.00975590623021
1124 0.0108406243879
1125 0.00989800472511
1089 0.00662763623884
1088 0.00667912161323
1138 0.00970153225179
1175 0.00884647740505
1174 0.00908076574227
1173 0.00926309625777
1172 0.0098175467799
1171 0.00952994361562
1170 0.00933364232036
1139 0.0105665548473
1133 0.0109793303695
1132 0.0100011371306
1131 0.00967942840945
1130 0.0101622928984
1137 0.00824771947525
1136 0.0100026506869
1135 0.00957275790994
1134 0.01003150768
1087 0.00740421521128
1129 0.0101286701727
1148 0.00965859518996
1126 0.00979945066025
1127 0.00990367409304
1142 0.0101012157221
1143 0.00965030743925
1140 0.00997689946152
1141 0.00933254961279
1146 0.00854553205551
1147 0.00909029228451
1144 0.00832481377164
1145 0.00821620780774
1149 0.00939123198655
1164 0.00891077122494
1106 0.00777488258468
1107 0.00701092194037
1104 0.00581514599136
1105 0.00762301638358
1102 0.00598228077933
1103 0.00670127085468
1100 0.00618825415289
1101 0.0130059112393
1108 0.0133199259168
1109 0.00599435721608
1159 0.00942345289427
1158 0.00993506212045
1155 0.00814806938088
1099 0.00686819161832
1078 0.00770712794582
1079 0.00615578724138
1094 0.00698053162374
1095 0.00774592554801
1096 0.00657629316785
1097 0.00679360186198
1090 0.00765740144159
1091 0.00676550092264
1092 0.00666490834846
1093 0.00785781018252
1154 0.00816464488229
1157 0.0102607464022
1156 0.00993152958056
1098 0.00600471690446
1150 0.00987989051847
1153 0.00968924165273
1152 0.00957945955544
1151 0.00869439280855
1165 0.00918262766288
1166 0.00886081214671
1167 0.00903078423033
1160 0.0100762839817
1161 0.0100110031108
1162 0.00937906211963
1163 0.0090597913578
1168 0.00871800782688
1169 0.00960159167583
1111 0.00986501310212
1110 0.0109435500136
1113 0.0113558327002
1112 0.0060112879068
1115 0.0110888224438
1114 0.00618635525616
1117 0.0101602209607
1116 0.00742904658743
1119 0.00739970248548
1118 0.0126057221693
1269 0.00925571592494
1268 0.00874809119429
1260 0.00915626552817
1258 0.00655151671422
1259 0.00704049400579
1234 0.00661831058742
1235 0.00609332597896
1236 0.00699954711982
1237 0.0066444614008
1230 0.00714504892588
1231 0.00645574486015
1232 0.00728949258101
1233 0.00712527672063
1238 0.00639868519375
1239 0.006561243504
1241 0.00614383685959
1240 0.00713453385942
1243 0.00691885994689
1242 0.00627034345427
1245 0.00652282385966
1244 0.0060908361715
1247 0.00640991457362
1246 0.00661130691574
1249 0.00673799110508
1248 0.00853054034998
1199 0.00664265862305
1191 0.00795742875402
1193 0.00733870931941
1192 0.00740152549111
1195 0.00763950233277
1194 0.00608264346831
1197 0.00774842705631
1196 0.00860034863051
1177 0.00790667977568
1176 0.00793888360699
1270 0.00900501146613
1271 0.00921741467704
1272 0.00910067578854
1179 0.00782699897248
1178 0.00850959220615
1190 0.00814623909013
1226 0.0070833495818
1227 0.00665950513104
1225 0.00706116504911
1224 0.00640474101411
1223 0.00621234680133
1222 0.00679304151426
1221 0.00591103338465
1220 0.00695784935684
1229 0.00649053861355
1228 0.00712018567377
1263 0.00890473229429
1262 0.00909403340011
1261 0.00832948839762
1267 0.00932853234638
1266 0.00887477799531
1265 0.00896717161611
1264 0.00906427149535
1188 0.00775730123507
1189 0.00729502789456
1182 0.00773536274066
1208 0.00790500634641
1212 0.00557561071985
1213 0.00713131760345
1210 0.00823859059318
1211 0.0062590318418
1216 0.00702119145151
1217 0.00573994501118
1214 0.0065291164384
1215 0.00687410134051
1201 0.00831027735586
1218 0.00636744613594
1219 0.00711324468255
1198 0.00849083192478
1256 0.00888016503327
1257 0.00905989082712
1254 0.00624173243254
1255 0.00878669104497
1252 0.00861495701073
1253 0.00915283203145
1250 0.01022402381
1251 0.00900542846535
1186 0.00903421237989
1187 0.00775730123507
1184 0.00743698522448
1185 0.00795506082525
1183 0.0075078182783
1180 0.00798032236051
1181 0.00744568736272
1209 0.00590889669461
1205 0.00835070973965
1204 0.00628409304227
1207 0.00625607193083
1206 0.00700019354766
1200 0.00849438381794
1203 0.00833691655455
1202 0.00745125427625
1359 0.0114135808933
1338 0.0121065973258
1335 0.0116885595239
1334 0.011529379865
1337 0.0118593907853
1336 0.0108375598749
1331 0.0124117693697
1333 0.0108287439832
1332 0.0111697646116
1317 0.0106642118186
1316 0.0126588479376
1315 0.00813436617821
1351 0.0113974766561
1311 0.011188107354
1279 0.00740456996836
1273 0.00738797009121
1274 0.00727689527016
1275 0.00667353643211
1277 0.00722853448703
1285 0.00615880075989
1284 0.00590826471933
1287 0.00541182845213
1286 0.00741946354389
1281 0.00741449089346
1280 0.00639572683316
1289 0.00938048929957
1304 0.00836147898588
1305 0.00846587620639
1306 0.01229814187
1307 0.00589231079922
1300 0.00676110926381
1301 0.00582352246837
1302 0.00585605188989
1308 0.00806622786703
1309 0.00794942632242
1371 0.011367311182
1370 0.0114290361437
1372 0.0117336666108
1375 0.0111584410832
1374 0.0110839069556
1377 0.0110322728003
1376 0.0113532588535
1378 0.01202131225
1347 0.0109336490316
1278 0.00738848807563
1384 0.0121213990276
1276 0.00658972655311
1298 0.00582124333693
1387 0.0117183035527
1380 0.0112038292399
1381 0.0112664017577
1348 0.0119457113652
1340 0.0115271799547
1341 0.0119774912328
1342 0.0111415679774
1343 0.0134183877887
1344 0.0122823768619
1345 0.0118482734177
1346 0.0119545171004
1283 0.0072434524383
1288 0.00736727509019
1310 0.00636144973499
1303 0.00581937859302
1314 0.0114630230139
1313 0.0135406097672
1312 0.00813755826341
1319 0.0137129462303
1318 0.0109519064589
1388 0.0112562614509
1389 0.0113083748539
1385 0.0110134303553
1386 0.010838040831
1382 0.0111552423014
1383 0.0112812161121
1339 0.0108177241186
1330 0.0124157304271
1373 0.0113004911919
1353 0.0111851619524
1352 0.0111396707325
1357 0.0114705058661
1356 0.0112929027115
1355 0.0107045394448
1379 0.0113781221056
1292 0.00786303275325
1392 0.011776817618
1322 0.0120077902744
1323 0.00984797806506
1320 0.0108936545405
1326 0.0136908800941
1327 0.0107505141168
1324 0.0102839137521
1325 0.0137175044932
1395 0.012053214104
1394 0.011358700595
1393 0.0115219692839
1391 0.0115857849643
1390 0.0118804145018
1321 0.0126946924594
1282 0.00646223603256
1328 0.0118110110406
1329 0.0112306998924
1349 0.0107470710439
1358 0.0112196475268
1299 0.00827200264285
1293 0.00555769286453
1290 0.00692466586522
1291 0.00644130946203
1296 0.00590163451876
1297 0.00584672817035
1294 0.00567123504918
1295 0.00576737295735
1350 0.0121835129337
1354 0.0114706384005
1366 0.0112194906166
1367 0.0114804755427
1364 0.0119168256173
1365 0.0111641698807
1362 0.0113055796271
1363 0.0114507188613
1360 0.0130523266849
1361 0.011991287401
1368 0.0123000787427
1369 0.0110391528177
1398 0.0103025884161
1454 0.00707327924598
1455 0.00996978223441
1456 0.00999509743607
1409 0.00888577925311
1457 0.0092872859639
1403 0.00821407608698
1400 0.010163189668
1407 0.00804262324428
1406 0.00955885394974
1405 0.00989890589216
1448 0.00709534463385
1472 0.00842549947609
1470 0.00877288227883
1471 0.00978025827004
1476 0.00802828261653
1477 0.00884876993627
1474 0.00839949462694
1475 0.0084998007862
1478 0.00964073764329
1479 0.00924699404178
1450 0.00689969352626
1451 0.00990512609025
1452 0.00681894889624
1483 0.00914979578903
1482 0.00967762191202
1481 0.00912112382796
1480 0.00916670645683
1487 0.00924172278858
1486 0.00916557907898
1485 0.00900217022961
1484 0.0100236355039
1488 0.00979843416034
1436 0.0107330644755
1437 0.00760704389117
1434 0.00769406527356
1435 0.00736800931662
1432 0.0107045956456
1433 0.00748766371742
1430 0.00812139675554
1431 0.0107144373495
1438 0.0105143227023
1439 0.0105465900846
1473 0.00880333965575
1408 0.00881266875791
1469 0.00852010588234
1468 0.00841568022346
1465 0.00857812013727
1464 0.00923413669988
1467 0.0096227595782
1466 0.00862370276615
1461 0.00932838955103
1460 0.00996382999267
1463 0.00907493266521
1462 0.00983676536771
1402 0.010111116999
1401 0.00885262825029
1421 0.00772998901651
1420 0.00783542947667
1423 0.00868000740351
1422 0.00858884214576
1425 0.00865514415139
1424 0.00768699630973
1427 0.00855695055604
1426 0.00727538151463
1429 0.00759022463238
1428 0.00840249979015
1453 0.0100489734104
1458 0.00938538815024
1459 0.00960086966855
1442 0.0107042706357
1418 0.00870128589012
1419 0.012501469376
1410 0.00830569279892
1411 0.00793488248513
1412 0.00720178817001
1413 0.00882918691619
1414 0.0088963014464
1415 0.00766490579774
1416 0.00786082086976
1417 0.00778207708151
1399 0.00881195530289
1397 0.00904549642798
1396 0.0106937689668
1404 0.0089493593014
1446 0.0106118764345
1445 0.00664198104296
1444 0.0105694017122
1447 0.00688613452235
1443 0.00754283413632
1441 0.00694202124582
1440 0.010781775324
1449 0.00973321060774
1564 0.0108962654159
1524 0.00751083182501
1525 0.007559095785
1526 0.00855633638696
1566 0.00918585306141
1490 0.00795400885328
1491 0.00826930687789
1492 0.00691758727767
1493 0.00811831126543
1494 0.00663027858658
1495 0.00828704557238
1496 0.00839608637086
1497 0.00765419722598
1498 0.00713468668167
1499 0.00821229331112
1529 0.00842916257252
1511 0.00574210080595
1537 0.0082598265314
1535 0.00852403853495
1534 0.00851995627533
1530 0.00727380696544
1539 0.00850069944281
1538 0.00725601267716
1522 0.00784794827279
1528 0.00886282404604
1518 0.00857275277139
1573 0.00813719358613
1572 0.00785748199986
1570 0.00866368499609
1575 0.00810213315055
1574 0.00805033470865
1489 0.00756268229814
1513 0.00596587007497
1502 0.00857264129758
1503 0.0083466758593
1500 0.00786794778242
1501 0.00635417557121
1506 0.00637196985949
1507 0.00643827186512
1504 0.00865600396647
1505 0.0073977554168
1508 0.00605979791629
1509 0.0066943204194
1571 0.00874241862778
1546 0.00841574999809
1547 0.00821477204351
1544 0.00735759923903
1545 0.00873129391829
1542 0.0081843023718
1543 0.00844329458131
1540 0.00802269123306
1541 0.0074208819679
1548 0.0109114596255
1549 0.00806879458984
1519 0.00926789032025
1515 0.0084884127201
1514 0.00647142286794
1517 0.00780236564391
1516 0.0091253336317
1510 0.00982686735309
1512 0.0084873238639
1536 0.0083073998455
1533 0.00862266455217
1532 0.00841664969401
1531 0.00748270703467
1568 0.0090320015324
1561 0.0110518232465
1552 0.00842713389508
1551 0.0106482422882
1550 0.00792229640827
1553 0.00808329815357
1555 0.0108707115179
1554 0.00805221908843
1557 0.0102603430543
1556 0.00839262626074
1559 0.0111352288946
1558 0.0106359731671
1527 0.00821117594585
1520 0.0090213297368
1521 0.00930165071651
1523 0.0081819512206
1569 0.00883845817772
1560 0.0106331293311
1562 0.0084150922459
1563 0.00848139425153
1565 0.00873364250704
1567 0.00910781007561
1669 0.00847912787701
1668 0.00790312920305
1667 0.00793213633052
1666 0.00728983565092
1665 0.00851642275518
1664 0.00811861072137
1663 0.00732574923731
1662 0.00832580448898
1661 0.00830370382044
1660 0.00835757420001
1623 0.00523433298901
1622 0.00662462252359
1621 0.00625640591298
1620 0.00650859401373
1627 0.00579759894196
1626 0.00640092595414
1625 0.00650030626302
1624 0.00701458667657
1629 0.00649899767081
1628 0.00643814813274
1578 0.007813553287
1577 0.00719196970112
1576 0.00712888297655
1658 0.00868974978959
1659 0.00877538988021
1652 0.00837818909352
1653 0.00942043664328
1650 0.00864448760958
1651 0.00881686555427
1656 0.00801151902352
1657 0.00970645520242
1654 0.00835822326132
1655 0.00868483586959
1618 0.00519289423549
1619 0.00517217485873
1616 0.00624207739897
1617 0.00619424778269
1614 0.00651142929686
1615 0.00582331416843
1612 0.00674348631659
1613 0.00581940211304
1610 0.00619488165835
1611 0.00605806107216
1579 0.00718973251461
1645 0.00669509502844
1644 0.00718963775728
1647 0.00920909900031
1646 0.0104128318915
1641 0.0068456558329
1640 0.0103825888714
1643 0.00617759231176
1642 0.00628547152297
1649 0.00941491147614
1648 0.00637663678072
1588 0.00776520807456
1582 0.00677389294822
1580 0.00761112942968
1581 0.00721045189137
1586 0.00717010559155
1587 0.0072141615295
1584 0.00795168246541
1585 0.0091575105685
1609 0.00586912861727
1608 0.00802212834639
1601 0.00816011212567
1600 0.00545948354982
1603 0.00523985815615
1602 0.0081865020687
1605 0.00820722144546
1604 0.0079641135207
1607 0.00599482616962
1606 0.00499951338572
1678 0.007595639112
1679 0.00870205383105
1674 0.0081771629531
1675 0.00886504626157
1676 0.00746994155965
1677 0.00882637009162
1670 0.00721800847815
1671 0.00834237999039
1672 0.00764068376408
1673 0.00867719057894
1589 0.00936746691968
1583 0.00731359607768
1630 0.00652655080692
1631 0.00773386672021
1632 0.00568447114485
1633 0.00604070629596
1634 0.00734680695244
1635 0.0062895569158
1636 0.00750595357584
1637 0.00701973886784
1638 0.00622739878551
1639 0.00688218957369
1595 0.00710242229413
1594 0.00719496884366
1597 0.00604155827032
1596 0.0081865020687
1591 0.00721198054247
1590 0.00754696340191
1593 0.00803732255602
1592 0.00709965971056
1599 0.009331771432
1598 0.00822241565509
1700 0.00710080248319
1701 0.00695206251751
1702 0.00717432690548
1703 0.00742271616844
1704 0.00782663161634
1705 0.0067531565006
1706 0.00694440725304
1707 0.00713441484288
1708 0.00664562877826
1709 0.00771739267533
1696 0.00733240484523
1697 0.00721765976812
1694 0.0077609218268
1695 0.00768378031563
1692 0.00759569359919
1693 0.00720640587506
1690 0.00710950462143
1758 0.00550837825225
1757 0.00591600472768
1756 0.00576178713497
1755 0.00602114006349
1754 0.00581111101274
1753 0.00653049953497
1752 0.00686090902084
1698 0.0075570901288
1750 0.0060859153782
1759 0.00571709871078
1691 0.00762666026538
1751 0.00654423975324
1699 0.00721641660551
1713 0.00664176843122
1712 0.00649644926558
1711 0.00699897554847
1710 0.00685869446286
1717 0.0070251473928
1716 0.00669404669027
1715 0.0066555086495
1714 0.00720094752695
1719 0.00644417100653
1718 0.00661945693393
1738 0.00630167536295
1731 0.00643718008697
1681 0.00780312392578
1680 0.00720720867201
1768 0.00459834876032
1682 0.00789958481375
1685 0.00704355157372
1684 0.00762666026538
1687 0.00711933752332
1686 0.00774351755032
1689 0.00761924825909
1763 0.00464679436274
1760 0.00577683594546
1761 0.00589120690518
1766 0.00446411488931
1767 0.00436476504967
1764 0.00551446320605
1765 0.00558538890419
1774 0.00398605928087
1728 0.00598833295671
1726 0.006429674142
1727 0.00570495731223
1724 0.00601319620882
1725 0.00690414117063
1722 0.006262894064
1720 0.00643304797269
1721 0.0061274547696
1729 0.00658480774926
1723 0.00677982491006
1775 0.00439235788517
1777 0.00439235788517
1776 0.00430533650277
1771 0.00457479410042
1770 0.00411776908746
1773 0.00414767041961
1772 0.00406064903721
1779 0.00423074674643
1778 0.004355063007
1769 0.00451649631717
1739 0.00583626449236
1730 0.0056013721895
1733 0.00645445350422
1732 0.00618095773098
1735 0.00617299296007
1734 0.00585413682491
1737 0.00542026384539
1736 0.00639499481095
1748 0.00582898334529
1749 0.00602561860474
1744 0.00633290211028
1745 0.00675785738379
1746 0.0065213125177
1747 0.00622101747576
1740 0.00676269917499
1741 0.00629560723211
1742 0.00624466771165
1743 0.00693380847474
1683 0.00782794020855
1762 0.00582263667304
1688 0.00746753545186
1799 0.0014869416495
1798 0.00340616668893
1793 0.00328201902678
1792 0.00281860037224
1791 0.00342730045322
1790 0.00349940388435
1797 0.00251176400654
1796 0.00350189020956
1795 0.00325105236059
1794 0.00248690075442
1849 0.00422722277758
1848 0.00428695078213
1843 0.00376148639625
1841 0.00411929242879
1840 0.00305350190524
1847 0.00415415718122
1846 0.00433667728635
1845 0.00429819544505
1904 0.00385325563117
1902 0.00416760717198
1903 0.00429316659516
1900 0.00442612879449
1901 0.00414274391987
1889 0.00467696664346
1888 0.00444585079776
1887 0.00508201285501
1886 0.00454530380621
1885 0.0036247947091
1884 0.00470182989558
1883 0.0045204405541
1882 0.00364841479861
1881 0.00364965796121
1880 0.00379883747389
1832 0.00373300605527
1833 0.00407442617603
1830 0.00438516062798
1831 0.00308198224622
1836 0.00324964059956
1837 0.00432181553456
1834 0.00369441181502
1835 0.00388580265682
1838 0.00350675046104
1839 0.00419749927399
1876 0.00386579965618
1877 0.00322867543369
1874 0.00318019209207
1875 0.00403859925837
1872 0.00400249134333
1873 0.00364965796121
1870 0.00430181253392
1871 0.00386579965618
1878 0.00394038941252
1879 0.00399135907935
1829 0.00315295491369
1828 0.00326947500178
1825 0.00338757544932
1824 0.00443974738368
1827 0.003208784832
1826 0.00205840305179
1821 0.00324478034809
1820 0.00351189170988
1823 0.00205964621439
1822 0.0033627121972
1861 0.00356020645308
1860 0.00373662314414
1863 0.00389066290829
1862 0.0036086897947
1865 0.00364841479861
1864 0.00387828748171
1867 0.00378634964836
1866 0.00420998709953
1869 0.00320505534418
1868 0.004214847351
1844 0.00363355304681
1814 0.00337395686013
1815 0.00171308484478
1816 0.00342368336435
1817 0.00181005152802
1810 0.00153666815373
1811 0.00326947500178
1812 0.00183977503161
1813 0.00341243870143
1818 0.00373051973006
1819 0.00239744924629
1788 0.00322618910848
1789 0.00233410415287
1780 0.0028709818001
1781 0.0023825874945
1782 0.00335536562052
1783 0.00204116737373
1784 0.00279887836897
1785 0.00354534470129
1786 0.00272428861263
1787 0.00255663025929
1858 0.00428943710734
1859 0.00405470417277
1850 0.00351047994885
1851 0.00426084436741
1852 0.00419749927399
1853 0.00440002237977
1854 0.00426084436741
1855 0.00395287723805
1856 0.00430056937132
1857 0.00417263602188
1842 0.00265845719401
1898 0.00443974738368
1899 0.00440126554238
1894 0.00456768073311
1895 0.00459130082262
1896 0.00469448331889
1897 0.00449184781417
1890 0.00451795422889
1891 0.00464475681466
1892 0.0045204405541
1893 0.00471686024579
1807 0.00205840305179
1806 0.00334909360801
1805 0.00237258599418
1804 0.0023838306571
1803 0.00243231399872
1802 0.00171059851957
1801 0.0018149117795
1800 0.00163849508844
1809 0.00346216520566
1808 0.00175653933651
1948 0.000983966589472
1949 0.000983966589472
1942 0.000805063573205
1943 0.000536709048803
1940 0.000715612065071
1941 0.000805063573205
1946 0.000805063573205
1947 0.000715612065071
1944 0.000715612065071
1945 0.000805063573205
1991 0.00107341809761
1995 0.000983966589472
1994 0.00116286960574
1996 0.000805063573205
1908 0.000626160556937
1909 0.000536709048803
1906 0.000805063573205
1907 0.000805063573205
1905 0.000894515081339
1990 0.00107341809761
1993 0.000983966589472
1999 0.000626160556937
1998 0.000983966589472
2011 0.000536709048803
2010 0.000536709048803
1955 0.000626160556937
1954 0.000715612065071
1957 0.000805063573205
1956 0.000983966589472
1951 0.000805063573205
1950 0.000715612065071
1953 0.000715612065071
1952 0.000805063573205
1959 0.000715612065071
1958 0.000536709048803
1986 0.00116286960574
1985 0.00116286960574
1982 0.00134177262201
1980 0.00152067563828
1981 0.00134177262201
1997 0.000805063573205
1919 0.000805063573205
1918 0.000805063573205
1911 0.000894515081339
1910 0.000626160556937
1913 0.00107341809761
1912 0.000983966589472
1915 0.000626160556937
1914 0.000715612065071
1917 0.000715612065071
1916 0.000983966589472
1992 0.00107341809761
1977 0.00125232111387
1975 0.00116286960574
1974 0.00134177262201
1973 0.000983966589472
1972 0.00152067563828
1971 0.000805063573205
1970 0.00161012714641
1968 0.00152067563828
1969 0.000536709048803
1965 0.00134177262201
1966 0.00143122413014
1960 0.00116286960574
1961 0.00125232111387
1962 0.00125232111387
1920 0.00107341809761
1921 0.000894515081339
1922 0.000894515081339
1923 0.000983966589472
1924 0.000805063573205
1925 0.000894515081339
1926 0.000715612065071
1927 0.000536709048803
1928 0.000983966589472
1929 0.000536709048803
1987 0.00116286960574
1979 0.00152067563828
1978 0.00125232111387
1976 0.00134177262201
1964 0.000536709048803
1967 0.00161012714641
1963 0.000715612065071
1988 0.00107341809761
1933 0.000805063573205
1932 0.000805063573205
1931 0.000715612065071
1930 0.000715612065071
1937 0.000805063573205
1936 0.000805063573205
1935 0.000715612065071
1934 0.000805063573205
1939 0.000983966589472
1938 0.000536709048803
1984 0.00107341809761
1983 0.00107341809761
1989 0.00107341809761
2002 0.000447257540669
2003 0.000626160556937
2000 0.000357806032535
2001 0.000447257540669
2006 0.000715612065071
2007 0.000715612065071
2004 0.000626160556937
2005 0.000805063573205
2008 0.000626160556937
2009 0.000536709048803
