1 0.00248632521133764
0 0.00994530084535057
3 0.00198906016907011
2 0.00198906016907011
24 0.00994530084535057
25 0.0159124813525609
26 0.0034808552958727
27 0.0149179512680259
20 0.016907011437096
21 0.00546991546494281
22 0.00646444554947787
23 0.00397812033814023
28 0.00596718050721034
29 0.0124316260566882
4 0.00149179512680259
8 0.00497265042267529
59 0.0139234211834908
58 0.0164097463948284
55 0.0183988065638986
54 0.0119343610144207
57 0.0134261561412233
56 0.0139234211834908
51 0.0124316260566882
50 0.0119343610144207
53 0.0119343610144207
52 0.0119343610144207
88 0.017901541521631
89 0.0164097463948284
82 0.0174042764793635
83 0.0144206862257583
80 0.00745897563401293
81 0.0114370959721532
86 0.0154152163102934
87 0.026355047240179
84 0.016907011437096
85 0.016907011437096
7 0.00497265042267529
108 0.0233714569865738
109 0.0174042764793635
102 0.0228741919443063
103 0.0149179512680259
100 0.0134261561412233
101 0.0139234211834908
106 0.0223769269020388
107 0.0149179512680259
104 0.0218796618597713
105 0.0159124813525609
39 0.0104425658876181
38 0.0159124813525609
33 0.0164097463948284
32 0.0124316260566882
31 0.00447538538040776
30 0.00447538538040776
37 0.00646444554947787
36 0.017901541521631
35 0.0104425658876181
34 0.0119343610144207
60 0.0124316260566882
61 0.0124316260566882
62 0.0243659870711089
63 0.0109398309298856
64 0.00994530084535057
65 0.0174042764793635
66 0.0129288910989557
67 0.0129288910989557
68 0.0273495773247141
69 0.0298359025360517
6 0.00546991546494281
99 0.017901541521631
98 0.0228741919443063
91 0.0129288910989557
90 0.0198906016907011
93 0.0109398309298856
92 0.0159124813525609
95 0.0154152163102934
94 0.0154152163102934
97 0.0154152163102934
96 0.0174042764793635
11 0.016907011437096
10 0.0124316260566882
13 0.00596718050721034
12 0.0034808552958727
15 0.00546991546494281
14 0.00248632521133764
17 0.0154152163102934
16 0.00596718050721034
19 0.00447538538040776
18 0.00298359025360517
48 0.0139234211834908
49 0.0129288910989557
46 0.0144206862257583
47 0.0124316260566882
44 0.0134261561412233
45 0.0119343610144207
42 0.0119343610144207
43 0.0134261561412233
40 0.0134261561412233
41 0.0144206862257583
9 0.0124316260566882
77 0.0159124813525609
76 0.016907011437096
75 0.0144206862257583
74 0.00994530084535057
73 0.0149179512680259
72 0.0174042764793635
71 0.0164097463948284
70 0.0174042764793635
79 0.017901541521631
78 0.00895077076081552
165 0.016907011437096
133 0.0119343610144207
132 0.0218796618597713
131 0.00845350571854799
130 0.0188960716061661
137 0.0144206862257583
136 0.0149179512680259
135 0.0203878667329687
129 0.0119343610144207
139 0.0183988065638986
138 0.016907011437096
160 0.0174042764793635
163 0.0144206862257583
120 0.0154152163102934
121 0.0149179512680259
122 0.017901541521631
123 0.0203878667329687
124 0.0139234211834908
125 0.0159124813525609
126 0.0208851317752362
127 0.0114370959721532
128 0.0174042764793635
167 0.0149179512680259
201 0.0198906016907011
199 0.0303331675783192
198 0.0198906016907011
200 0.0134261561412233
195 0.0203878667329687
194 0.0139234211834908
197 0.0283441074092491
134 0.0159124813525609
191 0.0323222277473894
190 0.016907011437096
193 0.0139234211834908
192 0.0134261561412233
115 0.0129288910989557
116 0.017901541521631
111 0.0114370959721532
110 0.0223769269020388
113 0.0174042764793635
112 0.0129288910989557
178 0.0119343610144207
162 0.0109398309298856
176 0.016907011437096
179 0.0124316260566882
177 0.016907011437096
175 0.016907011437096
174 0.0188960716061661
173 0.0124316260566882
172 0.017901541521631
171 0.0104425658876181
170 0.0144206862257583
203 0.0114370959721532
145 0.0188960716061661
182 0.0258577821979115
183 0.0164097463948284
180 0.0213823968175037
181 0.0114370959721532
186 0.016907011437096
187 0.0293386374937842
184 0.0218796618597713
188 0.0149179512680259
189 0.0124316260566882
196 0.0129288910989557
185 0.0124316260566882
168 0.0129288910989557
169 0.0119343610144207
164 0.0134261561412233
166 0.0109398309298856
161 0.0188960716061661
114 0.0139234211834908
117 0.0223769269020388
151 0.0164097463948284
150 0.017901541521631
153 0.0144206862257583
152 0.017901541521631
155 0.0149179512680259
154 0.016907011437096
157 0.0164097463948284
156 0.0174042764793635
159 0.0149179512680259
158 0.0119343610144207
119 0.016907011437096
118 0.0144206862257583
5 0.00248632521133764
146 0.017901541521631
147 0.0223769269020388
144 0.016907011437096
202 0.0283441074092491
142 0.017901541521631
143 0.0203878667329687
140 0.0198906016907011
141 0.0164097463948284
148 0.016907011437096
149 0.017901541521631
216 0.0124316260566882
217 0.0258577821979115
214 0.0149179512680259
215 0.0124316260566882
212 0.0104425658876181
265 0.0188960716061661
210 0.0174042764793635
211 0.0228741919443063
264 0.0223769269020388
218 0.0174042764793635
219 0.0119343610144207
213 0.0134261561412233
289 0.0208851317752362
221 0.025360517155644
281 0.0248632521133764
283 0.0397812033814023
220 0.0129288910989557
285 0.0139234211834908
284 0.0159124813525609
287 0.0193933366484336
286 0.0218796618597713
227 0.0144206862257583
260 0.0248632521133764
269 0.0233714569865738
268 0.0134261561412233
258 0.017901541521631
259 0.0183988065638986
298 0.0193933366484336
299 0.0223769269020388
296 0.0193933366484336
297 0.016907011437096
294 0.017901541521631
295 0.0193933366484336
292 0.026355047240179
293 0.0218796618597713
290 0.0223769269020388
291 0.0183988065638986
277 0.026355047240179
204 0.0193933366484336
251 0.0188960716061661
304 0.0243659870711089
256 0.0213823968175037
226 0.0124316260566882
257 0.0228741919443063
254 0.0288413724515167
247 0.0218796618597713
308 0.0154152163102934
309 0.017901541521631
255 0.00944803580308304
300 0.016907011437096
301 0.0183988065638986
302 0.0203878667329687
303 0.0233714569865738
225 0.0248632521133764
305 0.0174042764793635
306 0.0159124813525609
307 0.0144206862257583
245 0.0188960716061661
244 0.016907011437096
241 0.0139234211834908
240 0.0159124813525609
243 0.0154152163102934
242 0.016907011437096
248 0.0164097463948284
246 0.0124316260566882
252 0.0278468423669816
223 0.0174042764793635
288 0.0198906016907011
272 0.0233714569865738
250 0.0149179512680259
310 0.0183988065638986
271 0.0198906016907011
229 0.0139234211834908
228 0.0114370959721532
224 0.0188960716061661
222 0.0223769269020388
282 0.0213823968175037
273 0.0164097463948284
274 0.0198906016907011
253 0.0109398309298856
275 0.0223769269020388
276 0.0193933366484336
278 0.0188960716061661
238 0.0129288910989557
239 0.0213823968175037
279 0.0243659870711089
234 0.026355047240179
235 0.0159124813525609
236 0.0124316260566882
237 0.0193933366484336
230 0.0228741919443063
231 0.017901541521631
232 0.017901541521631
233 0.0139234211834908
280 0.0164097463948284
205 0.0293386374937842
207 0.0174042764793635
206 0.0119343610144207
209 0.0124316260566882
208 0.0119343610144207
263 0.0233714569865738
249 0.0124316260566882
262 0.0188960716061661
261 0.0164097463948284
266 0.0159124813525609
270 0.0238687220288414
267 0.0154152163102934
344 0.0208851317752362
346 0.0159124813525609
347 0.016907011437096
340 0.0174042764793635
341 0.0144206862257583
342 0.0164097463948284
343 0.0139234211834908
348 0.00795624067628046
349 0.0104425658876181
339 0.0159124813525609
338 0.0139234211834908
335 0.0218796618597713
334 0.0154152163102934
337 0.0174042764793635
336 0.0193933366484336
331 0.0139234211834908
330 0.0164097463948284
333 0.0159124813525609
332 0.0223769269020388
345 0.0164097463948284
407 0.025360517155644
406 0.0303331675783192
405 0.0223769269020388
404 0.0223769269020388
403 0.0278468423669816
402 0.0223769269020388
401 0.0208851317752362
400 0.0228741919443063
409 0.0288413724515167
408 0.0208851317752362
379 0.0203878667329687
378 0.0243659870711089
371 0.016907011437096
370 0.0193933366484336
373 0.0174042764793635
372 0.0193933366484336
375 0.016907011437096
374 0.0164097463948284
377 0.0164097463948284
376 0.0228741919443063
393 0.0397812033814023
392 0.0183988065638986
397 0.0218796618597713
396 0.0218796618597713
395 0.0223769269020388
394 0.0278468423669816
399 0.0288413724515167
322 0.0109398309298856
323 0.017901541521631
320 0.0129288910989557
321 0.0124316260566882
326 0.016907011437096
327 0.0174042764793635
324 0.0174042764793635
325 0.017901541521631
328 0.0104425658876181
329 0.0154152163102934
414 0.0228741919443063
415 0.0183988065638986
416 0.0208851317752362
417 0.0149179512680259
410 0.0308304326205868
411 0.0273495773247141
412 0.0218796618597713
413 0.0238687220288414
418 0.0238687220288414
419 0.0174042764793635
319 0.0104425658876181
318 0.0144206862257583
313 0.0139234211834908
312 0.0193933366484336
311 0.0129288910989557
317 0.0139234211834908
316 0.0114370959721532
315 0.0159124813525609
314 0.0183988065638986
368 0.0174042764793635
369 0.0129288910989557
366 0.0174042764793635
367 0.016907011437096
364 0.0198906016907011
365 0.0149179512680259
362 0.0208851317752362
363 0.0144206862257583
360 0.0193933366484336
361 0.0149179512680259
380 0.016907011437096
381 0.0203878667329687
382 0.0218796618597713
383 0.0203878667329687
384 0.0213823968175037
385 0.0293386374937842
386 0.0328194927896569
387 0.0174042764793635
388 0.0243659870711089
389 0.0188960716061661
357 0.0124316260566882
356 0.0134261561412233
355 0.0323222277473894
354 0.0104425658876181
353 0.0203878667329687
352 0.0154152163102934
351 0.016907011437096
350 0.0149179512680259
359 0.0159124813525609
358 0.016907011437096
421 0.0174042764793635
420 0.0258577821979115
422 0.0248632521133764
391 0.0268523122824465
390 0.0174042764793635
398 0.0228741919443063
524 0.0159124813525609
525 0.0198906016907011
526 0.0159124813525609
527 0.0164097463948284
520 0.017901541521631
521 0.0258577821979115
522 0.0223769269020388
523 0.0223769269020388
449 0.0273495773247141
448 0.0208851317752362
443 0.0188960716061661
442 0.0198906016907011
441 0.0198906016907011
440 0.0213823968175037
447 0.0213823968175037
446 0.0258577821979115
445 0.0193933366484336
444 0.0198906016907011
438 0.0164097463948284
439 0.0203878667329687
436 0.0193933366484336
437 0.0258577821979115
434 0.0283441074092491
435 0.025360517155644
432 0.0154152163102934
433 0.0213823968175037
430 0.0218796618597713
431 0.0223769269020388
498 0.0223769269020388
499 0.0193933366484336
494 0.0139234211834908
495 0.0203878667329687
497 0.0159124813525609
490 0.0183988065638986
491 0.0223769269020388
492 0.016907011437096
493 0.0198906016907011
519 0.0149179512680259
518 0.0218796618597713
511 0.0149179512680259
510 0.0288413724515167
513 0.0144206862257583
512 0.0198906016907011
515 0.0149179512680259
514 0.0174042764793635
517 0.016907011437096
516 0.0213823968175037
458 0.0164097463948284
459 0.016907011437096
450 0.0164097463948284
451 0.0248632521133764
452 0.0183988065638986
453 0.0188960716061661
454 0.0154152163102934
455 0.0149179512680259
456 0.0183988065638986
457 0.0223769269020388
496 0.0193933366484336
508 0.0188960716061661
509 0.0164097463948284
506 0.0198906016907011
507 0.0308304326205868
504 0.0193933366484336
505 0.0164097463948284
502 0.0188960716061661
503 0.0198906016907011
500 0.0183988065638986
501 0.0159124813525609
469 0.026355047240179
468 0.0208851317752362
465 0.0203878667329687
464 0.017901541521631
467 0.0174042764793635
466 0.0149179512680259
461 0.0154152163102934
460 0.0164097463948284
463 0.0159124813525609
462 0.016907011437096
429 0.0223769269020388
428 0.0258577821979115
423 0.0233714569865738
425 0.0129288910989557
424 0.026355047240179
427 0.0228741919443063
426 0.0139234211834908
489 0.0174042764793635
488 0.0188960716061661
487 0.017901541521631
486 0.016907011437096
485 0.0223769269020388
484 0.016907011437096
483 0.0154152163102934
482 0.0228741919443063
481 0.0164097463948284
480 0.0198906016907011
472 0.0183988065638986
473 0.0228741919443063
470 0.0183988065638986
471 0.0213823968175037
476 0.0183988065638986
477 0.0228741919443063
474 0.0193933366484336
475 0.0174042764793635
478 0.0183988065638986
479 0.0208851317752362
591 0.0203878667329687
590 0.0228741919443063
593 0.0228741919443063
592 0.0258577821979115
595 0.0248632521133764
597 0.0238687220288414
596 0.025360517155644
599 0.0223769269020388
528 0.0129288910989557
529 0.0149179512680259
601 0.0203878667329687
559 0.0213823968175037
558 0.0213823968175037
555 0.0203878667329687
554 0.0183988065638986
557 0.0164097463948284
556 0.0164097463948284
551 0.00944803580308304
550 0.0139234211834908
553 0.0238687220288414
552 0.0164097463948284
618 0.016907011437096
619 0.0188960716061661
612 0.0203878667329687
613 0.0193933366484336
610 0.0223769269020388
611 0.0174042764793635
616 0.0183988065638986
617 0.0174042764793635
614 0.0198906016907011
615 0.0213823968175037
623 0.025360517155644
622 0.0203878667329687
629 0.0183988065638986
607 0.0273495773247141
586 0.0203878667329687
587 0.0159124813525609
584 0.0208851317752362
585 0.0268523122824465
582 0.0223769269020388
583 0.0208851317752362
580 0.0228741919443063
581 0.0233714569865738
588 0.0218796618597713
589 0.0223769269020388
621 0.0228741919443063
620 0.0243659870711089
627 0.0233714569865738
626 0.0233714569865738
625 0.025360517155644
624 0.026355047240179
628 0.0238687220288414
594 0.0208851317752362
598 0.0243659870711089
542 0.0134261561412233
543 0.0119343610144207
540 0.0119343610144207
541 0.0198906016907011
546 0.0104425658876181
547 0.00994530084535057
544 0.0159124813525609
545 0.0278468423669816
548 0.0278468423669816
549 0.0129288910989557
579 0.0203878667329687
578 0.0203878667329687
604 0.0193933366484336
573 0.0208851317752362
572 0.0208851317752362
571 0.0114370959721532
570 0.0258577821979115
577 0.0174042764793635
576 0.0198906016907011
575 0.0203878667329687
574 0.0233714569865738
630 0.0183988065638986
631 0.0188960716061661
632 0.0213823968175037
633 0.0238687220288414
635 0.0188960716061661
636 0.017901541521631
537 0.0208851317752362
536 0.0119343610144207
535 0.016907011437096
534 0.0149179512680259
533 0.0164097463948284
532 0.0124316260566882
531 0.0144206862257583
530 0.0119343610144207
539 0.0188960716061661
538 0.0164097463948284
568 0.0139234211834908
569 0.0144206862257583
560 0.0193933366484336
561 0.0268523122824465
562 0.0188960716061661
563 0.0233714569865738
564 0.0213823968175037
565 0.0144206862257583
566 0.0233714569865738
567 0.0233714569865738
605 0.0238687220288414
606 0.0218796618597713
600 0.0213823968175037
603 0.0213823968175037
602 0.0243659870711089
609 0.0198906016907011
608 0.0213823968175037
634 0.0193933366484336
719 0.017901541521631
718 0.0288413724515167
717 0.0198906016907011
716 0.0372948781700646
715 0.0303331675783192
714 0.0208851317752362
713 0.0313276976628543
712 0.0377921432123322
711 0.0328194927896569
710 0.0193933366484336
736 0.0218796618597713
641 0.0154152163102934
640 0.0129288910989557
643 0.016907011437096
642 0.017901541521631
645 0.0223769269020388
644 0.0144206862257583
647 0.0218796618597713
648 0.0183988065638986
744 0.0278468423669816
745 0.0288413724515167
748 0.0223769269020388
749 0.0243659870711089
740 0.0268523122824465
741 0.025360517155644
742 0.0293386374937842
743 0.0293386374937842
746 0.0283441074092491
747 0.0303331675783192
689 0.0363003480855296
688 0.0134261561412233
685 0.0134261561412233
684 0.0129288910989557
687 0.026355047240179
686 0.0139234211834908
681 0.0119343610144207
680 0.0208851317752362
683 0.0109398309298856
682 0.0124316260566882
708 0.0174042764793635
709 0.025360517155644
704 0.0353058180009945
705 0.0213823968175037
706 0.0228741919443063
707 0.026355047240179
700 0.017901541521631
701 0.0193933366484336
702 0.0183988065638986
703 0.0367976131277971
656 0.0198906016907011
657 0.0188960716061661
654 0.0149179512680259
655 0.016907011437096
652 0.0139234211834908
651 0.0188960716061661
658 0.0119343610144207
653 0.0149179512680259
650 0.016907011437096
659 0.0139234211834908
753 0.0293386374937842
752 0.0223769269020388
756 0.0293386374937842
669 0.0134261561412233
668 0.0154152163102934
667 0.0119343610144207
666 0.0164097463948284
665 0.0154152163102934
664 0.0144206862257583
663 0.017901541521631
662 0.0203878667329687
661 0.0198906016907011
660 0.0124316260566882
692 0.0149179512680259
693 0.0164097463948284
690 0.0104425658876181
691 0.0218796618597713
696 0.0318249627051218
697 0.0193933366484336
694 0.0467429139731477
695 0.0134261561412233
698 0.0293386374937842
699 0.0353058180009945
731 0.0298359025360517
730 0.0218796618597713
733 0.0278468423669816
732 0.0183988065638986
735 0.0313276976628543
734 0.0238687220288414
637 0.0149179512680259
638 0.0159124813525609
646 0.016907011437096
649 0.016907011437096
678 0.0228741919443063
679 0.00994530084535057
674 0.0139234211834908
675 0.0144206862257583
676 0.0159124813525609
677 0.00845350571854799
670 0.0139234211834908
671 0.0208851317752362
672 0.017901541521631
673 0.0114370959721532
751 0.0278468423669816
750 0.0248632521133764
757 0.0268523122824465
737 0.025360517155644
755 0.0243659870711089
754 0.0308304326205868
759 0.0298359025360517
758 0.0258577821979115
739 0.0298359025360517
738 0.0203878667329687
726 0.0308304326205868
727 0.0218796618597713
724 0.0213823968175037
725 0.0313276976628543
722 0.025360517155644
723 0.0313276976628543
720 0.017901541521631
721 0.0218796618597713
728 0.0303331675783192
729 0.0303331675783192
639 0.0154152163102934
810 0.0183988065638986
811 0.0149179512680259
812 0.0243659870711089
813 0.0124316260566882
814 0.017901541521631
815 0.0188960716061661
816 0.016907011437096
817 0.0303331675783192
854 0.0139234211834908
818 0.0139234211834908
856 0.0193933366484336
857 0.0183988065638986
850 0.0183988065638986
851 0.0159124813525609
852 0.0283441074092491
853 0.0278468423669816
858 0.0203878667329687
859 0.0149179512680259
844 0.0238687220288414
819 0.0238687220288414
820 0.0193933366484336
829 0.0134261561412233
828 0.0233714569865738
827 0.0134261561412233
821 0.0248632521133764
797 0.0198906016907011
796 0.0243659870711089
795 0.0208851317752362
794 0.0208851317752362
793 0.0238687220288414
792 0.0248632521133764
791 0.0213823968175037
790 0.0238687220288414
799 0.0183988065638986
798 0.0193933366484336
869 0.0258577821979115
868 0.017901541521631
861 0.0367976131277971
860 0.0273495773247141
863 0.0198906016907011
862 0.0258577821979115
865 0.026355047240179
864 0.0203878667329687
867 0.0208851317752362
866 0.0124316260566882
809 0.0213823968175037
775 0.0188960716061661
774 0.0183988065638986
777 0.0193933366484336
776 0.0164097463948284
771 0.0213823968175037
770 0.0278468423669816
773 0.0248632521133764
772 0.0223769269020388
779 0.017901541521631
778 0.0154152163102934
805 0.0258577821979115
832 0.017901541521631
833 0.0318249627051218
830 0.0203878667329687
831 0.0154152163102934
836 0.0134261561412233
837 0.0193933366484336
834 0.0193933366484336
835 0.017901541521631
838 0.0208851317752362
839 0.0104425658876181
784 0.0283441074092491
785 0.0198906016907011
786 0.0233714569865738
787 0.0223769269020388
780 0.0218796618597713
781 0.017901541521631
782 0.0129288910989557
783 0.0228741919443063
788 0.0174042764793635
789 0.0218796618597713
870 0.0213823968175037
808 0.0223769269020388
803 0.0248632521133764
802 0.0188960716061661
801 0.016907011437096
800 0.0243659870711089
807 0.0268523122824465
806 0.0203878667329687
804 0.0149179512680259
768 0.0223769269020388
769 0.0203878667329687
762 0.025360517155644
763 0.025360517155644
760 0.0208851317752362
761 0.0213823968175037
766 0.0218796618597713
767 0.0203878667329687
764 0.0188960716061661
765 0.0228741919443063
855 0.0183988065638986
825 0.0174042764793635
824 0.0303331675783192
847 0.0193933366484336
846 0.0303331675783192
845 0.0139234211834908
826 0.0183988065638986
843 0.0183988065638986
842 0.0193933366484336
841 0.0144206862257583
840 0.0129288910989557
849 0.0183988065638986
848 0.0268523122824465
823 0.0134261561412233
822 0.0288413724515167
914 0.0203878667329687
917 0.0203878667329687
916 0.0208851317752362
902 0.017901541521631
903 0.0208851317752362
900 0.0273495773247141
901 0.0188960716061661
906 0.0218796618597713
907 0.0213823968175037
904 0.0298359025360517
905 0.0198906016907011
908 0.0338140228741919
909 0.0228741919443063
948 0.0149179512680259
949 0.0144206862257583
946 0.0174042764793635
947 0.0208851317752362
944 0.0188960716061661
945 0.0159124813525609
942 0.025360517155644
943 0.017901541521631
940 0.0203878667329687
941 0.0203878667329687
939 0.0198906016907011
938 0.0183988065638986
933 0.0248632521133764
932 0.0198906016907011
931 0.016907011437096
930 0.0159124813525609
937 0.0203878667329687
936 0.0228741919443063
934 0.017901541521631
924 0.0218796618597713
883 0.0193933366484336
882 0.0248632521133764
881 0.025360517155644
880 0.0218796618597713
887 0.0203878667329687
886 0.0238687220288414
885 0.0238687220288414
889 0.0213823968175037
888 0.0193933366484336
928 0.0183988065638986
929 0.0193933366484336
920 0.025360517155644
921 0.016907011437096
922 0.0233714569865738
923 0.0218796618597713
925 0.0174042764793635
926 0.0208851317752362
927 0.016907011437096
884 0.0243659870711089
964 0.0154152163102934
965 0.0203878667329687
966 0.0174042764793635
967 0.0154152163102934
960 0.0164097463948284
961 0.0218796618597713
962 0.0193933366484336
963 0.0208851317752362
968 0.0183988065638986
935 0.017901541521631
878 0.0193933366484336
879 0.0223769269020388
876 0.0208851317752362
877 0.0223769269020388
874 0.0154152163102934
875 0.0268523122824465
872 0.0213823968175037
873 0.0223769269020388
871 0.0228741919443063
890 0.0198906016907011
891 0.0208851317752362
892 0.0198906016907011
893 0.0238687220288414
894 0.0203878667329687
895 0.0218796618597713
896 0.0188960716061661
897 0.0223769269020388
898 0.0223769269020388
899 0.0228741919443063
919 0.0218796618597713
918 0.0213823968175037
915 0.0213823968175037
911 0.0268523122824465
910 0.0288413724515167
913 0.0183988065638986
912 0.017901541521631
959 0.0174042764793635
958 0.0198906016907011
951 0.0223769269020388
950 0.0238687220288414
953 0.0139234211834908
952 0.0149179512680259
955 0.0218796618597713
954 0.0233714569865738
957 0.0203878667329687
956 0.0183988065638986
1069 0.0134261561412233
1068 0.0208851317752362
1061 0.0208851317752362
1060 0.0233714569865738
1063 0.0188960716061661
1062 0.0159124813525609
1065 0.0154152163102934
1064 0.0164097463948284
1067 0.0149179512680259
1066 0.0218796618597713
1018 0.0134261561412233
1014 0.0164097463948284
1015 0.0154152163102934
1016 0.0213823968175037
1017 0.0164097463948284
1010 0.0144206862257583
1011 0.0149179512680259
1012 0.016907011437096
1013 0.0174042764793635
1050 0.0164097463948284
1051 0.0139234211834908
1052 0.0159124813525609
1053 0.0139234211834908
1054 0.0174042764793635
1055 0.0159124813525609
1056 0.0273495773247141
1057 0.016907011437096
1058 0.0119343610144207
1059 0.0154152163102934
1006 0.0144206862257583
1009 0.0149179512680259
1008 0.0124316260566882
1007 0.0104425658876181
1005 0.0129288910989557
1004 0.0183988065638986
1003 0.017901541521631
1002 0.017901541521631
1001 0.017901541521631
1000 0.017901541521631
977 0.0124316260566882
976 0.0154152163102934
975 0.0134261561412233
974 0.0159124813525609
973 0.0164097463948284
972 0.0164097463948284
971 0.016907011437096
970 0.0198906016907011
979 0.0149179512680259
978 0.0149179512680259
1043 0.0283441074092491
1042 0.0129288910989557
1041 0.0129288910989557
1040 0.0164097463948284
1047 0.0154152163102934
1046 0.0149179512680259
1045 0.0154152163102934
1044 0.0154152163102934
1049 0.0149179512680259
1048 0.0174042764793635
1019 0.0159124813525609
995 0.0159124813525609
994 0.0303331675783192
997 0.0159124813525609
996 0.0139234211834908
991 0.0154152163102934
990 0.0144206862257583
993 0.0174042764793635
992 0.0144206862257583
999 0.016907011437096
998 0.0174042764793635
1030 0.016907011437096
1031 0.0174042764793635
1036 0.0183988065638986
1037 0.016907011437096
1034 0.016907011437096
1035 0.0144206862257583
969 0.0183988065638986
1076 0.0183988065638986
1077 0.0134261561412233
1074 0.016907011437096
1075 0.0203878667329687
1072 0.0233714569865738
1073 0.0129288910989557
1070 0.016907011437096
1071 0.0139234211834908
988 0.0159124813525609
989 0.016907011437096
982 0.0149179512680259
983 0.0149179512680259
980 0.0174042764793635
981 0.0159124813525609
986 0.016907011437096
987 0.0149179512680259
984 0.0154152163102934
985 0.0188960716061661
1038 0.0124316260566882
1039 0.00994530084535057
1032 0.0149179512680259
1033 0.0159124813525609
1025 0.0159124813525609
1024 0.0174042764793635
1027 0.0174042764793635
1026 0.0183988065638986
1021 0.0154152163102934
1020 0.0164097463948284
1023 0.016907011437096
1022 0.0139234211834908
1029 0.016907011437096
1028 0.0193933366484336
1128 0.0159124813525609
1086 0.0174042764793635
1085 0.0188960716061661
1084 0.0149179512680259
1083 0.0183988065638986
1082 0.016907011437096
1081 0.0159124813525609
1080 0.017901541521631
1120 0.0238687220288414
1121 0.017901541521631
1122 0.0248632521133764
1123 0.0119343610144207
1124 0.0238687220288414
1125 0.0149179512680259
1089 0.0149179512680259
1088 0.0139234211834908
1138 0.0129288910989557
1175 0.0159124813525609
1174 0.0183988065638986
1173 0.0193933366484336
1172 0.0258577821979115
1171 0.0159124813525609
1170 0.0174042764793635
1139 0.0164097463948284
1133 0.0223769269020388
1132 0.0154152163102934
1131 0.0203878667329687
1130 0.0183988065638986
1137 0.0114370959721532
1136 0.0193933366484336
1135 0.0119343610144207
1134 0.0139234211834908
1087 0.0164097463948284
1129 0.0154152163102934
1148 0.017901541521631
1126 0.0129288910989557
1127 0.0134261561412233
1142 0.0213823968175037
1143 0.0233714569865738
1140 0.0248632521133764
1141 0.0198906016907011
1146 0.0129288910989557
1147 0.017901541521631
1144 0.0124316260566882
1145 0.0104425658876181
1149 0.016907011437096
1164 0.0159124813525609
1106 0.0149179512680259
1107 0.0174042764793635
1104 0.0104425658876181
1105 0.0144206862257583
1102 0.0149179512680259
1103 0.016907011437096
1100 0.016907011437096
1101 0.0338140228741919
1108 0.0363003480855296
1109 0.0149179512680259
1159 0.0134261561412233
1158 0.0233714569865738
1155 0.0124316260566882
1099 0.0174042764793635
1078 0.0188960716061661
1079 0.0139234211834908
1094 0.0183988065638986
1095 0.016907011437096
1096 0.0139234211834908
1097 0.016907011437096
1090 0.0174042764793635
1091 0.0144206862257583
1092 0.0139234211834908
1093 0.0193933366484336
1154 0.0124316260566882
1157 0.0258577821979115
1156 0.0203878667329687
1098 0.0109398309298856
1150 0.0248632521133764
1153 0.0183988065638986
1152 0.0188960716061661
1151 0.0149179512680259
1165 0.0159124813525609
1166 0.016907011437096
1167 0.0188960716061661
1160 0.0273495773247141
1161 0.0154152163102934
1162 0.0183988065638986
1163 0.017901541521631
1168 0.0134261561412233
1169 0.0223769269020388
1111 0.0109398309298856
1110 0.0218796618597713
1113 0.016907011437096
1112 0.0149179512680259
1115 0.0213823968175037
1114 0.0149179512680259
1117 0.0139234211834908
1116 0.0154152163102934
1119 0.016907011437096
1118 0.0293386374937842
1269 0.0198906016907011
1268 0.0144206862257583
1260 0.0213823968175037
1258 0.0134261561412233
1259 0.0213823968175037
1234 0.0129288910989557
1235 0.0134261561412233
1236 0.0193933366484336
1237 0.0159124813525609
1230 0.0218796618597713
1231 0.0139234211834908
1232 0.0193933366484336
1233 0.0198906016907011
1238 0.0119343610144207
1239 0.0139234211834908
1241 0.0124316260566882
1240 0.0213823968175037
1243 0.0193933366484336
1242 0.00994530084535057
1245 0.0174042764793635
1244 0.0134261561412233
1247 0.0124316260566882
1246 0.0119343610144207
1249 0.016907011437096
1248 0.0129288910989557
1199 0.0203878667329687
1191 0.0228741919443063
1193 0.0154152163102934
1192 0.00994530084535057
1195 0.0124316260566882
1194 0.017901541521631
1197 0.0154152163102934
1196 0.0203878667329687
1177 0.016907011437096
1176 0.017901541521631
1270 0.0144206862257583
1271 0.0223769269020388
1272 0.016907011437096
1179 0.0164097463948284
1178 0.0144206862257583
1190 0.0139234211834908
1226 0.0193933366484336
1227 0.0139234211834908
1225 0.0183988065638986
1224 0.0198906016907011
1223 0.0183988065638986
1222 0.016907011437096
1221 0.0144206862257583
1220 0.0164097463948284
1229 0.0149179512680259
1228 0.017901541521631
1263 0.0159124813525609
1262 0.0218796618597713
1261 0.0124316260566882
1267 0.0188960716061661
1266 0.016907011437096
1265 0.0139234211834908
1264 0.0203878667329687
1188 0.0144206862257583
1189 0.00944803580308304
1182 0.0144206862257583
1208 0.0144206862257583
1212 0.00845350571854799
1213 0.0154152163102934
1210 0.0154152163102934
1211 0.00994530084535057
1216 0.0149179512680259
1217 0.017901541521631
1214 0.016907011437096
1215 0.0129288910989557
1201 0.017901541521631
1218 0.0208851317752362
1219 0.016907011437096
1198 0.0183988065638986
1256 0.0164097463948284
1257 0.0183988065638986
1254 0.0139234211834908
1255 0.016907011437096
1252 0.0159124813525609
1253 0.0198906016907011
1250 0.0273495773247141
1251 0.016907011437096
1186 0.0273495773247141
1187 0.0159124813525609
1184 0.0114370959721532
1185 0.0223769269020388
1183 0.0218796618597713
1180 0.0174042764793635
1181 0.0119343610144207
1209 0.0124316260566882
1205 0.0164097463948284
1204 0.00944803580308304
1207 0.00944803580308304
1206 0.0109398309298856
1200 0.0164097463948284
1203 0.0159124813525609
1202 0.00895077076081552
1359 0.0203878667329687
1338 0.026355047240179
1335 0.025360517155644
1334 0.0238687220288414
1337 0.026355047240179
1336 0.0188960716061661
1331 0.0283441074092491
1333 0.0193933366484336
1332 0.0218796618597713
1317 0.0174042764793635
1316 0.0308304326205868
1315 0.0203878667329687
1351 0.0203878667329687
1311 0.0298359025360517
1279 0.0149179512680259
1273 0.0119343610144207
1274 0.0188960716061661
1275 0.017901541521631
1277 0.0134261561412233
1285 0.0119343610144207
1284 0.00745897563401293
1287 0.00745897563401293
1286 0.0129288910989557
1281 0.0124316260566882
1280 0.00994530084535057
1289 0.0238687220288414
1304 0.0273495773247141
1305 0.0248632521133764
1306 0.0323222277473894
1307 0.0124316260566882
1300 0.0154152163102934
1301 0.0129288910989557
1302 0.0144206862257583
1308 0.0243659870711089
1309 0.0119343610144207
1371 0.0203878667329687
1370 0.0188960716061661
1372 0.0233714569865738
1375 0.0203878667329687
1374 0.017901541521631
1377 0.0208851317752362
1376 0.0213823968175037
1378 0.0283441074092491
1347 0.0203878667329687
1278 0.0139234211834908
1384 0.0293386374937842
1276 0.0159124813525609
1298 0.0134261561412233
1387 0.0223769269020388
1380 0.0238687220288414
1381 0.0233714569865738
1348 0.0228741919443063
1340 0.0218796618597713
1341 0.0248632521133764
1342 0.0223769269020388
1343 0.0387866732968672
1344 0.025360517155644
1345 0.0268523122824465
1346 0.0238687220288414
1283 0.0109398309298856
1288 0.0149179512680259
1310 0.00845350571854799
1303 0.0129288910989557
1314 0.0268523122824465
1313 0.0392839383391348
1312 0.0144206862257583
1319 0.0402784684236698
1318 0.0183988065638986
1388 0.0238687220288414
1389 0.0228741919443063
1385 0.0218796618597713
1386 0.0233714569865738
1382 0.0223769269020388
1383 0.0268523122824465
1339 0.0193933366484336
1330 0.0298359025360517
1373 0.0213823968175037
1353 0.016907011437096
1352 0.0183988065638986
1357 0.0238687220288414
1356 0.0198906016907011
1355 0.016907011437096
1379 0.0233714569865738
1292 0.0248632521133764
1392 0.0198906016907011
1322 0.0333167578319244
1323 0.0109398309298856
1320 0.0208851317752362
1326 0.0412729985082049
1327 0.0203878667329687
1324 0.0154152163102934
1325 0.0407757334659373
1395 0.0233714569865738
1394 0.0223769269020388
1393 0.0243659870711089
1391 0.0188960716061661
1390 0.0218796618597713
1321 0.0298359025360517
1282 0.0114370959721532
1328 0.0238687220288414
1329 0.0203878667329687
1349 0.0183988065638986
1358 0.0203878667329687
1299 0.0149179512680259
1293 0.00944803580308304
1290 0.0124316260566882
1291 0.0104425658876181
1296 0.0149179512680259
1297 0.0144206862257583
1294 0.0134261561412233
1295 0.0114370959721532
1350 0.025360517155644
1354 0.0208851317752362
1366 0.0164097463948284
1367 0.0203878667329687
1364 0.0283441074092491
1365 0.0213823968175037
1362 0.025360517155644
1363 0.0223769269020388
1360 0.0358030830432621
1361 0.0273495773247141
1368 0.0283441074092491
1369 0.0174042764793635
1398 0.0203878667329687
1454 0.0208851317752362
1455 0.0149179512680259
1456 0.016907011437096
1409 0.0174042764793635
1457 0.0104425658876181
1403 0.0174042764793635
1400 0.0188960716061661
1407 0.0203878667329687
1406 0.0149179512680259
1405 0.0183988065638986
1448 0.0218796618597713
1472 0.017901541521631
1470 0.0193933366484336
1471 0.0233714569865738
1476 0.0129288910989557
1477 0.0149179512680259
1474 0.0109398309298856
1475 0.0149179512680259
1478 0.0188960716061661
1479 0.0154152163102934
1450 0.0144206862257583
1451 0.0129288910989557
1452 0.0139234211834908
1483 0.0183988065638986
1482 0.0164097463948284
1481 0.0188960716061661
1480 0.017901541521631
1487 0.0193933366484336
1486 0.0198906016907011
1485 0.0188960716061661
1484 0.0228741919443063
1488 0.0198906016907011
1436 0.0154152163102934
1437 0.0149179512680259
1434 0.0164097463948284
1435 0.0149179512680259
1432 0.0139234211834908
1433 0.0198906016907011
1430 0.0174042764793635
1431 0.0144206862257583
1438 0.0154152163102934
1439 0.0149179512680259
1473 0.017901541521631
1408 0.0149179512680259
1469 0.0144206862257583
1468 0.0183988065638986
1465 0.0139234211834908
1464 0.00994530084535057
1467 0.0164097463948284
1466 0.0149179512680259
1461 0.00994530084535057
1460 0.0149179512680259
1463 0.00994530084535057
1462 0.0154152163102934
1402 0.0183988065638986
1401 0.0198906016907011
1421 0.0188960716061661
1420 0.0203878667329687
1423 0.0218796618597713
1422 0.0203878667329687
1425 0.0208851317752362
1424 0.0198906016907011
1427 0.0188960716061661
1426 0.017901541521631
1429 0.0154152163102934
1428 0.0174042764793635
1453 0.0124316260566882
1458 0.0134261561412233
1459 0.0129288910989557
1442 0.0198906016907011
1418 0.0129288910989557
1419 0.0273495773247141
1410 0.0139234211834908
1411 0.0183988065638986
1412 0.016907011437096
1413 0.0154152163102934
1414 0.0188960716061661
1415 0.0183988065638986
1416 0.0193933366484336
1417 0.0183988065638986
1399 0.017901541521631
1397 0.0198906016907011
1396 0.0218796618597713
1404 0.016907011437096
1446 0.0183988065638986
1445 0.0134261561412233
1444 0.0203878667329687
1447 0.0124316260566882
1443 0.0134261561412233
1441 0.0149179512680259
1440 0.0228741919443063
1449 0.0129288910989557
1564 0.0159124813525609
1524 0.0114370959721532
1525 0.0139234211834908
1526 0.0188960716061661
1566 0.0174042764793635
1490 0.0144206862257583
1491 0.0154152163102934
1492 0.0129288910989557
1493 0.0139234211834908
1494 0.0104425658876181
1495 0.0174042764793635
1496 0.0183988065638986
1497 0.0109398309298856
1498 0.0193933366484336
1499 0.0159124813525609
1529 0.0149179512680259
1511 0.00895077076081552
1537 0.0183988065638986
1535 0.017901541521631
1534 0.0213823968175037
1530 0.00994530084535057
1539 0.0203878667329687
1538 0.0109398309298856
1522 0.0124316260566882
1528 0.0174042764793635
1518 0.0124316260566882
1573 0.016907011437096
1572 0.0203878667329687
1570 0.016907011437096
1575 0.0154152163102934
1574 0.0174042764793635
1489 0.00944803580308304
1513 0.0134261561412233
1502 0.0208851317752362
1503 0.0144206862257583
1500 0.0104425658876181
1501 0.00895077076081552
1506 0.00994530084535057
1507 0.0109398309298856
1504 0.0174042764793635
1505 0.0109398309298856
1508 0.0119343610144207
1509 0.0124316260566882
1571 0.0144206862257583
1546 0.0159124813525609
1547 0.017901541521631
1544 0.0114370959721532
1545 0.017901541521631
1542 0.0193933366484336
1543 0.017901541521631
1540 0.0174042764793635
1541 0.0119343610144207
1548 0.0228741919443063
1549 0.0174042764793635
1519 0.0183988065638986
1515 0.0119343610144207
1514 0.0114370959721532
1517 0.0119343610144207
1516 0.0174042764793635
1510 0.0233714569865738
1512 0.0174042764793635
1536 0.0164097463948284
1533 0.0149179512680259
1532 0.0134261561412233
1531 0.00994530084535057
1568 0.017901541521631
1561 0.0193933366484336
1552 0.016907011437096
1551 0.0183988065638986
1550 0.016907011437096
1553 0.0154152163102934
1555 0.0183988065638986
1554 0.016907011437096
1557 0.0129288910989557
1556 0.017901541521631
1559 0.0193933366484336
1558 0.0174042764793635
1527 0.017901541521631
1520 0.016907011437096
1521 0.017901541521631
1523 0.0114370959721532
1569 0.0183988065638986
1560 0.0144206862257583
1562 0.0174042764793635
1563 0.0154152163102934
1565 0.0159124813525609
1567 0.016907011437096
1669 0.0213823968175037
1668 0.0149179512680259
1667 0.017901541521631
1666 0.0114370959721532
1665 0.0188960716061661
1664 0.0208851317752362
1663 0.0124316260566882
1662 0.0203878667329687
1661 0.0188960716061661
1660 0.0198906016907011
1623 0.0124316260566882
1622 0.0144206862257583
1621 0.0119343610144207
1620 0.0119343610144207
1627 0.0114370959721532
1626 0.0159124813525609
1625 0.0149179512680259
1624 0.0129288910989557
1629 0.0144206862257583
1628 0.0134261561412233
1578 0.0144206862257583
1577 0.0154152163102934
1576 0.0144206862257583
1658 0.0129288910989557
1659 0.0149179512680259
1652 0.00994530084535057
1653 0.0213823968175037
1650 0.0109398309298856
1651 0.0144206862257583
1656 0.0069617105917454
1657 0.017901541521631
1654 0.00944803580308304
1655 0.0104425658876181
1618 0.00994530084535057
1619 0.0114370959721532
1616 0.0124316260566882
1617 0.0149179512680259
1614 0.0129288910989557
1615 0.0114370959721532
1612 0.0174042764793635
1613 0.0109398309298856
1610 0.0129288910989557
1611 0.00994530084535057
1579 0.0149179512680259
1645 0.00994530084535057
1644 0.0129288910989557
1647 0.0174042764793635
1646 0.0248632521133764
1641 0.00994530084535057
1640 0.0238687220288414
1643 0.0149179512680259
1642 0.00795624067628046
1649 0.0223769269020388
1648 0.0119343610144207
1588 0.0129288910989557
1582 0.0124316260566882
1580 0.0139234211834908
1581 0.0154152163102934
1586 0.0129288910989557
1587 0.0129288910989557
1584 0.0149179512680259
1585 0.0124316260566882
1609 0.0124316260566882
1608 0.0134261561412233
1601 0.0144206862257583
1600 0.0154152163102934
1603 0.0149179512680259
1602 0.0144206862257583
1605 0.0134261561412233
1604 0.0159124813525609
1607 0.0114370959721532
1606 0.0124316260566882
1678 0.0114370959721532
1679 0.0188960716061661
1674 0.0193933366484336
1675 0.0228741919443063
1676 0.0109398309298856
1677 0.0213823968175037
1670 0.0119343610144207
1671 0.0193933366484336
1672 0.0109398309298856
1673 0.0238687220288414
1589 0.0149179512680259
1583 0.0164097463948284
1630 0.0154152163102934
1631 0.0154152163102934
1632 0.0104425658876181
1633 0.0109398309298856
1634 0.0104425658876181
1635 0.0144206862257583
1636 0.0144206862257583
1637 0.00895077076081552
1638 0.0124316260566882
1639 0.016907011437096
1595 0.00895077076081552
1594 0.0129288910989557
1597 0.0134261561412233
1596 0.0174042764793635
1591 0.0134261561412233
1590 0.0139234211834908
1593 0.0159124813525609
1592 0.0139234211834908
1599 0.0139234211834908
1598 0.017901541521631
1700 0.0149179512680259
1701 0.0114370959721532
1702 0.0149179512680259
1703 0.0193933366484336
1704 0.0183988065638986
1705 0.00994530084535057
1706 0.0119343610144207
1707 0.0174042764793635
1708 0.0149179512680259
1709 0.0218796618597713
1696 0.016907011437096
1697 0.016907011437096
1694 0.0193933366484336
1695 0.017901541521631
1692 0.0198906016907011
1693 0.0159124813525609
1690 0.0144206862257583
1758 0.00845350571854799
1757 0.0124316260566882
1756 0.00944803580308304
1755 0.0114370959721532
1754 0.00895077076081552
1753 0.0109398309298856
1752 0.0114370959721532
1698 0.0198906016907011
1750 0.0119343610144207
1759 0.0104425658876181
1691 0.0198906016907011
1751 0.0109398309298856
1699 0.0159124813525609
1713 0.0159124813525609
1712 0.0154152163102934
1711 0.0139234211834908
1710 0.0119343610144207
1717 0.0139234211834908
1716 0.0164097463948284
1715 0.0159124813525609
1714 0.0174042764793635
1719 0.0129288910989557
1718 0.0164097463948284
1738 0.016907011437096
1731 0.0193933366484336
1681 0.0218796618597713
1680 0.00994530084535057
1768 0.0119343610144207
1682 0.0193933366484336
1685 0.0134261561412233
1684 0.0188960716061661
1687 0.0119343610144207
1686 0.0213823968175037
1689 0.0203878667329687
1763 0.0119343610144207
1760 0.0114370959721532
1761 0.0114370959721532
1766 0.00944803580308304
1767 0.0104425658876181
1764 0.00745897563401293
1765 0.00745897563401293
1774 0.00895077076081552
1728 0.0119343610144207
1726 0.0174042764793635
1727 0.0119343610144207
1724 0.00944803580308304
1725 0.0208851317752362
1722 0.0114370959721532
1720 0.0129288910989557
1721 0.00994530084535057
1729 0.0203878667329687
1723 0.0183988065638986
1775 0.0114370959721532
1777 0.0114370959721532
1776 0.0104425658876181
1771 0.0109398309298856
1770 0.0119343610144207
1773 0.0124316260566882
1772 0.0114370959721532
1779 0.00895077076081552
1778 0.0109398309298856
1769 0.0104425658876181
1739 0.00994530084535057
1730 0.00944803580308304
1733 0.0183988065638986
1732 0.0144206862257583
1735 0.0119343610144207
1734 0.0129288910989557
1737 0.00895077076081552
1736 0.0139234211834908
1748 0.0119343610144207
1749 0.0159124813525609
1744 0.0119343610144207
1745 0.0124316260566882
1746 0.0174042764793635
1747 0.0104425658876181
1740 0.0109398309298856
1741 0.0114370959721532
1742 0.016907011437096
1743 0.0183988065638986
1683 0.016907011437096
1762 0.0124316260566882
1688 0.0193933366484336
1799 0.0034808552958727
1798 0.00845350571854799
1793 0.00944803580308304
1792 0.00646444554947787
1791 0.00795624067628046
1790 0.0104425658876181
1797 0.00646444554947787
1796 0.00994530084535057
1795 0.0119343610144207
1794 0.00546991546494281
1849 0.00944803580308304
1848 0.0104425658876181
1843 0.00845350571854799
1841 0.0109398309298856
1840 0.00895077076081552
1847 0.0139234211834908
1846 0.0114370959721532
1845 0.0129288910989557
1904 0.00745897563401293
1902 0.00845350571854799
1903 0.0114370959721532
1900 0.0119343610144207
1901 0.00795624067628046
1889 0.0114370959721532
1888 0.0104425658876181
1887 0.0129288910989557
1886 0.0109398309298856
1885 0.00795624067628046
1884 0.0109398309298856
1883 0.0109398309298856
1882 0.00895077076081552
1881 0.00944803580308304
1880 0.0109398309298856
1832 0.0104425658876181
1833 0.00895077076081552
1830 0.0134261561412233
1831 0.00745897563401293
1836 0.00745897563401293
1837 0.0129288910989557
1834 0.00994530084535057
1835 0.0114370959721532
1838 0.00795624067628046
1839 0.00994530084535057
1876 0.00944803580308304
1877 0.00895077076081552
1874 0.00795624067628046
1875 0.0129288910989557
1872 0.00895077076081552
1873 0.00994530084535057
1870 0.00845350571854799
1871 0.00745897563401293
1878 0.00994530084535057
1879 0.0119343610144207
1829 0.0109398309298856
1828 0.0069617105917454
1825 0.00895077076081552
1824 0.0119343610144207
1827 0.00994530084535057
1826 0.00596718050721034
1821 0.00944803580308304
1820 0.00994530084535057
1823 0.00646444554947787
1822 0.00845350571854799
1861 0.00845350571854799
1860 0.00895077076081552
1863 0.00944803580308304
1862 0.00895077076081552
1865 0.0069617105917454
1864 0.00994530084535057
1867 0.00845350571854799
1866 0.0119343610144207
1869 0.00994530084535057
1868 0.0104425658876181
1844 0.00895077076081552
1814 0.00994530084535057
1815 0.00546991546494281
1816 0.00994530084535057
1817 0.00745897563401293
1810 0.00497265042267529
1811 0.0069617105917454
1812 0.00596718050721034
1813 0.00895077076081552
1818 0.0114370959721532
1819 0.00546991546494281
1788 0.00944803580308304
1789 0.00497265042267529
1780 0.00895077076081552
1781 0.00646444554947787
1782 0.00994530084535057
1783 0.00795624067628046
1784 0.00845350571854799
1785 0.00994530084535057
1786 0.00745897563401293
1787 0.00795624067628046
1858 0.0109398309298856
1859 0.0109398309298856
1850 0.00845350571854799
1851 0.00994530084535057
1852 0.00994530084535057
1853 0.0119343610144207
1854 0.0104425658876181
1855 0.0124316260566882
1856 0.00994530084535057
1857 0.00994530084535057
1842 0.00795624067628046
1898 0.0119343610144207
1899 0.0114370959721532
1894 0.0109398309298856
1895 0.0119343610144207
1896 0.0134261561412233
1897 0.0109398309298856
1890 0.0109398309298856
1891 0.0124316260566882
1892 0.0104425658876181
1893 0.0129288910989557
1807 0.00596718050721034
1806 0.00944803580308304
1805 0.00447538538040776
1804 0.00596718050721034
1803 0.0069617105917454
1802 0.00447538538040776
1801 0.00447538538040776
1800 0.00397812033814023
1809 0.00994530084535057
1808 0.00546991546494281
1948 0.00546991546494281
1949 0.00546991546494281
1942 0.00447538538040776
1943 0.00298359025360517
1940 0.00397812033814023
1941 0.00447538538040776
1946 0.00447538538040776
1947 0.00397812033814023
1944 0.00397812033814023
1945 0.00447538538040776
1991 0.00596718050721034
1995 0.00546991546494281
1994 0.00646444554947787
1996 0.00447538538040776
1908 0.0034808552958727
1909 0.00298359025360517
1906 0.00447538538040776
1907 0.00447538538040776
1905 0.00497265042267529
1990 0.00596718050721034
1993 0.00546991546494281
1999 0.0034808552958727
1998 0.00546991546494281
2011 0.00298359025360517
2010 0.00298359025360517
1955 0.0034808552958727
1954 0.00397812033814023
1957 0.00447538538040776
1956 0.00546991546494281
1951 0.00447538538040776
1950 0.00397812033814023
1953 0.00397812033814023
1952 0.00447538538040776
1959 0.00397812033814023
1958 0.00298359025360517
1986 0.00646444554947787
1985 0.00646444554947787
1982 0.00745897563401293
1980 0.00845350571854799
1981 0.00745897563401293
1997 0.00447538538040776
1919 0.00447538538040776
1918 0.00447538538040776
1911 0.00497265042267529
1910 0.0034808552958727
1913 0.00596718050721034
1912 0.00546991546494281
1915 0.0034808552958727
1914 0.00397812033814023
1917 0.00397812033814023
1916 0.00546991546494281
1992 0.00596718050721034
1977 0.0069617105917454
1975 0.00646444554947787
1974 0.00745897563401293
1973 0.00546991546494281
1972 0.00845350571854799
1971 0.00447538538040776
1970 0.00895077076081552
1968 0.00845350571854799
1969 0.00298359025360517
1965 0.00745897563401293
1966 0.00795624067628046
1960 0.00646444554947787
1961 0.0069617105917454
1962 0.0069617105917454
1920 0.00596718050721034
1921 0.00497265042267529
1922 0.00497265042267529
1923 0.00546991546494281
1924 0.00447538538040776
1925 0.00497265042267529
1926 0.00397812033814023
1927 0.00298359025360517
1928 0.00546991546494281
1929 0.00298359025360517
1987 0.00646444554947787
1979 0.00845350571854799
1978 0.0069617105917454
1976 0.00745897563401293
1964 0.00298359025360517
1967 0.00895077076081552
1963 0.00397812033814023
1988 0.00596718050721034
1933 0.00447538538040776
1932 0.00447538538040776
1931 0.00397812033814023
1930 0.00397812033814023
1937 0.00447538538040776
1936 0.00447538538040776
1935 0.00397812033814023
1934 0.00447538538040776
1939 0.00546991546494281
1938 0.00298359025360517
1984 0.00596718050721034
1983 0.00596718050721034
1989 0.00596718050721034
2002 0.00248632521133764
2003 0.0034808552958727
2000 0.00198906016907011
2001 0.00248632521133764
2006 0.00397812033814023
2007 0.00397812033814023
2004 0.0034808552958727
2005 0.00447538538040776
2008 0.0034808552958727
2009 0.00298359025360517
