1 0.000149179512680259
0 0.000621581302834411
3 0.000248632521133764
2 0.000198906016907011
24 0.000745897563401293
25 0.000969666832421681
26 0.000323222277473894
27 0.000944803580308304
20 0.00106911984087519
21 0.00034808552958727
22 0.000422675285927399
23 0.000223769269020388
28 0.000447538538040776
29 0.000870213823968175
4 0.000149179512680259
8 0.000447538538040776
59 0.000994530084535057
58 0.00146693187468921
55 0.00124316260566882
54 0.000895077076081551
57 0.00101939333664843
56 0.00106911984087519
51 0.00069617105917454
50 0.000795624067628046
53 0.00114370959721532
52 0.00116857284932869
88 0.00159124813525609
89 0.00151665837891596
82 0.00124316260566882
83 0.00154152163102934
80 0.000571854798607658
81 0.000820487319741422
86 0.00111884634510194
87 0.00161611138736947
84 0.00134261561412233
85 0.00139234211834908
7 0.000248632521133764
108 0.00146693187468921
109 0.00131775236200895
102 0.00139234211834908
103 0.00104425658876181
100 0.000845350571854799
101 0.00114370959721532
106 0.00164097463948284
107 0.00101939333664843
104 0.00161611138736947
105 0.00101939333664843
39 0.000795624067628046
38 0.00121829935355545
33 0.00111884634510194
32 0.00104425658876181
31 0.000372948781700646
30 0.000447538538040776
37 0.00034808552958727
36 0.00124316260566882
35 0.000770760815514669
34 0.00104425658876181
60 0.000969666832421681
61 0.000820487319741422
62 0.00146693187468921
63 0.00104425658876181
64 0.000745897563401293
65 0.00149179512680259
66 0.000820487319741422
67 0.00111884634510194
68 0.00144206862257583
69 0.00181501740427648
6 0.000447538538040776
99 0.00119343610144207
98 0.00156638488314272
91 0.00106911984087519
90 0.00141720537046246
93 0.000870213823968175
92 0.00144206862257583
95 0.00156638488314272
94 0.000969666832421681
97 0.00129288910989557
96 0.0013674788662357
11 0.00101939333664843
10 0.000721034311287917
13 0.000447538538040776
12 0.000273495773247141
15 0.000372948781700646
14 0.000174042764793635
17 0.000994530084535057
16 0.000447538538040776
19 0.000323222277473894
18 0.000174042764793635
48 0.00119343610144207
49 0.00129288910989557
46 0.000994530084535057
47 0.00069617105917454
44 0.000845350571854799
45 0.00116857284932869
42 0.00104425658876181
43 0.00106911984087519
40 0.00111884634510194
41 0.00129288910989557
9 0.000770760815514669
77 0.00159124813525609
76 0.00131775236200895
75 0.000969666832421681
74 0.000770760815514669
73 0.00104425658876181
72 0.00119343610144207
71 0.00144206862257583
70 0.00111884634510194
79 0.00131775236200895
78 0.000522128294380905
165 0.00109398309298856
133 0.000944803580308304
132 0.00154152163102934
131 0.000820487319741422
130 0.00144206862257583
137 0.000820487319741422
136 0.000994530084535057
135 0.00131775236200895
129 0.000969666832421681
139 0.0013674788662357
138 0.00134261561412233
160 0.000870213823968175
163 0.00101939333664843
120 0.00111884634510194
121 0.00109398309298856
122 0.00121829935355545
123 0.00166583789159622
124 0.000969666832421681
125 0.00121829935355545
126 0.00154152163102934
127 0.000895077076081551
128 0.00121829935355545
167 0.00101939333664843
201 0.00119343610144207
199 0.00218796618597713
198 0.00131775236200895
200 0.000820487319741422
195 0.00119343610144207
194 0.000895077076081551
197 0.00186474390850323
134 0.00111884634510194
191 0.00216310293386375
190 0.00119343610144207
193 0.00114370959721532
192 0.000994530084535057
115 0.000770760815514669
116 0.00114370959721532
111 0.000745897563401293
110 0.00151665837891596
113 0.000944803580308304
112 0.000944803580308304
178 0.000795624067628046
162 0.00069617105917454
176 0.00104425658876181
179 0.000870213823968175
177 0.000944803580308304
175 0.000969666832421681
174 0.00121829935355545
173 0.000795624067628046
172 0.000994530084535057
171 0.00069617105917454
170 0.000895077076081551
203 0.000721034311287917
145 0.00149179512680259
182 0.00164097463948284
183 0.000845350571854799
180 0.00131775236200895
181 0.000770760815514669
186 0.00106911984087519
187 0.00191447041272999
184 0.0013674788662357
188 0.00106911984087519
189 0.000919940328194928
196 0.00106911984087519
185 0.000721034311287917
168 0.000895077076081551
169 0.000845350571854799
164 0.000944803580308304
166 0.000770760815514669
161 0.00104425658876181
114 0.000745897563401293
117 0.00144206862257583
151 0.00114370959721532
150 0.00109398309298856
153 0.000770760815514669
152 0.00124316260566882
155 0.000944803580308304
154 0.00116857284932869
157 0.00116857284932869
156 0.0013674788662357
159 0.000969666832421681
158 0.000795624067628046
119 0.00101939333664843
118 0.00104425658876181
5 0.000174042764793635
146 0.00141720537046246
147 0.00141720537046246
144 0.00139234211834908
202 0.00198906016907011
142 0.0013674788662357
143 0.00176529090004973
140 0.00164097463948284
141 0.00116857284932869
148 0.00121829935355545
149 0.00119343610144207
216 0.000994530084535057
217 0.00183988065638986
214 0.000919940328194928
215 0.000969666832421681
212 0.00069617105917454
265 0.00139234211834908
210 0.0013674788662357
211 0.00171556439582297
264 0.00183988065638986
218 0.00116857284932869
219 0.000944803580308304
213 0.000845350571854799
289 0.00164097463948284
221 0.00186474390850323
281 0.0017901541521631
283 0.00198906016907011
220 0.000770760815514669
285 0.00106911984087519
284 0.00141720537046246
287 0.00159124813525609
286 0.00141720537046246
227 0.00109398309298856
260 0.00166583789159622
269 0.00149179512680259
268 0.000895077076081551
258 0.00134261561412233
259 0.00106911984087519
298 0.00121829935355545
299 0.00174042764793635
296 0.00156638488314272
297 0.00114370959721532
294 0.0013674788662357
295 0.00159124813525609
292 0.00156638488314272
293 0.00174042764793635
290 0.00188960716061661
291 0.00161611138736947
277 0.00193933366484336
204 0.00141720537046246
251 0.00154152163102934
304 0.00161611138736947
256 0.00156638488314272
226 0.000919940328194928
257 0.0017901541521631
254 0.00164097463948284
247 0.0013674788662357
308 0.00131775236200895
309 0.00129288910989557
255 0.000770760815514669
300 0.000919940328194928
301 0.00141720537046246
302 0.00156638488314272
303 0.00156638488314272
225 0.0017901541521631
305 0.00129288910989557
306 0.00106911984087519
307 0.000895077076081551
245 0.00109398309298856
244 0.00111884634510194
241 0.000870213823968175
240 0.00106911984087519
243 0.000895077076081551
242 0.00124316260566882
248 0.000994530084535057
246 0.000919940328194928
252 0.00156638488314272
223 0.00106911984087519
288 0.00161611138736947
272 0.00144206862257583
250 0.00121829935355545
310 0.00146693187468921
271 0.00166583789159622
229 0.00111884634510194
228 0.000845350571854799
224 0.0012680258577822
222 0.00154152163102934
282 0.00159124813525609
273 0.00114370959721532
274 0.00166583789159622
253 0.000895077076081551
275 0.00144206862257583
276 0.00146693187468921
278 0.00121829935355545
238 0.00101939333664843
239 0.00131775236200895
279 0.00181501740427648
234 0.00159124813525609
235 0.00121829935355545
236 0.00104425658876181
237 0.00116857284932869
230 0.00156638488314272
231 0.0012680258577822
232 0.00141720537046246
233 0.00116857284932869
280 0.000994530084535057
205 0.00191447041272999
207 0.00109398309298856
206 0.000795624067628046
209 0.000895077076081551
208 0.000745897563401293
263 0.00164097463948284
249 0.000969666832421681
262 0.00124316260566882
261 0.0013674788662357
266 0.0012680258577822
270 0.00176529090004973
267 0.00131775236200895
344 0.00156638488314272
346 0.0012680258577822
347 0.00111884634510194
340 0.00146693187468921
341 0.0012680258577822
342 0.00131775236200895
343 0.0012680258577822
348 0.000497265042267529
349 0.000671307807061164
339 0.00121829935355545
338 0.00114370959721532
335 0.00144206862257583
334 0.00139234211834908
337 0.00146693187468921
336 0.00164097463948284
331 0.000919940328194928
330 0.00106911984087519
333 0.000994530084535057
332 0.00144206862257583
345 0.00124316260566882
407 0.00176529090004973
406 0.00231228244654401
405 0.00144206862257583
404 0.0016907011437096
403 0.00218796618597713
402 0.00161611138736947
401 0.00149179512680259
400 0.00176529090004973
409 0.00231228244654401
408 0.0013674788662357
379 0.00144206862257583
378 0.0016907011437096
371 0.0012680258577822
370 0.00121829935355545
373 0.00129288910989557
372 0.00129288910989557
375 0.00124316260566882
374 0.00106911984087519
377 0.00144206862257583
376 0.00149179512680259
393 0.00233714569865738
392 0.0013674788662357
397 0.00166583789159622
396 0.00171556439582297
395 0.00156638488314272
394 0.00201392342118349
399 0.00216310293386375
322 0.000845350571854799
323 0.00124316260566882
320 0.000969666832421681
321 0.000770760815514669
326 0.00109398309298856
327 0.00144206862257583
324 0.00129288910989557
325 0.0013674788662357
328 0.000870213823968175
329 0.00106911984087519
414 0.00183988065638986
415 0.00121829935355545
416 0.00134261561412233
417 0.000919940328194928
410 0.00236200895077076
411 0.002113376429637
412 0.0013674788662357
413 0.00174042764793635
418 0.00203878667329687
419 0.00114370959721532
319 0.000845350571854799
318 0.00119343610144207
313 0.00106911984087519
312 0.00159124813525609
311 0.00104425658876181
317 0.000795624067628046
316 0.000745897563401293
315 0.00134261561412233
314 0.00106911984087519
368 0.00131775236200895
369 0.00101939333664843
366 0.00101939333664843
367 0.00129288910989557
364 0.00144206862257583
365 0.00114370959721532
362 0.00134261561412233
363 0.00119343610144207
360 0.00139234211834908
361 0.000994530084535057
380 0.0013674788662357
381 0.0013674788662357
382 0.00149179512680259
383 0.00156638488314272
384 0.00141720537046246
385 0.00198906016907011
386 0.00228741919443063
387 0.00121829935355545
388 0.00188960716061661
389 0.0012680258577822
357 0.000721034311287917
356 0.000845350571854799
355 0.00181501740427648
354 0.000621581302834411
353 0.00146693187468921
352 0.000969666832421681
351 0.00134261561412233
350 0.00104425658876181
359 0.00111884634510194
358 0.00111884634510194
421 0.00104425658876181
420 0.002113376429637
422 0.00188960716061661
391 0.00203878667329687
390 0.00106911984087519
398 0.00171556439582297
524 0.00124316260566882
525 0.00154152163102934
526 0.000944803580308304
527 0.00106911984087519
520 0.00144206862257583
521 0.00154152163102934
522 0.00144206862257583
523 0.00164097463948284
449 0.00206364992541024
448 0.00156638488314272
443 0.00134261561412233
442 0.00151665837891596
441 0.00144206862257583
440 0.00139234211834908
447 0.00141720537046246
446 0.00183988065638986
445 0.0013674788662357
444 0.00119343610144207
438 0.000944803580308304
439 0.00151665837891596
436 0.00151665837891596
437 0.00206364992541024
434 0.00196419691695674
435 0.00213823968175037
432 0.00106911984087519
433 0.0012680258577822
430 0.00119343610144207
431 0.00183988065638986
498 0.00159124813525609
499 0.00154152163102934
494 0.000969666832421681
495 0.00146693187468921
497 0.0012680258577822
490 0.00159124813525609
491 0.00154152163102934
492 0.00114370959721532
493 0.00144206862257583
519 0.000870213823968175
518 0.00151665837891596
511 0.000895077076081551
510 0.00149179512680259
513 0.00106911984087519
512 0.00134261561412233
515 0.00111884634510194
514 0.00101939333664843
517 0.00131775236200895
516 0.00144206862257583
458 0.00121829935355545
459 0.00116857284932869
450 0.00119343610144207
451 0.0017901541521631
452 0.00129288910989557
453 0.00159124813525609
454 0.00121829935355545
455 0.000944803580308304
456 0.00131775236200895
457 0.00181501740427648
496 0.00149179512680259
508 0.00139234211834908
509 0.00139234211834908
506 0.00154152163102934
507 0.00183988065638986
504 0.00129288910989557
505 0.00124316260566882
502 0.00129288910989557
503 0.00134261561412233
500 0.00121829935355545
501 0.000944803580308304
469 0.00193933366484336
468 0.00144206862257583
465 0.00141720537046246
464 0.0013674788662357
467 0.00114370959721532
466 0.000944803580308304
461 0.000994530084535057
460 0.00109398309298856
463 0.0012680258577822
462 0.00116857284932869
429 0.00134261561412233
428 0.002113376429637
423 0.00174042764793635
425 0.000820487319741422
424 0.00201392342118349
427 0.00161611138736947
426 0.000994530084535057
489 0.00134261561412233
488 0.00149179512680259
487 0.00116857284932869
486 0.00134261561412233
485 0.00144206862257583
484 0.0012680258577822
483 0.000895077076081551
482 0.00139234211834908
481 0.00104425658876181
480 0.00124316260566882
472 0.00121829935355545
473 0.00144206862257583
470 0.00116857284932869
471 0.00164097463948284
476 0.00141720537046246
477 0.00146693187468921
474 0.00134261561412233
475 0.00104425658876181
478 0.00134261561412233
479 0.00146693187468921
591 0.00181501740427648
590 0.00181501740427648
593 0.00171556439582297
592 0.00186474390850323
595 0.00166583789159622
597 0.00186474390850323
596 0.00181501740427648
599 0.0013674788662357
528 0.000895077076081551
529 0.000969666832421681
601 0.00159124813525609
559 0.00139234211834908
558 0.00131775236200895
555 0.00124316260566882
554 0.00161611138736947
557 0.00111884634510194
556 0.0013674788662357
551 0.000571854798607658
550 0.000944803580308304
553 0.00149179512680259
552 0.000994530084535057
618 0.00116857284932869
619 0.0012680258577822
612 0.00139234211834908
613 0.00139234211834908
610 0.00166583789159622
611 0.00124316260566882
616 0.00129288910989557
617 0.00116857284932869
614 0.00141720537046246
615 0.00161611138736947
623 0.00176529090004973
622 0.00134261561412233
629 0.00116857284932869
607 0.00174042764793635
586 0.0013674788662357
587 0.00114370959721532
584 0.00146693187468921
585 0.00188960716061661
582 0.00149179512680259
583 0.00171556439582297
580 0.0016907011437096
581 0.00149179512680259
588 0.00166583789159622
589 0.0016907011437096
621 0.00144206862257583
620 0.00171556439582297
627 0.00156638488314272
626 0.00149179512680259
625 0.00146693187468921
624 0.0017901541521631
628 0.00124316260566882
594 0.00139234211834908
598 0.00171556439582297
542 0.000944803580308304
543 0.000820487319741422
540 0.000820487319741422
541 0.00119343610144207
546 0.000770760815514669
547 0.000770760815514669
544 0.000895077076081551
545 0.00174042764793635
548 0.00181501740427648
549 0.000895077076081551
579 0.00144206862257583
578 0.00164097463948284
604 0.00116857284932869
573 0.00174042764793635
572 0.00141720537046246
571 0.000845350571854799
570 0.00164097463948284
577 0.00141720537046246
576 0.00166583789159622
575 0.0012680258577822
574 0.00164097463948284
630 0.00114370959721532
631 0.0013674788662357
632 0.00131775236200895
633 0.00174042764793635
635 0.00119343610144207
636 0.0012680258577822
537 0.00111884634510194
536 0.000745897563401293
535 0.00106911984087519
534 0.000994530084535057
533 0.000919940328194928
532 0.000895077076081551
531 0.00111884634510194
530 0.000969666832421681
539 0.00121829935355545
538 0.000870213823968175
568 0.00109398309298856
569 0.000919940328194928
560 0.0012680258577822
561 0.00186474390850323
562 0.00146693187468921
563 0.00161611138736947
564 0.00164097463948284
565 0.000969666832421681
566 0.0016907011437096
567 0.00156638488314272
605 0.00131775236200895
606 0.0012680258577822
600 0.00146693187468921
603 0.0016907011437096
602 0.0017901541521631
609 0.00131775236200895
608 0.00159124813525609
634 0.00146693187468921
719 0.00156638488314272
718 0.00213823968175037
717 0.0016907011437096
716 0.00293386374937842
715 0.00228741919443063
714 0.00144206862257583
713 0.00241173545499751
712 0.00303331675783192
711 0.0026355047240179
710 0.00129288910989557
736 0.00156638488314272
641 0.000845350571854799
640 0.000895077076081551
643 0.00116857284932869
642 0.00131775236200895
645 0.00119343610144207
644 0.000919940328194928
647 0.00144206862257583
648 0.00119343610144207
744 0.00246146195922427
745 0.00238687220288414
748 0.0017901541521631
749 0.00146693187468921
740 0.00236200895077076
741 0.00208851317752362
742 0.00231228244654401
743 0.00243659870711089
746 0.00246146195922427
747 0.00231228244654401
689 0.00266036797613128
688 0.000944803580308304
685 0.00106911984087519
684 0.000944803580308304
687 0.0016907011437096
686 0.000919940328194928
681 0.000795624067628046
680 0.0012680258577822
683 0.000795624067628046
682 0.000919940328194928
708 0.00109398309298856
709 0.00193933366484336
704 0.0025360517155644
705 0.0016907011437096
706 0.00183988065638986
707 0.00206364992541024
700 0.00109398309298856
701 0.00156638488314272
702 0.00119343610144207
703 0.00233714569865738
656 0.00119343610144207
657 0.00134261561412233
654 0.00111884634510194
655 0.00109398309298856
652 0.000795624067628046
651 0.00124316260566882
658 0.000870213823968175
653 0.000969666832421681
650 0.00106911984087519
659 0.000944803580308304
753 0.00261064147190452
752 0.0017901541521631
756 0.0022128294380905
669 0.000870213823968175
668 0.00104425658876181
667 0.000795624067628046
666 0.00111884634510194
665 0.00114370959721532
664 0.000994530084535057
663 0.00119343610144207
662 0.0012680258577822
661 0.0013674788662357
660 0.000895077076081551
692 0.000994530084535057
693 0.00151665837891596
690 0.000646444554947787
691 0.00144206862257583
696 0.00251118846345102
697 0.00141720537046246
694 0.00285927399303829
695 0.000795624067628046
698 0.00231228244654401
699 0.00251118846345102
731 0.00256091496767777
730 0.00139234211834908
733 0.00231228244654401
732 0.00131775236200895
735 0.00248632521133764
734 0.00154152163102934
637 0.00109398309298856
638 0.00114370959721532
646 0.00119343610144207
649 0.00121829935355545
678 0.00139234211834908
679 0.000820487319741422
674 0.000919940328194928
675 0.00109398309298856
676 0.00104425658876181
677 0.000770760815514669
670 0.00104425658876181
671 0.00131775236200895
672 0.00119343610144207
673 0.000820487319741422
751 0.00186474390850323
750 0.0022128294380905
757 0.00193933366484336
737 0.00218796618597713
755 0.00154152163102934
754 0.00226255594231725
759 0.00226255594231725
758 0.00166583789159622
739 0.00243659870711089
738 0.00151665837891596
726 0.00233714569865738
727 0.00139234211834908
724 0.00134261561412233
725 0.00256091496767777
722 0.00171556439582297
723 0.00228741919443063
720 0.00121829935355545
721 0.00154152163102934
728 0.00248632521133764
729 0.00246146195922427
639 0.000944803580308304
810 0.00116857284932869
811 0.000944803580308304
812 0.00156638488314272
813 0.000795624067628046
814 0.00101939333664843
815 0.00161611138736947
816 0.00116857284932869
817 0.00201392342118349
854 0.00121829935355545
818 0.00101939333664843
856 0.00154152163102934
857 0.00144206862257583
850 0.00146693187468921
851 0.0013674788662357
852 0.00231228244654401
853 0.002113376429637
858 0.00129288910989557
859 0.00124316260566882
844 0.00149179512680259
819 0.00183988065638986
820 0.0013674788662357
829 0.00121829935355545
828 0.00141720537046246
827 0.000944803580308304
821 0.00146693187468921
797 0.00119343610144207
796 0.0017901541521631
795 0.0013674788662357
794 0.00119343610144207
793 0.00144206862257583
792 0.00149179512680259
791 0.00174042764793635
790 0.00156638488314272
799 0.00149179512680259
798 0.00124316260566882
869 0.00201392342118349
868 0.00134261561412233
861 0.00206364992541024
860 0.00216310293386375
863 0.00191447041272999
862 0.00228741919443063
865 0.00226255594231725
864 0.00144206862257583
867 0.0017901541521631
866 0.000845350571854799
809 0.00159124813525609
775 0.00164097463948284
774 0.00151665837891596
777 0.00129288910989557
776 0.00106911984087519
771 0.00149179512680259
770 0.00208851317752362
773 0.00151665837891596
772 0.00149179512680259
779 0.00119343610144207
778 0.00101939333664843
805 0.00154152163102934
832 0.00139234211834908
833 0.00208851317752362
830 0.00124316260566882
831 0.00124316260566882
836 0.00124316260566882
837 0.00124316260566882
834 0.00119343610144207
835 0.00144206862257583
838 0.00121829935355545
839 0.000795624067628046
784 0.00171556439582297
785 0.00131775236200895
786 0.00149179512680259
787 0.0013674788662357
780 0.0012680258577822
781 0.00121829935355545
782 0.000919940328194928
783 0.00134261561412233
788 0.00119343610144207
789 0.00141720537046246
870 0.00166583789159622
808 0.00186474390850323
803 0.0016907011437096
802 0.00156638488314272
801 0.000969666832421681
800 0.00149179512680259
807 0.00166583789159622
806 0.00131775236200895
804 0.00101939333664843
768 0.00146693187468921
769 0.00154152163102934
762 0.00191447041272999
763 0.00183988065638986
760 0.00154152163102934
761 0.00149179512680259
766 0.00164097463948284
767 0.00156638488314272
764 0.00131775236200895
765 0.0017901541521631
855 0.00144206862257583
825 0.00121829935355545
824 0.00193933366484336
847 0.00121829935355545
846 0.00223769269020388
845 0.00121829935355545
826 0.00131775236200895
843 0.0013674788662357
842 0.00141720537046246
841 0.00121829935355545
840 0.000944803580308304
849 0.00139234211834908
848 0.00191447041272999
823 0.00111884634510194
822 0.00166583789159622
914 0.00151665837891596
917 0.00161611138736947
916 0.00146693187468921
902 0.00141720537046246
903 0.00144206862257583
900 0.00188960716061661
901 0.00141720537046246
906 0.00154152163102934
907 0.00146693187468921
904 0.00216310293386375
905 0.00141720537046246
908 0.00231228244654401
909 0.002113376429637
948 0.00104425658876181
949 0.000820487319741422
946 0.00119343610144207
947 0.00139234211834908
944 0.00134261561412233
945 0.00114370959721532
942 0.00171556439582297
943 0.00129288910989557
940 0.0013674788662357
941 0.00139234211834908
939 0.00156638488314272
938 0.00139234211834908
933 0.00188960716061661
932 0.00131775236200895
931 0.00119343610144207
930 0.0012680258577822
937 0.0012680258577822
936 0.00176529090004973
934 0.00139234211834908
924 0.00114370959721532
883 0.000969666832421681
882 0.00196419691695674
881 0.00186474390850323
880 0.00174042764793635
887 0.0016907011437096
886 0.00149179512680259
885 0.002113376429637
889 0.00156638488314272
888 0.0013674788662357
928 0.00119343610144207
929 0.00119343610144207
920 0.00161611138736947
921 0.00119343610144207
922 0.00151665837891596
923 0.00156638488314272
925 0.0013674788662357
926 0.0013674788662357
927 0.00119343610144207
884 0.00154152163102934
964 0.00101939333664843
965 0.0012680258577822
966 0.0012680258577822
967 0.00109398309298856
960 0.00104425658876181
961 0.0013674788662357
962 0.00124316260566882
963 0.00131775236200895
968 0.00106911984087519
935 0.00121829935355545
878 0.0016907011437096
879 0.00159124813525609
876 0.0016907011437096
877 0.00176529090004973
874 0.000969666832421681
875 0.00218796618597713
872 0.00164097463948284
873 0.00146693187468921
871 0.00171556439582297
890 0.00131775236200895
891 0.00149179512680259
892 0.00141720537046246
893 0.00154152163102934
894 0.00149179512680259
895 0.0017901541521631
896 0.00141720537046246
897 0.00193933366484336
898 0.00149179512680259
899 0.002113376429637
919 0.0013674788662357
918 0.00146693187468921
915 0.00183988065638986
911 0.0016907011437096
910 0.00206364992541024
913 0.00149179512680259
912 0.00114370959721532
959 0.00101939333664843
958 0.00129288910989557
951 0.00134261561412233
950 0.00141720537046246
953 0.00101939333664843
952 0.00106911984087519
955 0.00129288910989557
954 0.00144206862257583
957 0.00124316260566882
956 0.00106911984087519
1069 0.00121829935355545
1068 0.0017901541521631
1061 0.00151665837891596
1060 0.0013674788662357
1063 0.00109398309298856
1062 0.00104425658876181
1065 0.00151665837891596
1064 0.000969666832421681
1067 0.00139234211834908
1066 0.00154152163102934
1018 0.000870213823968175
1014 0.000969666832421681
1015 0.00114370959721532
1016 0.00139234211834908
1017 0.00116857284932869
1010 0.000994530084535057
1011 0.00104425658876181
1012 0.000969666832421681
1013 0.00144206862257583
1050 0.00106911984087519
1051 0.000919940328194928
1052 0.000969666832421681
1053 0.000994530084535057
1054 0.00109398309298856
1055 0.00114370959721532
1056 0.00201392342118349
1057 0.00111884634510194
1058 0.000770760815514669
1059 0.000994530084535057
1006 0.000895077076081551
1009 0.00104425658876181
1008 0.000944803580308304
1007 0.000770760815514669
1005 0.000895077076081551
1004 0.00116857284932869
1003 0.00129288910989557
1002 0.00111884634510194
1001 0.00119343610144207
1000 0.00121829935355545
977 0.000745897563401293
976 0.000845350571854799
975 0.000820487319741422
974 0.00119343610144207
973 0.00109398309298856
972 0.00121829935355545
971 0.000845350571854799
970 0.00109398309298856
979 0.000994530084535057
978 0.00104425658876181
1043 0.00183988065638986
1042 0.00101939333664843
1041 0.00101939333664843
1040 0.00104425658876181
1047 0.00109398309298856
1046 0.000895077076081551
1045 0.00101939333664843
1044 0.00124316260566882
1049 0.000870213823968175
1048 0.00114370959721532
1019 0.000870213823968175
995 0.000944803580308304
994 0.00174042764793635
997 0.00114370959721532
996 0.000994530084535057
991 0.000919940328194928
990 0.00101939333664843
993 0.00101939333664843
992 0.00109398309298856
999 0.00109398309298856
998 0.00116857284932869
1030 0.00131775236200895
1031 0.0013674788662357
1036 0.00116857284932869
1037 0.00109398309298856
1034 0.00111884634510194
1035 0.00106911984087519
969 0.00106911984087519
1076 0.00174042764793635
1077 0.00146693187468921
1074 0.0016907011437096
1075 0.00159124813525609
1072 0.00129288910989557
1073 0.00116857284932869
1070 0.00181501740427648
1071 0.00114370959721532
988 0.000895077076081551
989 0.00129288910989557
982 0.000895077076081551
983 0.00116857284932869
980 0.00124316260566882
981 0.00106911984087519
986 0.00121829935355545
987 0.00106911984087519
984 0.000895077076081551
985 0.00131775236200895
1038 0.000969666832421681
1039 0.000621581302834411
1032 0.00101939333664843
1033 0.00121829935355545
1025 0.00141720537046246
1024 0.00119343610144207
1027 0.00111884634510194
1026 0.00114370959721532
1021 0.0013674788662357
1020 0.00114370959721532
1023 0.00121829935355545
1022 0.00121829935355545
1029 0.00101939333664843
1028 0.00119343610144207
1128 0.00124316260566882
1086 0.00161611138736947
1085 0.00139234211834908
1084 0.00114370959721532
1083 0.00164097463948284
1082 0.00104425658876181
1081 0.00149179512680259
1080 0.00171556439582297
1120 0.0013674788662357
1121 0.00129288910989557
1122 0.00193933366484336
1123 0.000870213823968175
1124 0.00161611138736947
1125 0.000969666832421681
1089 0.000770760815514669
1088 0.00131775236200895
1138 0.000820487319741422
1175 0.00104425658876181
1174 0.00121829935355545
1173 0.00146693187468921
1172 0.00154152163102934
1171 0.000944803580308304
1170 0.00146693187468921
1139 0.0013674788662357
1133 0.0017901541521631
1132 0.000919940328194928
1131 0.00119343610144207
1130 0.00114370959721532
1137 0.000721034311287917
1136 0.00124316260566882
1135 0.000770760815514669
1134 0.000895077076081551
1087 0.0013674788662357
1129 0.00114370959721532
1148 0.00139234211834908
1126 0.000845350571854799
1127 0.000895077076081551
1142 0.00176529090004973
1143 0.00139234211834908
1140 0.00161611138736947
1141 0.00109398309298856
1146 0.000969666832421681
1147 0.00129288910989557
1144 0.000944803580308304
1145 0.000770760815514669
1149 0.00124316260566882
1164 0.00106911984087519
1106 0.00116857284932869
1107 0.00149179512680259
1104 0.000845350571854799
1105 0.00111884634510194
1102 0.000895077076081551
1103 0.00131775236200895
1100 0.00106911984087519
1101 0.00201392342118349
1108 0.0022128294380905
1109 0.00111884634510194
1159 0.00111884634510194
1158 0.00164097463948284
1155 0.000895077076081551
1099 0.00151665837891596
1078 0.00176529090004973
1079 0.00141720537046246
1094 0.00161611138736947
1095 0.00161611138736947
1096 0.000795624067628046
1097 0.00144206862257583
1090 0.00171556439582297
1091 0.000919940328194928
1092 0.000745897563401293
1093 0.00186474390850323
1154 0.000919940328194928
1157 0.00151665837891596
1156 0.00171556439582297
1098 0.000745897563401293
1150 0.00174042764793635
1153 0.00146693187468921
1152 0.00116857284932869
1151 0.00109398309298856
1165 0.00101939333664843
1166 0.00124316260566882
1167 0.00121829935355545
1160 0.00156638488314272
1161 0.00109398309298856
1162 0.00134261561412233
1163 0.00129288910989557
1168 0.000969666832421681
1169 0.0016907011437096
1111 0.000671307807061164
1110 0.00166583789159622
1113 0.00139234211834908
1112 0.00116857284932869
1115 0.00176529090004973
1114 0.00106911984087519
1117 0.000919940328194928
1116 0.00121829935355545
1119 0.00129288910989557
1118 0.00176529090004973
1269 0.00119343610144207
1268 0.00109398309298856
1260 0.00144206862257583
1258 0.000969666832421681
1259 0.00156638488314272
1234 0.000969666832421681
1235 0.000994530084535057
1236 0.00129288910989557
1237 0.00121829935355545
1230 0.00149179512680259
1231 0.00111884634510194
1232 0.00161611138736947
1233 0.00149179512680259
1238 0.000919940328194928
1239 0.00106911984087519
1241 0.000944803580308304
1240 0.00166583789159622
1243 0.00146693187468921
1242 0.000795624067628046
1245 0.00109398309298856
1244 0.00069617105917454
1247 0.00104425658876181
1246 0.00101939333664843
1249 0.00111884634510194
1248 0.000671307807061164
1199 0.00161611138736947
1191 0.00151665837891596
1193 0.00106911984087519
1192 0.000745897563401293
1195 0.000969666832421681
1194 0.000944803580308304
1197 0.00106911984087519
1196 0.0013674788662357
1177 0.00121829935355545
1176 0.00121829935355545
1270 0.00109398309298856
1271 0.00129288910989557
1272 0.00106911984087519
1179 0.00116857284932869
1178 0.00111884634510194
1190 0.00106911984087519
1226 0.00154152163102934
1227 0.000969666832421681
1225 0.00114370959721532
1224 0.00174042764793635
1223 0.00156638488314272
1222 0.00104425658876181
1221 0.00119343610144207
1220 0.00134261561412233
1229 0.00111884634510194
1228 0.00116857284932869
1263 0.00106911984087519
1262 0.00151665837891596
1261 0.000795624067628046
1267 0.00119343610144207
1266 0.00116857284932869
1265 0.00101939333664843
1264 0.00141720537046246
1188 0.000919940328194928
1189 0.000646444554947787
1182 0.000994530084535057
1208 0.00111884634510194
1212 0.000646444554947787
1213 0.00114370959721532
1210 0.00109398309298856
1211 0.000621581302834411
1216 0.000895077076081551
1217 0.00101939333664843
1214 0.00146693187468921
1215 0.000944803580308304
1201 0.00121829935355545
1218 0.00171556439582297
1219 0.00111884634510194
1198 0.00114370959721532
1256 0.00116857284932869
1257 0.00131775236200895
1254 0.000895077076081551
1255 0.00109398309298856
1252 0.00101939333664843
1253 0.0013674788662357
1250 0.00146693187468921
1251 0.00121829935355545
1186 0.00164097463948284
1187 0.000969666832421681
1184 0.000745897563401293
1185 0.00151665837891596
1183 0.00119343610144207
1180 0.00121829935355545
1181 0.000795624067628046
1209 0.00101939333664843
1205 0.00106911984087519
1204 0.00069617105917454
1207 0.000646444554947787
1206 0.000745897563401293
1200 0.00124316260566882
1203 0.00119343610144207
1202 0.000621581302834411
1359 0.00146693187468921
1338 0.00188960716061661
1335 0.00186474390850323
1334 0.00201392342118349
1337 0.00186474390850323
1336 0.00149179512680259
1331 0.00183988065638986
1333 0.00146693187468921
1332 0.0017901541521631
1317 0.00141720537046246
1316 0.00198906016907011
1315 0.00139234211834908
1351 0.0016907011437096
1311 0.00188960716061661
1279 0.000969666832421681
1273 0.000795624067628046
1274 0.00111884634510194
1275 0.00124316260566882
1277 0.000994530084535057
1285 0.000721034311287917
1284 0.000546991546494282
1287 0.000522128294380905
1286 0.000870213823968175
1281 0.000845350571854799
1280 0.000745897563401293
1289 0.00134261561412233
1304 0.0016907011437096
1305 0.00151665837891596
1306 0.0016907011437096
1307 0.00114370959721532
1300 0.000820487319741422
1301 0.00106911984087519
1302 0.00106911984087519
1308 0.00154152163102934
1309 0.000944803580308304
1371 0.00166583789159622
1370 0.00144206862257583
1372 0.00171556439582297
1375 0.00139234211834908
1374 0.00129288910989557
1377 0.00139234211834908
1376 0.00156638488314272
1378 0.00183988065638986
1347 0.00154152163102934
1278 0.000895077076081551
1384 0.00193933366484336
1276 0.00111884634510194
1298 0.00101939333664843
1387 0.00161611138736947
1380 0.00161611138736947
1381 0.00171556439582297
1348 0.00176529090004973
1340 0.00149179512680259
1341 0.00196419691695674
1342 0.00174042764793635
1343 0.00256091496767777
1344 0.00196419691695674
1345 0.0016907011437096
1346 0.00183988065638986
1283 0.000721034311287917
1288 0.000919940328194928
1310 0.000472401790154152
1303 0.00106911984087519
1314 0.0017901541521631
1313 0.0025360517155644
1312 0.00106911984087519
1319 0.00261064147190452
1318 0.00176529090004973
1388 0.00166583789159622
1389 0.0013674788662357
1385 0.00146693187468921
1386 0.00149179512680259
1382 0.00159124813525609
1383 0.00171556439582297
1339 0.0013674788662357
1330 0.00193933366484336
1373 0.00139234211834908
1353 0.00111884634510194
1352 0.00119343610144207
1357 0.00156638488314272
1356 0.00131775236200895
1355 0.00124316260566882
1379 0.00156638488314272
1292 0.00149179512680259
1392 0.00154152163102934
1322 0.00208851317752362
1323 0.000745897563401293
1320 0.00119343610144207
1326 0.00275982098458478
1327 0.00144206862257583
1324 0.00121829935355545
1325 0.00275982098458478
1395 0.00164097463948284
1394 0.00129288910989557
1393 0.00166583789159622
1391 0.00129288910989557
1390 0.00156638488314272
1321 0.00203878667329687
1282 0.000770760815514669
1328 0.0016907011437096
1329 0.0013674788662357
1349 0.00134261561412233
1358 0.00166583789159622
1299 0.000919940328194928
1293 0.000745897563401293
1290 0.000820487319741422
1291 0.000770760815514669
1296 0.00114370959721532
1297 0.00106911984087519
1294 0.000870213823968175
1295 0.000919940328194928
1350 0.00174042764793635
1354 0.00176529090004973
1366 0.0013674788662357
1367 0.0016907011437096
1364 0.00181501740427648
1365 0.00164097463948284
1362 0.0017901541521631
1363 0.00159124813525609
1360 0.0022128294380905
1361 0.00183988065638986
1368 0.00174042764793635
1369 0.00154152163102934
1398 0.00141720537046246
1454 0.0012680258577822
1455 0.000895077076081551
1456 0.00104425658876181
1409 0.0012680258577822
1457 0.000646444554947787
1403 0.00111884634510194
1400 0.0013674788662357
1407 0.00134261561412233
1406 0.000969666832421681
1405 0.00119343610144207
1448 0.00134261561412233
1472 0.00141720537046246
1470 0.00134261561412233
1471 0.00151665837891596
1476 0.000820487319741422
1477 0.000944803580308304
1474 0.000721034311287917
1475 0.000969666832421681
1478 0.00146693187468921
1479 0.00114370959721532
1450 0.000919940328194928
1451 0.000870213823968175
1452 0.000969666832421681
1483 0.00139234211834908
1482 0.00121829935355545
1481 0.00139234211834908
1480 0.00104425658876181
1487 0.00131775236200895
1486 0.00134261561412233
1485 0.00129288910989557
1484 0.00141720537046246
1488 0.0013674788662357
1436 0.00119343610144207
1437 0.00114370959721532
1434 0.00131775236200895
1435 0.00104425658876181
1432 0.000969666832421681
1433 0.00134261561412233
1430 0.0012680258577822
1431 0.00101939333664843
1438 0.000895077076081551
1439 0.00114370959721532
1473 0.00139234211834908
1408 0.000969666832421681
1469 0.000969666832421681
1468 0.00146693187468921
1465 0.000944803580308304
1464 0.000671307807061164
1467 0.00106911984087519
1466 0.000919940328194928
1461 0.00069617105917454
1460 0.00109398309298856
1463 0.000621581302834411
1462 0.00124316260566882
1402 0.00129288910989557
1401 0.00114370959721532
1421 0.00116857284932869
1420 0.00141720537046246
1423 0.00159124813525609
1422 0.00141720537046246
1425 0.00154152163102934
1424 0.00121829935355545
1427 0.00151665837891596
1426 0.00106911984087519
1429 0.00106911984087519
1428 0.00129288910989557
1453 0.000770760815514669
1458 0.000895077076081551
1459 0.000994530084535057
1442 0.00121829935355545
1418 0.000845350571854799
1419 0.00154152163102934
1410 0.000845350571854799
1411 0.00106911984087519
1412 0.00116857284932869
1413 0.00104425658876181
1414 0.00109398309298856
1415 0.00109398309298856
1416 0.00141720537046246
1417 0.0012680258577822
1399 0.00106911984087519
1397 0.00131775236200895
1396 0.00159124813525609
1404 0.00129288910989557
1446 0.00111884634510194
1445 0.000770760815514669
1444 0.00121829935355545
1447 0.000795624067628046
1443 0.000969666832421681
1441 0.000944803580308304
1440 0.0013674788662357
1449 0.000870213823968175
1564 0.00146693187468921
1524 0.00069617105917454
1525 0.000795624067628046
1526 0.00141720537046246
1566 0.00159124813525609
1490 0.000969666832421681
1491 0.00109398309298856
1492 0.00104425658876181
1493 0.00111884634510194
1494 0.000770760815514669
1495 0.00119343610144207
1496 0.00134261561412233
1497 0.00069617105917454
1498 0.00119343610144207
1499 0.00111884634510194
1529 0.000870213823968175
1511 0.000497265042267529
1537 0.00114370959721532
1535 0.00149179512680259
1534 0.00109398309298856
1530 0.000795624067628046
1539 0.00131775236200895
1538 0.00069617105917454
1522 0.000745897563401293
1528 0.00109398309298856
1518 0.000745897563401293
1573 0.00124316260566882
1572 0.00114370959721532
1570 0.00121829935355545
1575 0.00111884634510194
1574 0.00116857284932869
1489 0.000497265042267529
1513 0.000745897563401293
1502 0.00111884634510194
1503 0.000845350571854799
1500 0.000621581302834411
1501 0.000745897563401293
1506 0.000795624067628046
1507 0.000870213823968175
1504 0.00121829935355545
1505 0.000671307807061164
1508 0.000721034311287917
1509 0.000944803580308304
1571 0.000994530084535057
1546 0.00139234211834908
1547 0.00106911984087519
1544 0.000745897563401293
1545 0.00166583789159622
1542 0.00121829935355545
1543 0.00144206862257583
1540 0.00106911984087519
1541 0.00069617105917454
1548 0.00116857284932869
1549 0.00124316260566882
1519 0.00109398309298856
1515 0.000795624067628046
1514 0.000845350571854799
1517 0.000770760815514669
1516 0.00119343610144207
1510 0.00121829935355545
1512 0.00144206862257583
1536 0.00121829935355545
1533 0.000870213823968175
1532 0.000845350571854799
1531 0.000745897563401293
1568 0.00134261561412233
1561 0.00144206862257583
1552 0.00146693187468921
1551 0.00124316260566882
1550 0.00114370959721532
1553 0.00141720537046246
1555 0.00121829935355545
1554 0.00154152163102934
1557 0.000820487319741422
1556 0.00154152163102934
1559 0.00151665837891596
1558 0.00146693187468921
1527 0.00111884634510194
1520 0.00111884634510194
1521 0.00109398309298856
1523 0.000870213823968175
1569 0.00134261561412233
1560 0.000969666832421681
1562 0.000969666832421681
1563 0.000969666832421681
1565 0.00104425658876181
1567 0.00139234211834908
1669 0.00154152163102934
1668 0.000845350571854799
1667 0.00129288910989557
1666 0.000795624067628046
1665 0.0012680258577822
1664 0.00154152163102934
1663 0.000745897563401293
1662 0.0013674788662357
1661 0.00129288910989557
1660 0.00111884634510194
1623 0.000770760815514669
1622 0.00109398309298856
1621 0.000870213823968175
1620 0.00101939333664843
1627 0.000646444554947787
1626 0.00111884634510194
1625 0.00131775236200895
1624 0.000994530084535057
1629 0.00119343610144207
1628 0.00121829935355545
1578 0.000944803580308304
1577 0.00109398309298856
1576 0.000919940328194928
1658 0.000770760815514669
1659 0.000895077076081551
1652 0.000596718050721034
1653 0.00139234211834908
1650 0.00069617105917454
1651 0.000944803580308304
1656 0.000447538538040776
1657 0.00111884634510194
1654 0.000596718050721034
1655 0.000621581302834411
1618 0.000671307807061164
1619 0.000745897563401293
1616 0.000745897563401293
1617 0.000745897563401293
1614 0.00129288910989557
1615 0.00069617105917454
1612 0.00146693187468921
1613 0.000646444554947787
1610 0.000820487319741422
1611 0.000671307807061164
1579 0.000919940328194928
1645 0.000546991546494282
1644 0.000944803580308304
1647 0.00114370959721532
1646 0.00141720537046246
1641 0.000671307807061164
1640 0.0013674788662357
1643 0.00106911984087519
1642 0.000447538538040776
1649 0.00149179512680259
1648 0.000745897563401293
1588 0.000820487319741422
1582 0.000721034311287917
1580 0.000994530084535057
1581 0.00106911984087519
1586 0.000795624067628046
1587 0.000944803580308304
1584 0.000969666832421681
1585 0.000721034311287917
1609 0.000721034311287917
1608 0.000870213823968175
1601 0.000944803580308304
1600 0.00109398309298856
1603 0.00104425658876181
1602 0.00104425658876181
1605 0.00101939333664843
1604 0.00109398309298856
1607 0.000646444554947787
1606 0.000845350571854799
1678 0.00069617105917454
1679 0.00119343610144207
1674 0.00139234211834908
1675 0.00141720537046246
1676 0.000745897563401293
1677 0.00141720537046246
1670 0.000795624067628046
1671 0.0013674788662357
1672 0.000721034311287917
1673 0.00154152163102934
1589 0.00101939333664843
1583 0.00109398309298856
1630 0.00131775236200895
1631 0.000919940328194928
1632 0.000596718050721034
1633 0.000646444554947787
1634 0.000596718050721034
1635 0.00114370959721532
1636 0.000870213823968175
1637 0.000621581302834411
1638 0.00109398309298856
1639 0.000969666832421681
1595 0.000671307807061164
1594 0.000870213823968175
1597 0.000994530084535057
1596 0.00111884634510194
1591 0.000944803580308304
1590 0.000994530084535057
1593 0.00104425658876181
1592 0.000870213823968175
1599 0.000944803580308304
1598 0.00141720537046246
1700 0.000845350571854799
1701 0.00069617105917454
1702 0.000919940328194928
1703 0.00121829935355545
1704 0.00111884634510194
1705 0.000646444554947787
1706 0.000721034311287917
1707 0.00104425658876181
1708 0.000944803580308304
1709 0.00129288910989557
1696 0.000944803580308304
1697 0.000969666832421681
1694 0.0012680258577822
1695 0.00119343610144207
1692 0.00116857284932869
1693 0.000969666832421681
1690 0.000845350571854799
1758 0.000497265042267529
1757 0.000745897563401293
1756 0.000646444554947787
1755 0.000671307807061164
1754 0.000546991546494282
1753 0.000646444554947787
1752 0.000721034311287917
1698 0.00114370959721532
1750 0.000745897563401293
1759 0.000621581302834411
1691 0.00114370959721532
1751 0.000646444554947787
1699 0.000969666832421681
1713 0.000944803580308304
1712 0.000895077076081551
1711 0.000870213823968175
1710 0.000745897563401293
1717 0.000870213823968175
1716 0.00104425658876181
1715 0.000994530084535057
1714 0.00104425658876181
1719 0.000795624067628046
1718 0.000870213823968175
1738 0.00101939333664843
1731 0.00109398309298856
1681 0.00134261561412233
1680 0.000671307807061164
1768 0.000671307807061164
1682 0.00124316260566882
1685 0.000770760815514669
1684 0.00109398309298856
1687 0.00069617105917454
1686 0.00131775236200895
1689 0.00124316260566882
1763 0.000646444554947787
1760 0.000671307807061164
1761 0.000795624067628046
1766 0.000497265042267529
1767 0.000546991546494282
1764 0.000447538538040776
1765 0.000447538538040776
1774 0.000646444554947787
1728 0.000721034311287917
1726 0.000969666832421681
1727 0.000596718050721034
1724 0.00069617105917454
1725 0.00114370959721532
1722 0.000795624067628046
1720 0.000795624067628046
1721 0.000671307807061164
1729 0.00114370959721532
1723 0.00111884634510194
1775 0.000770760815514669
1777 0.000745897563401293
1776 0.000596718050721034
1771 0.000795624067628046
1770 0.00069617105917454
1773 0.000820487319741422
1772 0.000671307807061164
1779 0.000447538538040776
1778 0.000621581302834411
1769 0.000671307807061164
1739 0.000522128294380905
1730 0.000497265042267529
1733 0.00111884634510194
1732 0.000870213823968175
1735 0.000745897563401293
1734 0.000721034311287917
1737 0.000596718050721034
1736 0.000745897563401293
1748 0.000646444554947787
1749 0.000895077076081551
1744 0.00069617105917454
1745 0.000745897563401293
1746 0.000994530084535057
1747 0.000621581302834411
1740 0.00069617105917454
1741 0.000621581302834411
1742 0.000969666832421681
1743 0.00104425658876181
1683 0.00121829935355545
1762 0.00069617105917454
1688 0.00129288910989557
1799 0.000198906016907011
1798 0.000447538538040776
1793 0.000522128294380905
1792 0.000372948781700646
1791 0.000472401790154152
1790 0.000546991546494282
1797 0.000323222277473894
1796 0.000546991546494282
1795 0.000621581302834411
1794 0.000298359025360517
1849 0.000497265042267529
1848 0.000621581302834411
1843 0.000546991546494282
1841 0.000646444554947787
1840 0.000546991546494282
1847 0.000745897563401293
1846 0.000671307807061164
1845 0.00069617105917454
1904 0.000372948781700646
1902 0.000497265042267529
1903 0.000621581302834411
1900 0.00069617105917454
1901 0.000472401790154152
1889 0.000621581302834411
1888 0.000522128294380905
1887 0.000770760815514669
1886 0.000621581302834411
1885 0.000472401790154152
1884 0.000646444554947787
1883 0.000596718050721034
1882 0.000497265042267529
1881 0.000497265042267529
1880 0.000646444554947787
1832 0.000646444554947787
1833 0.000472401790154152
1830 0.000721034311287917
1831 0.000447538538040776
1836 0.000422675285927399
1837 0.000721034311287917
1834 0.000546991546494282
1835 0.000671307807061164
1838 0.000422675285927399
1839 0.000596718050721034
1876 0.000522128294380905
1877 0.000596718050721034
1874 0.000546991546494282
1875 0.00069617105917454
1872 0.000596718050721034
1873 0.000497265042267529
1870 0.000571854798607658
1871 0.000522128294380905
1878 0.000596718050721034
1879 0.000646444554947787
1829 0.000646444554947787
1828 0.000372948781700646
1825 0.000497265042267529
1824 0.000646444554947787
1827 0.000571854798607658
1826 0.000323222277473894
1821 0.000546991546494282
1820 0.000621581302834411
1823 0.000323222277473894
1822 0.000472401790154152
1861 0.000472401790154152
1860 0.000522128294380905
1863 0.000546991546494282
1862 0.000522128294380905
1865 0.000497265042267529
1864 0.000596718050721034
1867 0.000571854798607658
1866 0.000671307807061164
1869 0.000571854798607658
1868 0.000546991546494282
1844 0.000546991546494282
1814 0.000546991546494282
1815 0.000298359025360517
1816 0.000596718050721034
1817 0.000397812033814023
1810 0.000248632521133764
1811 0.000372948781700646
1812 0.000298359025360517
1813 0.000522128294380905
1818 0.000646444554947787
1819 0.000273495773247141
1788 0.000596718050721034
1789 0.000273495773247141
1780 0.000621581302834411
1781 0.000323222277473894
1782 0.000596718050721034
1783 0.000497265042267529
1784 0.000546991546494282
1785 0.000522128294380905
1786 0.000472401790154152
1787 0.000497265042267529
1858 0.000621581302834411
1859 0.000646444554947787
1850 0.000422675285927399
1851 0.000596718050721034
1852 0.000596718050721034
1853 0.000671307807061164
1854 0.000596718050721034
1855 0.000671307807061164
1856 0.000571854798607658
1857 0.000571854798607658
1842 0.000472401790154152
1898 0.000646444554947787
1899 0.000671307807061164
1894 0.000646444554947787
1895 0.000671307807061164
1896 0.000770760815514669
1897 0.000571854798607658
1890 0.000596718050721034
1891 0.000721034311287917
1892 0.000596718050721034
1893 0.000795624067628046
1807 0.000323222277473894
1806 0.000522128294380905
1805 0.000248632521133764
1804 0.000323222277473894
1803 0.000372948781700646
1802 0.000298359025360517
1801 0.000273495773247141
1800 0.000223769269020388
1809 0.000571854798607658
1808 0.000273495773247141
1948 0.000273495773247141
1949 0.000273495773247141
1942 0.000223769269020388
1943 0.000149179512680259
1940 0.000198906016907011
1941 0.000223769269020388
1946 0.000223769269020388
1947 0.000198906016907011
1944 0.000198906016907011
1945 0.000223769269020388
1991 0.000298359025360517
1995 0.000273495773247141
1994 0.000323222277473894
1996 0.000223769269020388
1908 0.000174042764793635
1909 0.000149179512680259
1906 0.000223769269020388
1907 0.000223769269020388
1905 0.000248632521133764
1990 0.000298359025360517
1993 0.000273495773247141
1999 0.000174042764793635
1998 0.000273495773247141
2011 0.000149179512680259
2010 0.000149179512680259
1955 0.000174042764793635
1954 0.000198906016907011
1957 0.000223769269020388
1956 0.000273495773247141
1951 0.000223769269020388
1950 0.000198906016907011
1953 0.000198906016907011
1952 0.000223769269020388
1959 0.000198906016907011
1958 0.000149179512680259
1986 0.000323222277473894
1985 0.000323222277473894
1982 0.000372948781700646
1980 0.000422675285927399
1981 0.000372948781700646
1997 0.000223769269020388
1919 0.000223769269020388
1918 0.000223769269020388
1911 0.000248632521133764
1910 0.000174042764793635
1913 0.000298359025360517
1912 0.000273495773247141
1915 0.000174042764793635
1914 0.000198906016907011
1917 0.000198906016907011
1916 0.000273495773247141
1992 0.000298359025360517
1977 0.00034808552958727
1975 0.000323222277473894
1974 0.000372948781700646
1973 0.000273495773247141
1972 0.000422675285927399
1971 0.000223769269020388
1970 0.000447538538040776
1968 0.000422675285927399
1969 0.000149179512680259
1965 0.000372948781700646
1966 0.000397812033814023
1960 0.000323222277473894
1961 0.00034808552958727
1962 0.00034808552958727
1920 0.000298359025360517
1921 0.000248632521133764
1922 0.000248632521133764
1923 0.000273495773247141
1924 0.000223769269020388
1925 0.000248632521133764
1926 0.000198906016907011
1927 0.000149179512680259
1928 0.000273495773247141
1929 0.000149179512680259
1987 0.000323222277473894
1979 0.000422675285927399
1978 0.00034808552958727
1976 0.000372948781700646
1964 0.000149179512680259
1967 0.000447538538040776
1963 0.000198906016907011
1988 0.000298359025360517
1933 0.000223769269020388
1932 0.000223769269020388
1931 0.000198906016907011
1930 0.000198906016907011
1937 0.000223769269020388
1936 0.000223769269020388
1935 0.000198906016907011
1934 0.000223769269020388
1939 0.000273495773247141
1938 0.000149179512680259
1984 0.000298359025360517
1983 0.000298359025360517
1989 0.000298359025360517
2002 0.000124316260566882
2003 0.000174042764793635
2000 9.94530084535057e-05
2001 0.000124316260566882
2006 0.000198906016907011
2007 0.000198906016907011
2004 0.000174042764793635
2005 0.000223769269020388
2008 0.000174042764793635
2009 0.000149179512680259
