242515989: 1809 14259.06 12960.26
75051076: 24933 17446.34 12659.14
443349: 21212 14375.06 13838.21
665848657: 24161 14333.85 13312.09
25984840: 5621 15220.55 16177.29
25984841: 5622 16206.84 15027.10
25984842: 5623 16144.83 15034.17
324309534: 17214 5188.73 2050.33
59642228: 22913 14277.03 14029.37
259803881: 5611 10670.96 28422.75
309367: 16014 14376.87 13964.64
309363: 16013 14332.73 13422.62
248136100: 2582 14205.76 13234.70
25984898: 5632 15975.11 14903.55
260691671: 5835 14089.26 14034.97
665846402: 24160 6525.59 11700.78
59642247: 22918 14239.41 14020.50
443238: 21189 15966.12 13281.40
443237: 21188 15870.29 13270.95
443355: 21216 14330.77 13147.89
443351: 21213 14235.80 13294.45
25984859: 5627 15953.52 15245.42
359584: 18639 10740.81 12679.63
59642232: 22914 14313.45 14005.75
281519984: 11888 26961.76 17532.01
