33407214: 17436 11501.72 13673.76
295975082: 14309 20369.81 23327.07
411714656: 20342 12088.28 16069.77
321742765: 16980 21085.33 12643.30
322112685: 16994 19396.41 16664.71
:442657_14_0: 27254 17469.19 17068.55
41008927: 20292 12149.26 16115.52
52149749: 22173 15232.16 16301.71
442662: 21140 17323.56 16751.47
:449770_24_0: 27279 15503.09 14333.37
33407221: 17437 11656.97 14095.48
663335609: 24099 10516.35 15463.60
391402674: 19994 11941.51 15046.71
311149242: 16210 13487.14 16138.50
449165334: 21387 19417.74 9565.59
443239: 21190 15962.49 13289.89
715446281: 24572 24466.34 11483.12
:449221_13_0: 27271 14138.02 15626.31
41008179: 20291 12136.52 16238.70
443262: 21192 15127.45 13560.16
25984804: 5614 15209.65 16185.78
663391390: 24100 15048.64 13525.65
258594702: 5247 24058.15 12226.72
368319525: 19194 29917.60 9444.56
255149084: 3711 14338.62 14749.92
