0.00188976377952756
0.00632977443081207
0.00188976377952756
0.0019126253590379
0.000492034881661737
0.00033738589798979
1.10289860306118e-05
5.60120541803913e-05
0.000879324513745674
2.01592858626473e-05
9.6354082531942e-05
1.79036515572374e-06
0.035859346293392
0.0217950607160469
0.0267320639607107
0.070800127088364
0.000148481300609035
0.00032105585671635
0.000455486068506225
0.00280790899866736
0.00671881833613665
0.000480459244659232
0.000109391600767738
0.00781532879665773
2.11098111733778e-05
1.22657277969515e-05
1.92165798451464e-05
2.11479497692775e-05
0.00179160129553358
5.0692610088633e-06
0.00149791766323578
0.000293033589219906
0.000551500556715254
0.00091211259821556
0.00101631674236719
0
0
6.34789642951972e-05
2.0081121320405e-05
9.10414467229829e-05
0.0132943027742809
1.93623338066348e-07
0.00147986044244533
9.55979783608143e-05
0
0.00121617453868206
0.000104636180370887
6.17935797158448e-05
0.0013085487359618
0.000127219488324021
0.00110851412406759
0.0180877787303239
0.00656916273902532
0.00810496930776922
0.000307466047177333
0.00132862136177831
3.31768466472688e-05
6.41734214268503e-05
0.0037340244371007
5.20329028468502e-05
1.44012814894202e-05
1.22657277969515e-05
0.000187775364746213
2.57640449971895e-05
5.68277397475408e-05
0.00783983905455196
2.98837019325157e-05
0.00177333914894996
3.76525185553651e-05
0.00104543035355218
0.002823444752325
0.000529599021561063
0.000237941547054125
0.000437989907543729
0.00819757064993026
0.000707236850742713
7.24281810202128e-05
0.000150461076620441
0.00236688279238978
8.72117120436944e-05
0.000256508093622116
0.000365864357973282
0.000490176901372898
0.00025212832972641
0.000458136076499675
0.000243884857607133
0.000114225542239296
0.003693461197433
0.000222868650056226
0.000301911148488272
0.000377832565228614
5.32601966571796e-05
0.000468368979911326
2.92951394337587e-05
0.000324622735357295
0.000125831109093441
4.54964228812438e-05
0.000470414092668241
0.000359167453455928
9.96418549569525e-05
0.000355706238623634
5.71133004474488e-05
7.47179876670042e-05
0.000193864985952879
0.000264277253311953
3.80623450982583e-05
0.000678620187158077
2.50788123221525e-05
0.000140179099680422
0.000406858746924746
0.000394115531093162
3.5163522857498e-05
0.00890615038891271
0.000330445141484622
0.000387589555475907
0.000105505481363359
0.000219235954100472
0.000308771250479763
0.000594459279197594
5.25494370561887e-05
0.000103278670846819
0.000551095111674187
0.00141204147377068
0.000537817247518732
0.000232250605522469
0.00510870986346273
0.000762454850753417
3.09704437929322e-05
0.000624929607836084
0.00435014976761284
0.000338575371934108
8.84321131087036e-06
7.09488252387024e-06
0.000480989253605264
2.00932308773837e-05
0.000132188727345075
0.000494426616416559
0.000156150668133873
0.000128132608165007
5.92599693278204e-05
4.52434876807431e-05
8.42652333492075e-05
0.000221906751306053
0.000317493339184965
4.44766610998906e-05
0.000490696334659485
0.000104374975408935
2.87982307401583e-05
0.00492634021401423
0.000459645856649226
0.000169527061314877
0.00097082266560573
0.00341781107953624
0.018108762879592
4.06644119427214e-05
0.00056965224376557
0.000814206601964383
4.18324267643647e-05
0.00248014185985975
2.84750091812115e-05
0.00101888826403288
0.00472789008480601
3.80356506419625e-05
6.39267048261125e-05
0.0161623263327178
0.00230421332929771
0.000794479770536151
0.000176816768021835
2.77144742882339e-05
0.00255243136410503
0.0112672244340294
0.000945454950716841
0.000131758307245724
0.0647790026073873
0.000139479429519214
0.00918545279008903
0.000222463897659539
0.0226421160550775
2.21873028008615e-05
0.000957669643022928
0.00396053513574188
0.000103119610294388
7.37303976503963e-05
4.08438681134365e-05
0.0635187982553203
0.000611046365165451
8.17404530558006e-05
2.68486284276562e-05
3.39701469459629e-05
0.00149438258377303
0.00190610117627523
0.000371614860980845
3.11567496299716e-05
2.43586011480577e-05
2.47258572063244e-05
2.84944880567489e-05
0.000155250846835817
0.000715899575819835
2.61868746840196e-05
0.000939007921580628
2.2748226386642e-05
0.00527097790981385
0.00229619839140596
3.11827863245768e-05
6.20343479675189e-05
6.60210346608422e-05
0.00803176840973906
0.00254670270603091
0.000140520486850477
0.00362681179715799
3.02025885987342e-05
5.2141303901531e-05
0.0024931820683649
0.000269995766578814
4.17803820187081e-05
4.491146679573e-05
1.03352542136482e-05
1.02543247348924e-05
0.000353896067935973
1.27884327163575e-05
6.96800450731506e-05
3.45173350409506e-05
0.00167715441456393
0.0024905886018064
0.00227902955214032
0.00271955788926927
0.00444581589268842
0.00344193912810093
0.00243260770362393
0.00322521798809923
0.000157089576154552
4.60098015652181e-05
0.00862258419897833
0.000944682951843884
6.54705623434223e-05
0.000127146490216115
2.6537524169601e-05
0.196646306344354
6.45811323549807e-05
0.000181408252996837
0.00693441348392934
0.000213164036480812
0.00512445345442788
0.00116094465130208
0.00118044569602882
0.0101022421922335
0.00394732644302721
0.0412006719753021
0.00518891684321218
8.77418230144962e-05
0.000468409569338037
0.00457751328232615
0.000241876350115849
0.0498821033948097
0.00459617576715129
0.00130096335995333
0.0233065125557149
0.000346196284116892
0.000176600770852347
8.24589243578873e-05
0.00154050992964543
0.025111255170535
0.00197181249317806
0.0032500813331585
0.0671119130559244
0.00560583223150254
0.00531970961855985
0.0127802086214354
0.0149097810373942
0.00137444734435735
0.00141111879144201
0.00728726816721492
0.0122224882548521
0.00381465376525821
0.0105728337862576
0.00233228360997115
0.00139536768893233
0.00586979424737084
4.55039904524009e-05
0.000248736187478322
0.0148698957523951
0.00997320121093042
0.0024881828913527
0.00216580500595623
2.65586039631347e-05
7.01830520732555e-05
0.00544046596431247
0.00178780928851392
0.00364107288595959
0.00394195834141673
9.40207335662786e-05
0.0117836548881632
0.00343597815026051
0.00249162264210938
3.47488679471206e-05
0.00915720635990116
0.0026590817275107
0.000876721963911228
0.000304621199516802
0.000868687395669357
0.000317905572368566
0.000115125227556792
0.00346098006516884
0.00076475478196199
0.00551939701836271
0.00189227519554989
0.000673809849582695
0.000561210024063765
0.00248359794433967
0.000456507707584896
0.000743381074609097
5.98906787220448e-05
0.00017785090252836
0.001707373102341
0.0023791616559816
0.00153989507969373
5.23624763857274e-05
0.00625860310055532
0.000106592656832726
0.00244686358912893
0.000656186698067217
3.33394688445367e-05
6.35036160346995e-06
0.00570361917319864
0.00660097986543449
0.000679498560345986
4.85104048221012e-05
5.09397702730578e-05
0.0076023136822384
5.92888276539894e-05
0.000100417056785493
2.58895292426478e-05
0.000142705875756401
0.00140762953430024
0.000150469366930082
0.00155344845108031
0.000406309406092589
0.000137961585710342
4.36863276801006e-05
0.0190462522960662
0.000104050249441061
0.000431723292595782
0.000276365892863359
0.00498242965267775
1.62164573006074e-05
0.00033729290321455
0.0150100816119322
0.000781614421118541
0.000115983599386711
0.00888120272942821
0.000100308148820494
0.0566173156795162
0.0171655786158678
1.53698391371664e-05
5.38420166682938e-05
0.000114121400988928
0.000114471494697571
0.00239816539298607
4.28858296866969e-05
1.58794839855334e-05
0.000966054858921784
2.79106197953578e-05
4.21917891788378e-05
8.48394406691114e-05
2.03867311706726e-05
3.34475392841084e-05
3.69629427272873e-05
8.60731519444104e-05
0.000197214820917825
9.23482829217573e-05
0.000230934940437458
0.000358623918789015
0.000414128603554703
0.00771201237498862
8.95077756164752e-05
0.000128100437841253
0.000476137520840182
0.000630227453370434
3.90343556416914e-05
3.48732223669582e-05
1.09468982595458e-05
6.32159112251415e-05
0.0056960531693302
0.000128200193147442
0.000326170905212064
0.0112276092432256
4.35818984571563e-05
2.80823700204262e-05
4.07869897297639e-05
0.00011801268396956
0.000721012709783674
0.000113861272429362
0.000385398705168716
0.00119766903382091
0.000975218112624851
0.000591956420468737
0.000276458514536413
0.0301088049141285
0.000104566812135278
0.000340721841154472
0.0003851359326873
0.000191982613121438
0.249306775497505
2.56469543685368e-05
0.000480886922547483
0.000136695660181459
0.000764416384665332
0.000370266876738218
0.000209103887172837
9.61531318167439e-05
9.72220289886677e-05
9.33342683828018e-05
0.000173180557872251
0.000137844782805693
8.53986164091702e-05
8.57800427280929e-05
3.11022726621473e-05
0.000426475014932535
2.5389676178036e-05
0.000122823331307197
5.01814302335531e-05
0.00136321104708679
6.16934836902325e-05
0.00463526045619115
3.24560092845838e-05
9.04810408053992e-05
2.09535482259824e-05
4.83469822540594e-06
0.000100237280705052
0.00726408075390606
0.0218406951913148
0.00102690394627865
0.00138739896483424
0.00120347575313959
8.90853582084731e-05
0.0440025997567977
0.00673604312952567
0.00689847940999603
0.0100110695079549
0.000302467183785356
0.000164724463285099
0.000100377648877125
8.53857498230146e-05
0.000135936068137529
8.33663939534523e-05
0.000170333871817611
0.000154688885049024
0.000160407265128258
0.000242276537786944
0.000214862310415999
0.000256379290776419
0.000126010354385359
0.0420262993972897
0.000260959646710982
0.000458317393903196
6.64957474710136e-05
0.0208217020327701
0.00691123441237291
0.0208493598994988
1.75790835616962e-05
1.65400911253092e-05
0.00028761425110492
0.000145082808605132
0.00024218804386669
7.63742637951031e-05
0.000206199596881235
0.00113079259322248
0.000186029025393195
8.47443951536375e-05
0.000164458417815694
0.000226625307011458
0.00133916899243896
0.00743469415925571
0.000140693508329188
0.00385306540237108
0.0123377520158025
0.0332124418717741
0.00799280972025341
0.0339746911454682
0.0124746858603983
0.0124160181127718
0.00709416119230966
0.000139531522527554
0.000151400014686406
0.00203718463165664
3.57099001968766e-05
0.00437841322698336
0.00040208856543439
0.000114378178420047
0.000209133927325195
3.1594594140562e-05
0.000144080301402784
0.00158821126368827
0.00600700279155655
0.00529338538779937
0.0013452517547625
0.00564421542240111
0.00172052920168051
0.0416580409809059
0.00222253104089158
0.000128836752254645
0.00258790338703795
0.000111230448450583
0.0017093765752267
0.000187062105824968
0.00112873066732345
0.000718710466785143
0.000687987963625063
0.000185510223757675
0.00132865443254746
0.000539869780401552
0.000717483300671374
0.00647767850744015
0.000598248991071132
0.0311930198704653
0.00321002073452688
0.00374670445186971
5.52220236709727e-05
0.0357874962533912
0.00125647131218392
0.00786998999344187
0.000318469782918058
0.0717844009867949
0.00827882988940373
0.0117598883495832
0.0279893310512454
0.00426607541460604
0.00169199546803258
0.0192972973649748
0.000192424209554747
0.00104456412132254
0.000268301552412091
0.000438673398912572
0.000404033626693722
0.000331443210337239
0.00112005634974828
0.000128192706954276
0.00736429382958006
0.00581925568405721
0.0147778611267694
0.0058855121580825
0.00615748892300689
0.144617372792798
0.00109530103170992
9.3682809493429e-05
0.00123959509164566
0.000422091783110162
4.30910554572007e-05
0.000969028195949774
0.00118340555195324
0.000631240288349069
0.0803564744701776
1.93578821767545e-05
0.000211441069110749
0.00742860734817468
0.000190606619318465
0.0141494256706164
6.95173141691823e-05
1.7207728758039e-05
0.0014038159031764
0.000270758949562824
0.00164752153395601
0.0205570897831678
0.0351856906423153
0.0319242838793099
0.0139762247665841
0.00453717212344621
0.0342515157904303
0.00141791884328252
0.00262513985716205
0.00212555809112759
3.90678302762836e-05
0.000153011663676618
2.59386600192996e-05
2.18097765220175e-05
2.05225516535904e-05
0.000276262839711121
0.00123284266489732
0.000547140003204774
5.10490225503155e-05
6.93883170299449e-05
3.82407516886997e-05
0.00213084781014102
6.61513264061375e-05
0.000261603605497134
0.000811197550838545
4.223146946116e-05
7.5385226542363e-05
3.39606746828975e-05
0.000419785814423427
0.0238096835920671
0.000935619003848808
0.00237248012641077
0.000553896429152421
0.000418216067866558
0.0300855890008959
0.0135688771990649
0.00152024999578394
0.000930367435518909
2.08689344543656e-05
5.30981370532823e-05
3.44794334055676e-05
2.3294256049036e-05
0.000735149024369272
1.52132575178548e-05
5.102116536822e-05
1.91058861829688e-05
0.000161551541964778
0.00367624712719695
0.00359124219116223
0.0149943045275667
0.00721786603321821
0.0528350320658935
0.000329981787273408
0.00197821527555973
0.000414711795416454
0.030527861873342
1.91547219908106e-05
1.80754803939975e-05
5.74847081026015e-05
1.74796630084091e-05
1.41732542819901e-05
4.61066456068406e-05
2.78075721910631e-05
1.87848482352067e-05
1.79793180430762e-05
2.73620805284171e-05
0.000554910649695869
0.000385111253904683
0.0322965851085416
5.90591566818265e-05
2.69241878618129e-05
7.34571874285424e-05
0.000250062725494194
0.000343626427384395
3.45030064004875e-05
0.000917857615539796
0.0265885180620272
0.00172029654486486
6.33719266157321e-05
2.56330803067833e-05
6.81158155454054e-05
0.000433559099030046
0.00697569972880387
0.0013701060289206
0.0156853772480961
0.015942112173689
0.000502272642729391
5.29429851060706e-05
6.0611023311091e-05
0.000119659809353658
0.00395581133084323
0.0113474499951412
0.00245577685460561
0.0318362495618299
0.00279085610509528
0.062180851534892
0.0345842084805217
0.00417007074445864
0.0155667312370351
0.00947206855207536
0.000130326114450378
0.000886758336222273
3.23820195818462e-05
0.000245397850239217
0.010312290297253
0.000137371535963117
0.0001579302387662
2.31110423870929e-05
2.37787787017495e-05
2.70063368532079e-05
0.0293433778998164
0.0294989981458853
0.0147921586149269
0.00357511838217282
0.0335680818647546
0.000797026971245571
0.000121216731455291
0.0154025662421429
0.010081708352363
0.0061908987563451
0.000759461763422093
2.00332271630957e-05
2.27538793820012e-05
0.00147223109753626
0.000452963077560493
3.7477849461759e-05
0.00146651077828817
2.22492640153641e-05
0.000656926663201547
3.00341979465955e-05
5.03251208193885e-05
1.68879281896158e-05
0.000584624318660881
1.66598368987642e-05
0.000308736715337887
2.39148659555679e-05
0.000210419541772099
8.27429922003212e-05
2.44623968571863e-05
0.000187539648102675
0.00063855394457855
0.000200884398177382
6.05797958536643e-05
0.00101107087156806
5.61371528388744e-05
0.305397217071146
3.23174074533874e-05
0.000410576686016745
4.60146429759687e-05
0.00115244440453834
0.000442295202742002
0.000121607184375696
0.000570602107790518
0.00106504431022599
0.00045470103875844
0.000376477513410134
5.47935226826991e-05
6.99955224553203e-05
2.06935007994044e-05
2.73245010109686e-05
0.000195236179525005
5.45697344712027e-05
2.26719061560473e-05
6.26043177367936e-05
0.000299691449836609
6.28433501081245e-05
0.000254093403646744
0.00176544263698977
0.00152970119326467
0.0141443643002099
0.000433563732036523
0.000220699154870784
0.00838037985564007
0.00193852411594017
0.0074397657784629
0.000231978229145363
6.7235921566384e-05
6.43153931640449e-05
8.68653500832634e-05
0.0057414722694654
9.63928027400892e-05
0.000122720927689718
0.00180656776770011
0.000785653554893574
8.29190348602094e-05
0.000880722843183131
5.37764509652363e-05
3.53839439840674e-05
0.00389661275639393
0.012393021507847
0.00437256982764917
0.00406433634346671
0.000125969368501552
0.000374935754432432
0.000113889884520192
0.000164659026203463
0.000137622509841767
0.000582240059338187
0.000729373916558095
0.000310959611854973
0.000413293043855102
0.000201853026684695
0.000598512657777738
0.0019367196018046
0.00323883088592468
0.00231256153485458
0.000716078067805012
1.38861448467408e-05
0.00139736620600657
0.000811567817514732
5.86260564589705e-05
0.00142229693602575
3.43601667210261e-05
9.82884133243454e-05
0.000402949073841648
0.000571841707382679
0.00204106631177342
0.00049777302258645
0.000421490405018319
6.29755706131979e-05
0.0011171810119704
7.05735723073219e-05
0.000295523055252267
8.43442314383764e-05
0.00144769239116075
2.08331741342111e-05
6.44190814033653e-05
0.000227891742013519
3.24087818648801e-05
0.0581986008196212
3.53950792431091e-05
7.56077877583676e-05
2.67082398465078e-05
0.00377138585748349
0.000116244993492122
0.000867765366742312
1.3038930721919e-05
0.00118630582757503
0.0554914018306359
0.00324620476407538
0.00372393722205504
0.00018237977952175
0.00180088850649195
0.00164989563597017
6.80587853572989e-05
0.00354193077392144
0.000665239716502925
2.09722341050234e-05
0.0373905333272829
0.000558250236237835
0.000527400605918912
0.00171065198791419
0.00614106060578056
0.00159168805663621
1.95744834285522e-05
0.00166133402621588
2.57784153674664e-05
0.000450348436985205
0.000573364584143709
0.000396248768262095
0.00836496606104506
0.00353628948491863
0.0004145462573228
0.0168781564456762
1.62447940901431e-05
7.74854445827567e-06
0.00077686730751123
0.0123226997378423
0.0165437087021315
0.00117256321232874
0.00578302696317086
0.0244441422405536
0.000134321699664362
0.00197540967501156
0.000125354059919826
0.0594133326608716
0.00111361618429866
0.00239347687663438
0.00112309058363591
6.40660409690579e-05
0.0403205949228012
3.50350180413865e-05
0.00192108741092691
0.00114244743654088
0.000909512317200477
0.000399343700864401
0.000688439729578118
5.76455924937137e-05
0.000137107248631767
3.52664775866611e-05
0.000396651558659026
2.82246398980737e-05
6.44068257723985e-05
6.97491700215977e-05
0.00137814779660794
0.000198380237513326
0.000599335201379784
4.6035283168156e-05
0.000306638492460572
0.0002217820481866
0.000194308062041566
0.000769605245368849
0.00147004094667473
0.000167907263391623
0.00943318409242218
0.000205191049628363
0.00053369897040391
0.00131764551546045
7.36471698322742e-05
0.000252967860458265
4.10559473616676e-05
0.0016054075066317
0.000579659732384948
0.000838153188998687
0.00245561601157106
0.00127805930516757
2.11643352032446e-05
1.37884493885505e-05
2.78320361424967e-05
6.9170231202036e-05
0.000196345104001886
0.000490802346695392
0.00105837583557575
0.000179277028551334
0.00022616021349357
0.00173291280962858
0.00485944533138069
0.000221758180433317
0.000581653825147011
0.000296909850986173
0.316832604453109
0.000642435442195973
0.000858425699244553
0.00078983710853404
0.000982094629183634
0.00508895821752481
0.0638146450323367
0.0654176981665856
0.00222074868382852
0.00155116858783177
0.00209822111752453
0.000267616787577753
3.56446702710115e-05
9.3130597304334e-05
0.000813368756597012
0.000769554826289198
0.00197139813799383
0.00211269019896428
0.00194066532406378
0.00232850254934192
2.73887687050002e-05
0.000549209010633261
2.97170549695028e-05
0.00420849333063953
0.000884256612604613
0.000373738741497657
0.0022453831361564
0.00235350033931377
0.00190963490966438
0.0169819052656728
0.00293993300001336
5.22911980218848e-05
0.00304513247437692
8.9676266560492e-05
0.00135857658062066
9.76861639500938e-05
0.00125685890343433
2.3805737473697e-05
5.82113385247275e-05
2.46398096826211e-05
4.29190536925145e-05
0.000222775375413694
0.0012716968392321
0.000403813322064455
0.00031138821045646
0.00053772148192621
5.08699299449456e-05
0.000151424938905932
0.00328045944184408
0.000142010600744086
0.000108425310014415
6.02883657927447e-05
0.000144066825511715
0.00100892287581389
0.0649160772623938
0.00152003054028712
0.00157817414415637
0.000740022390572097
2.02050592966617e-05
2.32654152140733e-05
0.000408940048997452
1.80099822603503e-05
0.00425269053771888
1.62320520221657e-05
0.000129653005082452
0.000320898120244466
0.000310243502930469
9.02188654590087e-05
0.000864543077064055
0.000355793794619273
4.14099613830712e-05
8.66662834745757e-06
8.59983048368941e-05
0.000254372630553415
0.000548832926206422
0.00513309303968878
9.40644470325674e-05
0.000328098949524379
0.000350571323363356
0.000268754264660578
0.000217383653059004
0.00135263551806516
0.00036697658032332
0.000261846125508913
0.000518668530673648
0.000802882888807015
0.000427724068475
0.00188119426572391
4.41121497422572e-05
0.00149736001140094
3.248922066561e-05
5.40802064952989e-05
0.000989260347714252
0.000531646418206513
4.67952932588003e-05
0.00496635641322779
5.83387667028294e-05
0.000695625082375788
0.00114790989910035
3.11639425249219e-05
0.0224853289606541
3.59021180746912e-05
0.00111685255670318
0.000785998761917789
0.000638530213485437
0.00052483910560068
4.41861950235906e-05
0.00465039556498742
0.000333855019961892
4.08197777873635e-05
0.00131695341349504
0.000755232917283333
0.000119270609440458
0.000123749024681025
8.69258697265301e-05
0.00228015685125322
0.00148741631914467
8.45973316525777e-05
1.37268797898929e-05
0.0278863139671727
0.000307161694473573
0.00282163603196728
0.000368878535419565
0.00310667467262705
0.00127508311253888
0.000612997888534779
0.00160028051354988
0.000852496582347362
5.74111574530012e-05
4.85488031705378e-05
0.00279034695739528
1.37175609478975e-05
1.34050952844418e-05
0.000614360084565484
0.000110076711515607
0.000668853710131801
0.000140135311228214
2.52732527732009e-05
0.000179771408174197
6.51414029452335e-05
2.16327982408547e-05
0.0002567023878457
0.00183641277889402
0.00111592972892537
0.00446633251656424
0.00190257201402297
0.000261289927705662
0.000141206024812179
0.000213848017742909
0.000764327521678912
0.001850084141835
0.000120116645312453
0.000144156068043932
0.0332016487797718
8.89461204268613e-06
0.000212005805657799
9.1199927486285e-06
3.55318023849573e-05
2.23584432524923e-05
0.000284166757345001
0.00138395586016443
0.00469944221882025
0.000991467435199898
6.15614831187264e-05
0.00172258279021786
0.00112020440912138
9.7045308385644e-05
4.41813223675037e-05
0.00116934722052829
0.000965159995470302
4.86874219691054e-05
0.0178797571748165
0.000312057314306455
0.00250511971831044
0.00181696978944649
0.00213254605849419
0.0206019355423832
9.08981955492365e-05
0.000226536507242661
7.3704476539475e-05
0.000904354232161113
0.00035139267752638
2.2406161742661e-05
0.000385991227902154
0.0361743604230015
8.84213968234964e-05
5.17178450288095e-05
0.00179812489957279
0.000339637762288737
0.000328210044293824
5.62451865494401e-05
2.93448871290476e-05
0.00204588453730926
0.000258265346315324
0.000134951863608052
7.78620603751497e-05
0.000282769282412853
0.000812759279013705
0.000122614542179548
0.000401635563652663
0.00137259806659128
0.000162344798760323
0.000258409237718704
0.000172781280659798
0.00115918539965058
0.0014625007836048
0.00431492520190031
0.0340178749055526
0.000773424756783543
0.000396711473285845
0.000723540314113825
0.000617348728585619
0.0562389370479587
0.000754959644267962
0.000442421955363588
0.0216993369693822
0.0650284201285624
0.0069454057702015
0.00121502326042373
0.00133249990113411
0.0005096647704311
0.000492299723645376
0.00425767106860193
1.32566390148694e-05
0.000401472518507634
0.000166966984691587
0.000162356795163078
0.00178633439566125
5.06728223384006e-05
0.000114756097240668
4.35710286569072e-05
6.52956539714016e-05
0.000182226871086735
0.000227805837657626
0.00267890258831035
0.000250104043954656
0.000298523465648022
0.00257441919695101
1.12431422813611e-05
0.0311411631519506
0.024445927053666
0.106032983378734
0.0223364053589681
0.0917466960943623
0.000371017824820928
0.0914350600510092
0.00027594876154112
9.90287967962448e-05
0.00091063037533916
0.000601446204672959
0.00313144984820668
0.00270221782555201
0.00137230053262343
0.00310521086027418
8.23569325422126e-05
0.000580243103873429
4.59002922568316e-05
0.000461779454308161
0.0099075358671138
0.000743013548415834
0.00722316961609287
0.00012950167960417
0.000463802441666687
0.000241734022078944
7.30050025090898e-05
6.21847553793015e-05
0.0055162865761077
0.00075903716553091
0.0357333546069518
4.81886098407112e-05
0.000248170404595197
0.000102456736227111
0.00131187504126374
3.07861785079533e-05
0.000148741487696407
4.97849504461706e-05
0.0015234146784023
0.00126177246096769
0.000639660637295361
0.000602933508074614
0.000153657324699653
0.00330040064091832
0.000625601173323518
0.0421754259846375
0.0246620928384336
0.00229547773522632
0.00193037641422424
0.0279467687756689
0.000297303293659766
0.00153055501539297
7.8983087426422e-05
0.000970330536735422
0.00532444076778286
0.000472435716944816
0.000458399290380113
0.000304155463597771
0.000979302309407139
0.000153266713201723
0.000322419512359757
0.000340930783597478
0.00533684686920033
0.000328754638680133
0.000129009620185752
4.08045952427619e-05
0.00388926974950977
8.05366245661748e-05
0.000420466372510501
0.000505147967716517
0.00228016785604811
0.000440532562416975
0.000289515493424858
7.39996102522154e-05
0.00611786808481471
0.120818797791345
0.000605956193530924
0.00364371076068839
0.000444775304589626
8.82453849620598e-05
0.0211730713449907
0.000547719647492185
0.00121110664798561
1.77472801516401e-05
0.000861124626308809
6.2652024825887e-05
0.000100783373580568
0.00117364279861473
0.000144526402224879
0.000339261454017754
6.88737698695467e-05
0.000157585880544233
0.000725192445237903
0.000134166886746327
1.85318310675138e-05
0.00061119184408103
6.68089586780403e-05
0.00337190539489211
0.000369835862793997
0.0353732834101975
0.000371849669853385
0.000194107202732398
1.15478287233661e-05
2.01024691133385e-05
0.00739139820024859
8.61261760816567e-05
1.85452467285979e-05
1.36579887791438e-05
0.0109173787734834
2.22117871808547e-05
7.92125735144466e-05
5.10168897685368e-05
0.000135328221358947
0.00148602419255335
0.000399409671905971
0.000165963044518619
6.58219984953527e-05
5.71332902333511e-05
0.000523266073786052
0.0004344286569674
0.000100928966762287
0.000189673788942427
0.000193419106482678
0.0131057827909348
0.000271671322318401
0.00858531610493705
0.000373150907286415
0.00152619227783687
0.00996834740487828
6.99742986626396e-05
2.16167802964671e-05
1.69029014834194e-05
1.0672177334501e-05
2.29026036955739e-05
0.00415418894524012
3.55267954783998e-05
0.000716645653406966
2.77875123035843e-05
0.000716653499503093
0.000309580009017149
0.00864746533389815
0.0195871188384283
0.00141048654036328
0.00074140554182204
0.000659605518466445
0.00426030133541601
0.00339609867206597
0.000839692707627267
0.000104996503317557
0.00106434356533455
0.000100605289462502
5.14482950663384e-05
0.0008798257556528
8.82694957083959e-05
0.000443819533437413
0.00635315388370686
0.00363121642063486
4.26753258244366e-05
0.00246880659326424
5.17239961934265e-05
0.00549623167237692
0.0014721853707251
0.0274790903092309
0.00121224319901241
0.0350881538321425
9.59495769769043e-05
0.00054250438621569
0.00050867301177833
0.000492747446865408
0.00235172900408553
2.74467547848633e-05
0.000755177193948444
0.000512575710408744
0.00052782260941014
0.000315119646539302
1.01822583148773e-05
0.00151602408455338
0.00673189214442597
3.31964667243111e-06
2.8944864870153e-05
3.66194172377497e-05
0.000106681509051704
5.69900284524529e-06
4.29288554092207e-06
6.01574972303166e-06
1.61962589312191e-05
0.00671132935579769
0.0192646520279162
0.0187155070749288
0.0188409067881535
0.0236199435159479
0.000670591997761551
0.00180875819305284
0.000314513747940885
0.0032094221686157
0.00583704505962976
3.53813649637076e-05
1.05156412022023e-05
4.49134211629777e-05
6.70268509922287e-05
0.00171443944604065
0.00650009406496176
0.00682664378395757
0.0308432786531799
0.000100497453053411
0.00641924708716453
0.0237175541713875
0.000313478315468906
2.68837720485612e-05
0.00138868812284858
0.00011339863318791
2.29321822472037e-05
0.000739272954488658
2.0658182962154e-05
0.000812126060955279
0.000100815662488372
2.58113693818205e-05
0.000102174489250404
0.000278606442921817
0.000174388324494333
7.94336402199461e-05
0.000435313662617571
0.000218656760222925
0.00209138353894282
0.0190045906364812
0.000958413632083264
0.000437792884378193
0.0571398334482418
5.48011159530896e-05
0.000108584810815371
0.000100401307664469
0.0255305436849924
5.86682387623288e-05
5.48910421145326e-05
0.000117599406242477
0.0199250959221289
0.0299000217289792
1.92357475474486e-05
0.000308467920823182
0.00198961739759921
0.0192424611392133
2.04676990203936e-05
5.31061364099451e-05
0.050156395202858
0.00934130503111073
1.93866349935185e-05
0.000150586392718874
0.00264939581271376
3.16058928286665e-05
2.54902464872957e-05
0.000546325438327717
2.14047478670347e-05
2.01259772557506e-05
0.00424945688902957
9.26113743978724e-07
0.00193737801869347
0.000514083035503921
0.00226545365365044
0.00065751577183203
1.53385563881245e-05
3.32939549091532e-06
0.00124232770220854
1.17267074543301e-05
0.00021248572574678
4.78916728155614e-05
9.94941268957372e-05
0.000232143966150559
0.000779542037136395
0.00124749645002082
0.00017077595141957
5.41421335065959e-05
4.30450054826096e-05
2.33913524059246e-05
0.000586972579700445
0.000148539755211634
0.000328041173551828
4.73360260437021e-05
0.00267103202719635
5.76660074725034e-05
4.94161908213629e-05
2.44254269527438e-05
0.00383066797570937
3.73893781893865e-05
0.00236876961724716
4.9156215807612e-05
0.012517073187141
0.0182467917979687
0.0190894110142265
0.017624073998681
5.58596514285172e-05
0.00037461678972446
0.000308746114015167
7.75513634437233e-05
0.000615305300620902
4.51922034080258e-05
0.0162812598106475
0.000408609318658273
0.000267919258925204
0.01036885448344
0.000817429852622405
0.00136282950673655
0.000888889256199861
0.000158605321093726
0.00114103999355061
0.00225071705482279
0.012558259226497
0.00492092648457664
0.0148244952384816
0.00113076229355344
0.000860932071622261
0.000134119974197138
0.000239061157877297
0.00014844705324721
1.93866349935185e-05
0.000328041173551828
0.000490070387061815
0.00180858076492157
2.01259772557506e-05
0.0131259162325257
0.000862377052270503
0.000158605321093726
7.90945008440965e-06
2.92828632679353e-05
4.00845506654966e-05
1.06212847459924e-05
5.77808227322501e-05
1.82244164567506e-05
2.98730719427904e-05
0.000306831001141429
1.82244164567506e-05
1.82244164567506e-05
0.000139143921268657
0.000230537235841025
3.00951361981648e-05
0.000529237124048019
6.76144990072962e-07
3.67507099221084e-05
5.85460809684229e-05
5.85460809684229e-05
6.71227571963341e-05
4.44308264644404e-05
1.65962861199727e-06
5.28795479187238e-07
6.71227571963341e-05
8.34315719067634e-06
2.64331197734583e-05
0.000143032143440738
3.1246209809549e-05
0.000176496646779504
2.59902931904997e-07
0.000223972875691749
4.44308264644404e-05
0.000184419627965581
0
0.000199404078849422
9.42658418712996e-05
2.64331197734583e-05
4.42656458925713e-05
0.000237393044424554
2.98730719427904e-05
0
2.13703979367365e-05
0.000250066423096118
5.50473325052488e-05
0.000261252880484683
0
0.000450727253575837
0.000168581486749602
0.000153053016186151
0.000250066423096118
4.26754630955703e-05
0
1.65962861199727e-06
0.000630781808011703
0.0025132309281012
0
0.000630781808011703
3.06928847008878e-06
0.0025132309281012
0.000629773737299231
0.000629773737299231
0.000582028421262711
4.54664912615938e-05
2.43273425089331e-06
3.06928847008878e-06
0
0
2.93943013705502e-06
1.14980805798504e-05
0
2.44304081083404e-05
5.85460809684229e-05
0
2.44304081083404e-05
0.000506002323480057
0
6.82016965815628e-05
