0.000966972618113
0.00299316586334
0.00191894152847
0.000427102686258
0.000474852465778
0.00113523660245
0.00243446275949
0.000563151020626
0.0013827277244
0.00357105545067
0.00595600941236
0.00270911981089
0.0013560398531
0.00506929577811
0.000818173614001
0.00109244747502
0.00137563229913
0.00361602803454
0.00327847369212
0.000877830889284
0.000543143548289
0.000829035441643
0.00187437185061
0.00164719353184
0.00100661249989
0.000478181207139
0.000928495536636
0.00178974027667
0.00148366864092
0.000508075843472
0.000541237505125
0.00170862534107
0.0018805402863
0.00154223676752
0.00209017310313
0.00113674845202
0.0013724509134
0.00182109247244
0.00126672675762
0.00122982545099
0.00320092769891
0.00394327684958
0.00058995187377
0.00159507923269
0.000592905349609
0.000729693484335
0.00743866460692
0.000834550491836
0.000570401989612
0.00029904958782
0.000487595584114
0.0013188962985
0.00557270192195
0.00069431745378
0.00128484419719
0.00839442662834
0.00125099154134
0.00169626663185
0.00892749710481
0.000921128182222
0.0039794222102
0.0119864752545
0.00100186448074
0.000866589286077
0.00112496316306
0.00618526507155
0.00601800823102
0.0064730126993
0.00716306066795
0.00520661957265
0.0036855821202
0.00338499757686
0.00487149183622
0.00409190424006
0.00256577194976
0.0206572667438
0.00477971376052
0.00467841297567
0.00345504410088
0.00394352012189
0.0111382757065
0.00287617924028
0.0102014571609
0.00541520222598
0.00403339996335
0.00144753227507
0.000922902590724
0.000956375533281
0.006838487523
0.00653748235439
0.00165993633728
0.00237678016463
0.00199218881926
0.00558630588191
0.00194954113278
0.0019180064568
0.00353179172746
0.000710867495528
0.026150752247
0.00216742123467
0.00521778111943
0.00277376218346
0.000809896119326
0.00134158317983
0.00220179638461
0.00924799484291
0.000995729646973
0.00149733566336
0.00290023946925
0.00326207609022
0.00155215493127
0.00378340889848
0.00168049906648
0.00396486786949
0.00128333490262
0.00118605883607
0.00272792853769
0.00274983824118
0.00556994702543
0.00444288448866
0.00298391850051
0.000624373028098
0.000755453301755
0.0102642543028
0.00116618563521
0.000481432486055
0.00296490448317
0.000541764475762
0.0091485606894
0.00176504540679
0.000990272185979
0.00587198423443
0.000537255079348
0.00127799830492
0.00314438566582
0.000896107254861
0.0032808598143
0.00379857083534
0.0013197167023
0.00220145485017
0.0166929675088
0.00235634307507
0.000912646980238
0.0017351051617
0.00165127834708
0.00132466899811
0.00180873332926
0.00511126739865
0.0124510397066
0.00203464412202
0.0101421522632
0.00122394253632
0.000626287448263
0.00248271589617
0.00124950583427
0.000508095784339
0.00113075467257
0.00388834023715
0.00134164316005
0.000404448278426
0.000310994683666
0.0042838301963
0.001956588952
0.00350416554138
0.00170959673667
0.00221683951101
0.000351197670275
0.000856197297749
0.000597102440889
0.0011171132108
0.00188029846023
0.00119703008196
0.00220463056305
0.000496509279334
0.0148530770737
0.00197188398202
0.00176854415732
0.00126144904519
0.00111948305763
0.0
0.0
0.0
0.0
0.0
0.0
0.0
0.0
0.00254140114086
0.00584069633727
0.00175685396193
0.00336254738934
0.00437997997512
0.0034000701941
0.0168910694149
0.000980792277154
0.00752994919395
0.00347849742641
0.00177127738408
0.000899282561395
0.013686879961
0.00102159354335
0.00207775099864
0.00159921744039
0.000770087725126
0.000842246124019
0.00163450757276
0.000886884566257
0.000868085487338
0.0022330992461
0.0459154623829
0.0028445021029
0.000831973851371
0.0023746230249
0.00193035984896
0.000925616792049
0.000918394142526
0.00146520862701
0.000825034434737
0.000716804892144
0.000947115369985
0.00776205793923
0.00468751462409
0.0010411416266
0.00162417187874
0.00156639744644
0.00270362514612
0.000860400639416
0.000939475708506
0.00114668686535
0.00101363972344
0.000785033230674
0.00221521151351
0.00373044239262
0.00210483262503
0.00574058201058
0.00145323842787
0.00111007756539
0.00181396914156
0.0020563183006
0.00101579533935
0.00162668509235
0.00310758618486
0.00141367201565
0.00527053983713
0.00163380834227
0.000980449872494
0.00209158586152
0.00465687699363
0.00349352541276
0.00128471569401
0.00238958041912
0.00191076769433
0.00129023333447
0.00166736294434
0.0085864491429
0.00170547479621
0.000853731713038
0.00485606915576
0.00132852143541
0.000453029354723
0.0108716831583
0.000410515351965
0.00064129061198
0.00159097157493
0.00032522769695
0.000522778001925
0.00115144149505
0.00350409146881
0.00217562522265
0.00172514452334
0.000805399022046
0.00147506866217
0.000909258464119
0.00153905414469
0.00122811868916
0.0010698208954
0.00173003619865
0.00102305708864
0.000434972566481
0.00283577410686
0.00275790194221
0.00123293993194
0.00276410397896
0.0014267619284
0.0014604426508
0.00170631824182
0.0025083209008
0.00452838712015
0.00095971839405
0.00126699478263
0.00310185344994
0.00140682032322
0.00136801843579
0.00313863164127
0.0102233770875
0.00347466958058
0.0108297267245
0.00100872208085
0.00572447902439
0.00223750171919
0.00234221713433
0.003988307854
0.00172149812114
0.00190551366014
0.000541962319383
0.0028396881738
0.000556092911132
0.00358390403771
0.000531059735658
0.000418387383989
0.00394104269134
0.00189211262794
0.000620779933074
0.00174246048265
0.0173580637582
0.000569246829167
0.00117789539888
0.0012589687579
0.00205820613213
0.00165503478462
0.00104247389278
0.00408096181091
0.00275698081732
0.0100745605861
0.00104533580824
0.000837309934775
0.00326417989418
0.00366407355021
0.00613033031798
0.001869841995
0.00101009519198
0.000615935069374
0.00244203133198
0.00334292087753
0.000917800967713
0.0016292953293
0.00140128916119
0.00286124488731
0.000772077231143
0.00342419905575
0.000779045790984
0.000938018195508
0.00178862802072
0.00095559955677
0.0010585922895
0.000867305119218
0.000808215085211
0.00138421339539
0.00110532254722
0.00100505142179
0.000994232813466
0.00125223266773
0.000707686451358
0.000753354700352
0.000958947658937
0.000807505076688
0.0104263150949
0.0
0.0
0.00331384181227
0.00245818461092
0.0014979150683
0.000778675502109
0.00130682092201
0.00419884341283
0.00297896174197
0.00122901457314
0.00358869034832
0.00254857309154
0.0
0.0
0.0
0.00202172939068
0.0
0.0
0.0
0.0
0.0
0.00417048404337
0.0
0.0
0.00611995314868
0.00347529100529
0.00743582691602
0.00615307425652
0.00138996651817
0.00963915343915
0.00333486247017
0.00308126007247
0.00144146419327
0.00235151681134
0.0016563940309
0.000792572221053
0.0265206284144
0.00214086126946
0.00182654120748
0.00228570684351
0.00124977627969
0.00357032708582
0.00176756292822
0.000645920343871
0.00149451162103
0.00500743888551
0.00156492559541
0.000991148725427
0.00101895174801
0.00126801725323
0.00181712980589
0.0053681312977
0.00203322548225
0.000782463738476
0.0340403035969
0.00105828110305
0.00198302271871
0.001481202723
0.0019534503993
0.00616319416321
0.00247508504783
0.00190456941522
0.00215981498075
0.00347207640977
0.00558086921675
0.00119633462496
0.00100518145519
0.00129286108653
0.000930844697625
0.00238903555025
0.00228216865508
0.0015173961575
0.0012335159709
0.00100777557014
0.00110175352911
0.00134046000308
0.000459911828848
0.00171587509639
0.00483495528626
0.000299239518735
0.000444278502936
0.00185617774236
0.000944592973285
0.00115746012166
0.000456704263542
0.00109484203109
0.00102564102564
0.000992497586296
0.00215386615057
0.0010186849006
0.000608857134134
0.00215367969271
0.00155494133496
0.00112645284359
0.00113937516985
0.00394972845505
0.000796983106526
0.000922351232034
0.00109133385441
0.00242734911963
0.00133252804251
0.00206499468799
0.000645536989182
0.00075852189866
0.00124442516069
0.000794497780028
0.00115888122208
0.00146352434345
0.00518760166056
0.000803719774374
0.00155976745232
0.00164633864937
0.00463213956134
0.00201796741573
0.0264237868413
0.00191215232985
0.00169725160931
0.0
0.0
0.0
0.0
0.0
0.0
0.0
0.0
0.0
0.0
0.00226990801188
0.0106283397961
0.00417097922188
0.00612475414166
0.00109557676974
0.00450285798182
0.0057684019405
0.00120276319544
0.0344976540694
0.002170588439
0.00122584958812
0.00444243475694
0.00417651897851
0.000855103915812
0.0154452157334
0.0056334163372
0.0130100317255
0.000881270749295
0.00202535693849
0.00418955057955
0.00372021893757
0.00907120986457
0.00414158880429
0.00962594799843
0.00614525006683
0.000698506390824
0.00136342455111
0.00148371848051
0.00155936061526
0.000923174861416
0.00115003321013
0.0057454769893
0.00404624940786
0.000472747203556
0.00429197863532
0.00145546243952
0.00161084759068
0.00528835531792
0.00967796423832
0.000878518323746
0.00224774357892
0.00387386276303
0.00287998361935
0.00276704886853
0.00384739043397
0.0028330725272
0.00276417716862
0.00177741049736
0.00244453679925
0.000512820512821
0.0054384040034
0.00129242104872
0.00160231768614
0.000920059078384
0.000302050283127
0.000891931464207
0.00124851856612
0.000310948206144
0.00101994322334
0.000683730443128
0.000799376729378
0.000540931475134
0.000269930340613
0.000771957325215
0.00130719775629
0.000591748011764
0.00056379698874
0.000538461409804
0.000369340700303
0.000761969879063
0.0044226360422
0.000939227249868
0.0011981143179
0.00117516299401
0.0034946234594
0.000841838983551
0.00129152907182
0.00246129970016
0.000905786964557
0.00773094738205
0.00080123244614
0.00133888625747
0.00186851981635
0.00118787477594
0.00133575109194
0.00452760195656
0.00571257219394
0.000764255232478
0.000494852914287
0.000746991937371
0.00142528979686
0.000512820512821
0.0417795861097
0.000825216735243
0.00307715972572
0.00133103295795
0.000745968162295
0.000778864210385
0.00363923302025
0.00118559436026
0.00388014966898
0.00233888971518
0.000926841694431
0.000427373662797
0.00359320760184
0.000929627165047
0.000700785032942
0.000831650952847
0.00588870783472
0.000643495311258
0.00883094901475
0.0251313280752
0.00464674195421
0.00635752342088
0.027747888738
0.00318996107822
0.000430326093928
0.00328800111712
0.00119102806532
0.00532362244742
0.000341359275922
0.0192951397784
0.00302976413702
0.0012232170706
0.00254901530059
0.000606206082914
0.000684122046056
0.0113983146928
0.00336598500784
0.00448804596965
0.0046323310083
0.00177030551779
0.00371649181614
0.00566635935255
0.00348906883337
0.00297533349833
0.00229433439734
0.00161237284342
0.00892198357533
0.00114126152611
0.000908976040389
0.00651390134245
0.00182530187397
0.0017194615806
0.001983564175
0.00345133118965
0.000858891020749
0.0855412638383
0.0
0.0
0.0347218316845
0.000966331332778
0.000455631627274
0.000634837694249
0.00632542472189
0.00117178296875
0.00162108895579
0.000716909632736
0.00175734896819
0.000486031110067
0.000834414619157
0.00121051712524
0.00125492605479
0.0022581200862
0.00094152477507
0.00203496189386
0.00141911145259
0.000574359641674
0.00175684520079
0.00141817447487
0.000858188583231
0.000791502731886
0.0034536812728
0.00133360435025
0.00176090873356
0.00267975467229
0.0092898417685
0.000441525797833
0.000801287849331
0.000690586738471
0.000433560001095
0.00262514735334
0.0139787571141
0.0022873157137
0.00176471193418
0.00248878458233
0.00173958409129
0.00109436496902
0.000539101602635
0.000636774704356
0.00215758191174
0.000625661555238
0.000962608604235
0.00123878446205
0.000367017802878
0.00118050041796
0.00169738351624
0.00246154301143
0.000873409787888
0.00215597245419
0.00417498512718
0.00239809651952
0.00864612799603
0.00183811385906
0.00162065003547
0.00161740309995
0.00150247973475
0.00212493861319
0.0027363275394
0.00197561093452
0.0210288066906
0.00319602690416
0.00454956613054
0.00326302439954
0.0028600312163
0.010375555596
0.00273339246706
0.00075360997483
0.00103492834778
0.0013569328701
0.000915426838241
0.00512070940638
0.00931789183818
0.00661086554456
0.00306692076604
0.00573401123298
0.00278204909273
0.00365797849384
0.00783376738626
0.00352373933823
0.0069042676739
0.00301846589548
0.00423174762259
0.00247718171617
0.0012454648651
0.00194347640996
0.00886311372203
0.00229831772841
0.0245476247829
0.00382375717694
0.00153362967015
0.0034083448633
0.0018527070967
0.0021055123512
0.00129255245796
0.00395833333333
0.00395833333333
0.000964616007156
0.00255677919525
0.00305553971781
0.00733299003885
0.00108767986096
0.00154475451323
0.000917429217428
0.00111709094429
0.00439640609103
0.00620655065292
0.000612353314926
0.000783411038154
0.00138370625377
0.000984179273957
0.000523427849945
0.000502123314641
0.00214387822817
0.000583963466547
0.000594326585984
0.00739209802183
0.00541713913658
0.00744325857187
0.000579872914462
0.00162893116644
0.0
0.0
0.0
0.0
0.0
0.0
0.0
0.0
0.00407884676418
0.00158577534508
0.00507956352334
0.00138039402038
0.00186484166646
0.00162374722108
0.00120112698866
0.000964981350585
0.0
0.000958969497525
0.0199624104629
0.00308968762146
0.000970514150787
0.00241657857069
0.00132521400192
0.00112142364983
0.00199639322
0.00744322176939
0.00224271775856
0.00105723768672
0.00174036401123
0.000128205128205
0.0166215101919
0.00040971256123
0.00382595854554
0.00127539552565
0.000553010598552
0.000779063008084
0.00140829571034
0.00109669537122
0.000383541518323
0.000283947978943
0.00229859091418
0.00286410401098
0.00230041614053
0.00124659967975
0.00721784621802
0.00401772218895
0.00446787522517
0.00121683143821
0.00211957500762
0.0029003302255
0.00957952766762
0.00214168707724
0.00196963200444
0.00212991279163
0.00555184047795
0.00405860464525
0.00725820817753
0.00232317584109
0.00382202665079
0.00262103749651
0.00361456174954
0.00208077231066
0.0
0.0
0.0
0.0
0.0
0.0
0.0
0.0
0.0
0.0
0.0
0.00463826945348
0.00519286943908
0.00159120061391
0.00257209191243
0.00340503415386
0.00321646612805
0.00555536738542
0.00218394854884
0.0
0.00313013546254
0.0128138704308
0.00289558678213
0.000773626685949
0.00100784237608
0.00144325368439
0.0019153930503
0.00148097669287
0.00126687462332
0.000601543864089
0.000707253202997
0.00134452502986
0.00194459114911
0.00179017688636
0.00121201609562
0.000641477312793
0.00220937918187
0.000775472430754
0.00111309591748
0.000696196866481
0.00128728570095
0.000727228602684
0.00132814338941
0.0047234413945
0.00118371319815
0.00130612790718
0.0242086285779
0.0018702069842
0.00275475506447
0.00044502525044
0.00856528451591
0.0125576745423
0.00108906492413
0.010494766093
0.00161860372389
0.00382196095934
0.000814127436499
0.0127315350543
0.00416919183314
0.0016293909945
0.00466625740016
0.00178906293977
0.000686167359808
0.00109075196644
0.00106361908557
0.000913840031226
0.00124656733705
0.00081124164855
0.000953385024155
0.000732327251483
0.000595739079015
0.0
0.00215793763026
0.00155657183969
0.00154019810286
0.00130977468984
0.0015100677507
0.00306466879059
0.0015985037305
0.00179435394665
0.00242697293184
0.00137793295613
0.00782386423174
0.00726511641686
0.00128974833938
0.0103328544757
0.00843226337731
0.00274493178333
0.00146604370628
0.00195333060816
0.00258703498378
0.00199739247927
0.00122023758145
0.00579320547536
0.000912765098194
0.00423856431249
0.00103994463773
0.00340218966105
0.000439074130331
0.0029537738419
0.000732419130587
0.00722794778077
0.000488149840169
0.000612040559519
0.0016126879493
0.000923756914115
0.00241691592027
0.00085292569654
0.00146151943901
0.000537435611291
0.000911805047616
0.00017337937369
0.00275448994563
0.00246904612959
0.00165038624361
0.00161381403875
0.00236121129457
0.00282646035926
0.00189958578401
0.00425086466761
0.00957879506086
0.00230401296051
0.00233129212883
0.00507184286738
0.00086826269926
0.00162235210622
0.00147093922113
0.00833182949656
0.00277317505149
0.00088633582723
0.0133968579096
0.001371622079
0.000661526689717
0.00114611961517
0.0
0.0
0.0
0.00110617401843
0.0
0.0
0.0
0.0
0.0
0.00122400638607
0.000785964686746
0.00223719995584
0.00285423669876
0.00345143469176
0.0406049449113
0.0037377560112
0.00183358644126
0.00103311269877
0.0152619114999
0.00307765665354
0.0030190908361
0.00139594814275
0.000275713847542
0.00474413114756
0.000196577697636
0.00063855293869
0.000495638026532
0.000222074343307
0.000894323909451
0.000373828444947
0.000452010411061
0.000967907673537
0.0085378075442
0.00472860411901
0.00184802042386
0.00479531044854
0.0120470246454
0.000502418923406
0.00427410275175
0.017384283425
0.00531003901661
0.00397014111937
0.0
0.00323741504095
0.00131082179103
0.00190544171051
0.00263810271356
0.00436409849626
0.00833377556745
0.00125264926327
0.00101711777268
0.00277060325805
0.00119100891258
0.000962981641726
0.00139225628189
0.022301359539
0.00118786699847
0.00283313382087
0.00141208722747
0.00112517452529
0.00776501458635
0.0053138880675
0.00207811673918
0.0052553985439
0.000678963808223
0.00669611618621
0.000550163227986
0.0361850555469
0.0990151403631
0.000739436035864
0.000868697501182
0.000890971891017
0.00236658321429
0.000850409816616
0.000926765013959
0.00140856838073
0.00308020736726
0.00110859999782
0.00191923604558
0.000844551305876
0.00200210790365
0.00108333467286
0.0112690173274
0.00384462551319
0.000513392167401
0.00128318446616
0.017489359395
0.00111210028789
0.00100059944912
0.000881474311083
0.00167401626585
0.00823062894128
0.000177185459231
0.000381719710121
0.011702307412
0.000719741131714
0.00431552323789
0.000663124979262
0.000767433741117
0.00305255244122
0.0011193394306
0.00353561481931
0.00727024714613
0.00134940214612
0.00047856412782
0.0014356382999
0.000684210627647
0.0030321128208
0.00294262692404
0.00109224996769
0.00107388826797
0.00167365480281
0.00221563000948
0.00305739052307
0.00335605693554
0.000393246295829
0.00410740507164
0.00343633732947
0.01159659792
0.0144015512075
0.00269114411441
0.0176939324117
0.00526035936927
0.00614382239382
0.0243987939552
0.00605579096045
0.00201271186441
0.0122696777497
0.00284082354587
0.00179983870238
0.00299659112277
0.002021605738
0.0247133328553
0.00360873322665
0.0121018443538
0.00316243882851
0.00681971564925
0.0
0.00113589567701
0.00136299009274
0.000131125930477
0.00067668086872
0.00101968159533
0.00298990157466
0.0354828741181
0.0214073498845
0.000691732122406
0.00121176898211
0.000426669879997
0.000217892261317
0.0200310470148
0.000449880543729
0.000213607836309
0.000602523548773
0.00182519988632
0.000576057611329
0.00159172793132
0.000282107951083
0.00309755977032
0.0140456989247
0.00138061695828
0.00272796713786
0.00119042955608
0.000661930925311
0.00154041736618
0.00138313736252
0.00225658483624
0.00255374659401
0.000973105472949
0.00111260526758
0.028428030303
0.00977332170881
0.00163318211869
0.0022431563592
0.00116709620347
0.000301416022353
0.000405134264984
0.000785197416299
0.0021935933472
0.00125755772706
0.00544763425216
0.0311369970713
0.00119292467412
0.000738014764077
0.000744289660564
0.0330122227853
0.000696670474029
0.00179351306412
0.00257021426197
0.00136559415688
0.00449313574688
0.0016020387126
0.0075572499872
0.0109290000418
0.0124825093772
0.00369880715285
0.00260699114707
0.00324428388523
0.00173924547412
0.00280779057363
0.00170845414674
0.00527019591379
0.000843308328986
0.00113164991237
0.0071983376628
0.00107954025683
0.00752651020117
0.000794472680685
0.0436686285198
0.00684808809244
0.00501587301587
0.00457891949153
0.00567192875936
0.00292740740741
0.0224826388889
0.00126666666667
0.00450265859919
0.009375
0.00292740740741
0.00273504273504
0.00140672932045
0.00126633716416
0.00350235508106
0.00489939985617
0.00111843483426
0.00235007683776
0.00227884834666
0.00105603898785
0.00334431665845
0.00131670876268
0.00510695180669
0.0296045083832
0.0
0.00135191769897
0.00153076094802
0.00829957275892
0.0035378072483
0.00116106108781
0.00062672845335
0.000866828542337
0.00108281911417
0.00133660145268
0.00331934560142
0.0074617715135
0.00390700941498
0.00303017076189
0.00355591420257
0.00207852877623
0.00262126510783
0.00257427442955
0.00504739082346
0.0047890188515
0.005541367658
0.00345086055245
0.00337823654631
0.00493217709106
0.00180367957367
0.00111214854414
0.00355880718259
0.00193969688969
0.000415192663994
0.00106538554629
0.00661646673304
0.000112233445567
0.0
0.00124562225606
0.018442376436
0.00497790974506
0.0012896837207
0.000718159112272
0.00107966571031
0.00105472767116
0.000716231275753
0.017770039303
0.00116360927561
0.00164576029078
0.0012975870098
0.00369748037884
0.000824095474733
0.00103310943069
0.0017108741904
0.00103494482977
0.00207832995773
0.00356558527994
0.00138596938352
0.00103296705493
0.0011880520023
0.00101043515527
0.000691944826378
0.00361131185433
0.0023451506003
0.000933516763278
0.000760404148503
0.00549385160245
0.000670244721868
0.000551914963769
0.00037170848332
0.00169901639878
0.000800396238837
0.000475293875708
0.000520344436767
0.000855909695226
0.00151080427555
0.00044947080828
0.000821151314639
0.00743582691602
0.00122044431686
0.00074780829373
0.00125114925366
0.000366497673163
0.00517869278152
0.00323237505724
0.00155998100937
0.00596989352061
0.00086104885796
0.000737365683881
0.00111446100746
0.00560447544319
0.00866248391248
0.0172222222222
0.010685483871
0.00898782855436
0.00642361111111
0.00434981684982
0.00691018342821
0.0132215873016
0.00649737237237
0.00560325743201
0.00662617397121
0.00476589665995
0.000599612522237
0.00111569040423
0.00213133486971
0.0178541318334
0.00159812460632
0.00848181464531
0.00804804480063
0.00101355868095
0.00125252405041
0.00155519302917
0.0011623747362
0.00132315272781
0.00413185503412
0.00272185625408
0.00379361443013
0.00216678065139
0.00410597931698
0.0
0.0
0.00212923424943
0.00143531483691
0.00366637158646
0.000576588641338
0.000892556713311
0.000275127005047
0.00464519563804
0.000584291372057
0.00218176986176
0.000783239999956
0.00105394020737
0.00391636904202
0.00118529003619
0.00483518969843
0.0101428191871
0.000777573290712
0.040037871091
0.000727917009115
0.00581557480038
0.00190713791472
0.00345475105381
0.00148234616673
0.00104519029727
0.00504462819637
0.00549942856336
0.00215030912563
0.000419506562267
0.00202550990123
0.000576847432485
0.00118173562737
0.00139966128367
0.00141680186721
0.00135890955347
0.00054136619367
0.00147177832191
0.00167691054829
0.000627083648703
0.000766137796797
0.000903755736241
0.0019898910399
0.0065996519429
0.00251527192878
0.00160639196238
0.00206397857574
0.00863522767926
0.00306637833251
0.0595653117524
0.0193721198157
0.00480554460649
0.00542964130863
0.00374458021285
0.0148049258936
0.0220874033374
0.00725806451613
0.00834459459459
0.015975975976
0.00690104166667
0.00141788252101
0.0104496951963
0.00956560581185
0.00077021549266
0.0147244242489
0.009816593433
0.00115557426609
0.000723833792655
0.00107369567796
0.000627191559898
0.00391087259734
0.00553226614481
0.00173524501153
0.000847447160634
0.00656592347084
0.00468357120213
0.00716854792553
0.00321149145978
0.00128247915931
0.00326264672259
0.000785915120584
0.00109883931896
0.00581488330179
0.0
0.0
0.0
0.0
0.0
0.0
0.00695218482166
0.0
0.0
0.0
0.00335354161776
0.00399669721942
0.00272649894888
0.000547564587929
0.00100462153331
0.00179563875428
0.0023480632778
0.00057661920345
0.000428159264895
0.00276575919277
0.00134954465405
0.0865040650407
0.0167329545455
0.0259348864994
0.000596078357654
0.000883483724969
0.0246296296296
0.00313426975026
0.000976737436822
0.0402002689741
0.000688811017544
0.000684130341334
0.00126510013561
0.000746350099698
0.000778933873288
0.0124789305434
0.00137785194838
0.000807614178894
0.000528077767243
0.000399019580126
0.000732288887393
0.000877271024555
0.000801357681764
0.000476599237521
0.00113046404626
0.00165735005851
0.000819271975549
0.00254172440486
0.00168867292448
0.0451536017448
0.00123056455164
0.00162213966276
0.00146248808737
0.00176025141402
0.00291915292978
0.00102877376905
0.00139620806066
0.00974041903654
0.00206958098808
0.000537786919322
0.00183485345576
0.000766980005478
0.001040157328
0.000799635443128
0.00250246217198
0.000898334109337
0.00967219755711
0.00104329832764
0.000718104879423
0.00348258130126
0.000329622819319
0.000559032609416
0.000866305677855
0.0013754397196
0.0012747387181
0.00033554835774
0.00116927885567
0.000566308112889
0.00678404293075
0.00377047694607
0.00238561793647
0.0343220885524
0.00433089897486
0.0110379679568
0.00263281663362
0.0307219376693
0.00351384805554
0.00489227989351
0.00338321318498
0.00110996843944
0.00295457565194
0.00222814934808
0.00965887089752
0.00292773896505
0.00153062679182
0.0024415440093
0.0165981694252
0.00100699320099
0.00363339817276
0.00978739655432
0.00434760168967
0.0102466505409
0.00340733531079
0.0079262222016
0.00167539035275
0.0126661200474
0.00150519620096
0.000731158921908
0.00104913623965
0.000658025693399
0.00137901683213
0.000339147208132
0.000991828929662
0.00344373114103
0.000979950589345
0.00159896065785
0.000918820083245
0.00169266670014
0.000738877596989
0.00145548549471
0.00319997612788
0.00112646123587
0.0241497902606
0.00280303987822
0.00276186791923
0.00407827738068
0.00219235980781
0.00467091052123
0.00990611674221
0.00220406599348
0.00306650588345
0.00420420952588
0.00258148335505
0.00361838540882
0.0296698587639
0.00760805897631
0.00143428154284
0.000798930734744
0.00830976515861
0.000725692744926
0.0122343623611
0.00141729621696
0.00109981698872
0.00131024013152
0.0225685567881
0.00644567031725
