0.0719475372711832
0.0772699635184435
0.0719475372711832
0.0832014839871242
0.082830916300038
0.0828219192961495
0.0893275538894096
0.0894270802791298
0.096629071093651
0.0893327865971531
0.0895531152739445
0.082776963578136
0.105230471984543
0.0967578199352833
0.105107174856985
0.105536332179931
0.0828084274543875
0.0894848022532567
0.0828039311505674
0.0894690525080669
0.089542598790441
0.0828534173639031
0.0827724706904038
0.0895794172932331
0.0821925191333405
0.082170375559028
0.0827994353349984
0.0822102425876011
0.0832287289199367
0.0827994353349984
0.0832014839871242
0.0827949400076008
0.0828534173639031
0.0894533083059596
0.0894113508442777
0.0672992056487202
0.0672992056487202
0.077246479586668
0.0772660485382784
0.0821526692883693
0.0890251021599533
0.0767720499395892
0.0831924063062572
0.0894743018070875
0.0672992056487202
0.0895741556534508
0.0895846795511954
0.089542598790441
0.0968008124920655
0.0828084274543875
0.0970410435889278
0.0970657501113869
0.0970163496405624
0.0971399452194407
0.089490053400622
0.0827275686231963
0.0893851474122267
0.0824413450102714
0.0894848022532567
0.0823968013831857
0.0823389665784785
0.082170375559028
0.0895110641544873
0.0823612011233528
0.0824458020219495
0.0899068506072397
0.082383447679758
0.0894428152492669
0.0827006507592191
0.0896900546962301
0.0895110641544873
0.0828399152588408
0.0827410341272855
0.0894743018070875
0.0970163496405624
0.083088155170535
0.0831515812431843
0.0894795517221147
0.0964823484752626
0.104131102765449
0.0967025998731769
0.104330573989191
0.0968438432717343
0.10411688400355
0.0968376936753873
0.10411688400355
0.104109776078646
0.104926379523875
0.104159551943173
0.0969053822202453
0.0968069574049387
0.0960993131262209
0.0969361810322909
0.0966658215010142
0.0968253968253968
0.104123992899085
0.096714865550482
0.0969485060394151
0.0968192495714558
0.0962874100265185
0.0968684494696055
0.0961963035387624
0.0895110641544873
0.0968192495714558
0.0965556540458402
0.0959240155994465
0.104259246598756
0.09577942469539
0.0969423431441103
0.0969361810322909
0.0969115404168785
0.0894428152492669
0.105042016806723
0.104060047765268
0.0969854998728059
0.089521573231582
0.0960569412950365
0.104123992899085
0.104230742943066
0.0966168271667511
0.0968315448599911
0.096659694491982
0.0968438432717343
0.104145325411459
0.0965189873417722
0.0970410435889278
0.096997837425264
0.095881798176674
0.0969485060394151
0.104437748253664
0.0968869123252859
0.0893066291871633
0.0892386915559717
0.096659694491982
0.0891917183296292
0.0968869123252859
0.0962813308921018
0.0964701417004049
0.0961538461538462
0.0966903373066193
0.0965984670931779
0.104138213602841
0.104159551943173
0.0967394062420705
0.0966351942208985
0.0968930681745981
0.0960508912263022
0.0965189873417722
0.104940820258739
0.0968499936491807
0.0964701417004049
0.113273416029117
0.1135094901377
0.12275617805683
0.104109776078646
0.112862640615749
0.113180941071694
0.111975915999706
0.113332342449465
0.104067148901324
0.11323977129279
0.113534842167957
0.103967821107172
0.10411688400355
0.122746297488731
0.113467261904762
0.0968992248062016
0.112033499853071
0.10380505071132
0.113256591162273
0.113425065079955
0.1120088138083
0.111984138640035
0.122884770346495
0.11233058338244
0.121591452718865
0.112280960094242
0.112829239419947
0.103875757782167
0.111992362488066
0.113340765514679
0.103762672654283
0.104202254868466
0.103918228279387
0.123252242786713
0.0969115404168785
0.104209375427088
0.104038750170555
0.104060047765268
0.113080231351031
0.113307080763801
0.112479716772385
0.104010366934934
0.10386160866308
0.103875757782167
0.104052947598253
0.112479716772385
0.113450379407826
0.10393947655398
0.11310539197508
0.103516155308173
0.113180941071694
0.11334918983202
0.112124108521432
0.096708732322912
0.104216496958928
0.122460451296876
0.113492595073305
0.104280634573304
0.113492595073305
0.112181844931587
0.104180899029922
0.113256591162273
0.112554432061407
0.104173782362183
0.104052947598253
0.0961720375859242
0.0959662702158454
0.0967762406396751
0.0965250965250965
0.104031652909475
0.103932392830369
0.112017041281034
0.113155746827929
0.113441940043145
0.113399762046401
0.113653301535251
0.113450379407826
0.11323977129279
0.113543295361477
0.112371969641147
0.104145325411459
0.113458820028272
0.121951219512195
0.121050960469916
0.120334569557327
0.119984264358773
0.14335401391239
0.121022141099913
0.121243440928606
0.131261835083491
0.120935765265662
0.113661772378326
0.122117232543242
0.122097678142514
0.113772008355715
0.122254288920956
0.142191142191142
0.130878819086852
0.120401073740723
0.128974966170501
0.131227949401945
0.120830362094921
0.131977498918217
0.130252818585583
0.131092581449325
0.132034632034632
0.122048819527811
0.12113750099293
0.120448621751836
0.113256591162273
0.131760843269397
0.122029287028887
0.121717615132892
0.14217788551184
0.131126397248495
0.131103851444292
0.131749460043197
0.131909004411383
0.113281830337246
0.113273416029117
0.122107454560013
0.122549019607843
0.121610845295056
0.122627854615632
0.113408195136462
0.122107454560013
0.113602502979738
0.120983736612455
0.121060569976979
0.11384845091452
0.122205304912253
0.113155746827929
0.121756487025948
0.112165342747867
0.121060569976979
0.113627896579987
0.11329024589555
0.122372010913176
0.113475705037577
0.121214529846594
0.11372110365399
0.113374470299606
0.122097678142514
0.1207538205717
0.122381831313699
0.113357615401769
0.113248180603
0.120954949238579
0.11323977129279
0.112537820087078
0.112297496318115
0.113391330210425
0.121795383755291
0.113636363636364
0.121766208878952
0.130186102100051
0.139664804469274
0.130878819086852
0.130119453924915
0.130397605814451
0.129621759456014
0.129864600187346
0.13082268165051
0.131273134199879
0.139639227176998
0.12957770413799
0.140358950759319
0.12994205862304
0.131013745704467
0.139371230122464
0.128800675675676
0.128345396397913
0.131194081211287
0.140423572744015
0.130935004722246
0.127231770398799
0.127465730524908
0.145238095238095
0.127444425873308
0.136209360485888
0.13537505548158
0.136697741125852
0.138409874750408
0.136697741125852
0.138712024740768
0.137498872960058
0.13819664703217
0.120572422517394
0.132263660017346
0.12080164765526
0.129500679347826
0.129919918214347
0.131103851444292
0.128811555029986
0.13030846791421
0.141242937853107
0.130386456908345
0.1208207890984
0.140903631155872
0.120782512276255
0.132805016110772
0.132114701550723
0.12027762441833
0.128833319253189
0.1208207890984
0.12080164765526
0.131329658973476
0.126935242217413
0.127221156252607
0.138246759133351
0.127316747370179
0.127359278436613
0.127316747370179
0.126430111092688
0.126871880199667
0.127146906786727
0.127455077308817
0.137784604264546
0.127583033548063
0.137276082455667
0.137436914203317
0.138259292837715
0.146142788691902
0.137029382693863
0.137066331116304
0.138661574831788
0.138560785026349
0.127083333333333
0.127359278436613
0.126482541262337
0.126724281203257
0.130979987975608
0.127625742739978
0.130030695770805
0.131613014585311
0.126998667554963
0.12621037821733
0.120363062352013
0.120811217618633
0.131194081211287
0.120811217618633
0.135099220411056
0.149085932153681
0.149042220484754
0.148983978116452
0.138523026614588
0.158375739952228
0.146282973621103
0.145376549094376
0.13858596873864
0.138497865770593
0.160678537561901
0.135893780074853
0.149158841940532
0.138384754990926
0.14525192875512
0.138598564027992
0.138284367065651
0.138334542815675
0.138234227701233
0.138334542815675
0.138384754990926
0.137066331116304
0.138134057971014
0.136404293381038
0.127295492487479
0.13829690759046
0.13398348269197
0.134634060210117
0.13689407540395
0.145543042565375
0.137759710930443
0.14582138076114
0.137498872960058
0.136160714285714
0.132378472222222
0.124155336644142
0.135784881132579
0.150960205899822
0.151454960770682
0.149085932153681
0.149363369245837
0.148274185707341
0.146535985394446
0.151635676643134
0.151005050004951
0.151094818190825
0.151214675260288
0.138548196602162
0.138535610465116
0.138384754990926
0.136014983945772
0.138422438050286
0.138284367065651
0.137313164055466
0.138334542815675
0.138409874750408
0.138472714065196
0.145737767584098
0.138259292837715
0.146479684948612
0.151635676643134
0.144563465731349
0.148954873998828
0.144686907020873
0.151274675131435
0.151049920760697
0.151349741961096
0.135893780074853
0.135857461024499
0.13533901313454
0.137189636559914
0.138648968088008
0.137921678574659
0.138460141637915
0.145445875059609
0.137337896253602
0.137004761476956
0.136550859598854
0.145807438569653
0.148000776397516
0.150796005141897
0.146072796934866
0.157394984002477
0.15102000396118
0.158953512612049
0.150855673162528
0.158936946326212
0.151184693169426
0.15110978993262
0.150766188828473
0.141334569045412
0.151801712124229
0.14600287218765
0.151530206677265
0.153667875856509
0.147685454193298
0.145293445121951
0.153173965447971
0.150825833250915
0.152271592611083
0.158293543699398
0.164102012267298
0.164155005382131
0.158244266888036
0.164190353143842
0.158244266888036
0.170143925025103
0.162701376293609
0.156394215977848
0.162527976127038
0.15021670606777
0.147957698651402
0.145570828560519
0.14788595810706
0.147656855151046
0.145543042565375
0.145709917829161
0.152713799319047
0.153112449799197
0.151998405262633
0.157573878900599
0.156506568144499
0.151304692925885
0.153004916223538
0.152683219863837
0.151454960770682
0.151184693169426
0.158063847429519
0.165150530647607
0.152104528226611
0.166539259582833
0.164864864864865
0.16522210184182
0.166666666666667
0.158589850249584
0.158244266888036
0.165491047205643
0.145682078716087
0.153127824078723
0.145626432391138
0.145695996942773
0.145654250238777
0.145709917829161
0.157038410050458
0.145737767584098
0.158309976123741
0.150661924520846
0.158425098691045
0.150602409638554
0.150751285092922
0.17349260523322
0.152683219863837
0.151771496815287
0.1528362397274
0.151319706290931
0.150975150975151
0.152729093640461
0.147357232582858
0.158953512612049
0.17142535971223
0.143922234805587
0.145695996942773
0.151079849415494
0.14559862516708
0.158639342556954
0.145376549094376
0.14385435336289
0.14792899408284
0.157508779177856
0.164402759810263
0.16572484242556
0.171656911301216
0.165851005981512
0.164385038266681
0.162303107705407
0.165959299162042
0.161324447265418
0.1642964878259
0.161597965455123
0.149612479152359
0.151349741961096
0.149407269520917
0.150290726323051
0.150261109468913
0.156217988117189
0.160593934288121
0.161119915478077
0.150557804324218
0.151229670765569
0.150975150975151
0.161426908013126
0.151199682728535
0.156217988117189
0.160408120332387
0.150990099009901
0.151199682728535
0.150305539128721
0.161717921527041
0.165796912372255
0.16199277671553
0.158672354593695
0.157281353135314
0.158721898417985
0.17106001121705
0.165383364060297
0.153220134632774
0.153266331658291
0.149377999804094
0.150349995070492
0.149304875660858
0.150142758688589
0.161119915478077
0.149377999804094
0.150542941757157
0.150068884077937
0.157330031981843
0.164491424873261
0.164526917682598
0.166194420226678
0.16504329004329
0.170983294091266
0.157753180924796
0.164243403338718
0.158721898417985
0.171002466920834
0.149144254278729
0.150810917721519
0.151139742319128
0.149377999804094
0.149115087513445
0.151005050004951
0.150766188828473
0.149334116725421
0.150349995070492
0.150379646977616
0.157297576070139
0.160966856660334
0.170964125560538
0.150990099009901
0.150781095511173
0.152256389776358
0.158441558441558
0.158573359675575
0.150587538264047
0.155818943496475
0.1667760279965
0.158293543699398
0.151139742319128
0.14948049402078
0.15112476464176
0.156314063140631
0.164102012267298
0.16343371557175
0.166448373717529
0.166430208447015
0.161273265651438
0.151094818190825
0.150453827940016
0.151199682728535
0.172257991641252
0.173039827527516
0.165061153804524
0.173828792887268
0.164208032733929
0.172335857159001
0.173591348890154
0.171483189025076
0.172569876654973
0.165383364060297
0.154430379746835
0.164509169363538
0.150054117878579
0.161290322580645
0.163661729984975
0.159619007745447
0.159019812304484
0.150751285092922
0.149936092812899
0.150766188828473
0.173551837942415
0.17349260523322
0.172180196454782
0.171386828500787
0.173611111111111
0.162113319868183
0.162770840004269
0.172804532577904
0.165509008031257
0.171348314606742
0.160004196831392
0.149995082128455
0.150009836710604
0.16044187269858
0.157265133546458
0.150796005141897
0.162027199320017
0.150602409638554
0.161666489981978
0.152195608782435
0.150157542339504
0.148765974051312
0.160543215075271
0.148795004390672
0.160831048302046
0.149656526005888
0.160763230023192
0.159102764736568
0.149936092812899
0.162875146854641
0.16348627787307
0.159702586658289
0.160290098801766
0.164562425812021
0.150054117878579
0.173808981080465
0.150751285092922
0.164580185624865
0.152393324672729
0.163749597337056
0.16163222045575
0.160593934288121
0.164367320543221
0.1642964878259
0.161735072648213
0.164208032733929
0.151034960879469
0.150960205899822
0.149862421383648
0.150647041390892
0.160797132011809
0.15102000396118
0.149759402926446
0.150870597546498
0.159252297410192
0.150915388421573
0.16399612861598
0.170830066091632
0.164031407981069
0.173670424780777
0.161889596602972
0.160797132011809
0.172706681766704
0.170791801993504
0.165168417632406
0.162875146854641
0.154258547440825
0.153760838878806
0.153776343652314
0.161529498993751
0.153745337231576
0.153962645128723
0.161119915478077
0.161666489981978
0.153962645128723
0.161615091140314
0.153513187034427
0.159568902375222
0.171194431971262
0.172472291336802
0.172277451423407
0.164954029204976
0.160290098801766
0.161615091140314
0.160560117919562
0.161358586392974
0.160746284389164
0.155090003050951
0.16044187269858
0.157378740970072
0.155184695227435
0.154586923466802
0.154963926430241
0.162736100736314
0.162892544328135
0.162979587474618
0.161769385806725
0.151424883328369
0.162441414571794
0.160763230023192
0.153281736857976
0.151154722965606
0.153250929554819
0.153698851038097
0.163837559088956
0.16396086442318
0.164686825053996
0.163381187058067
0.163732016319519
0.160526315789474
0.164597949271452
0.160644685557779
0.163451232583065
0.15259155493296
0.160915901656642
0.150990099009901
0.153327971043636
0.15421175042977
0.152484751524848
0.157998342312474
0.160610847814639
0.16072934232715
0.153020268914309
0.170791801993504
0.163241275958039
0.161461090524087
0.15136476426799
0.161769385806725
0.174545038342681
0.161256212329491
0.161256212329491
0.153652392947103
0.162424113324103
0.160797132011809
0.153931563540931
0.161529498993751
0.160408120332387
0.153528641900735
0.172257991641252
0.163591503969105
0.162718736662399
0.170486305198435
0.169463273697077
0.164066702528241
0.154118241536129
0.164686825053996
0.154180568193307
0.154916700528241
0.155042700284669
0.154900964956831
0.151831939466348
0.17102164405069
0.161872412695043
0.172980943738657
0.154055965249015
0.153853914447135
0.16199277671553
0.173020195144089
0.172941710138353
0.164615716753022
0.171792272164019
0.173670424780777
0.160357518401682
0.162147793726741
0.14972999509082
0.167840633942329
0.150187118376994
0.155216284987277
0.161597965455123
0.149862421383648
0.167582417582418
0.148635477582846
0.162251303330142
0.153931563540931
0.160661609776654
0.159669144592189
0.160560117919562
0.152912864734784
0.154524267909616
0.153590492496727
0.149936092812899
0.15318935208438
0.153250929554819
0.153358809332261
0.159853249475891
0.154555589338198
0.159019812304484
0.153528641900735
0.154055965249015
0.148216541937992
0.154571254814515
0.160712403836021
0.162631971846006
0.153869437998184
0.156026191937794
0.150009836710604
0.161290322580645
0.162354945171937
0.150068884077937
0.15906957338062
0.149980330448466
0.161717921527041
0.160121797564049
0.162251303330142
0.162562626585652
0.160357518401682
0.151560325978931
0.150945263783035
0.153112449799197
0.150068884077937
0.158573359675575
0.159853249475891
0.160831048302046
0.16044187269858
0.154586923466802
0.16081408836866
0.153143201446074
0.154539927036887
0.159836495126297
0.148505209854903
0.16192397536632
0.161051853416411
0.16123916261366
0.161975570897504
0.155042700284669
0.166502893328966
0.168378050126974
0.168676031412454
0.155311131479784
0.154900964956831
0.162285835905076
0.148809523809524
0.153667875856509
0.153947102766
0.160340658185259
0.150647041390892
0.161136939983094
0.161188035091428
0.160763230023192
0.160949868073879
0.1528362397274
0.150661924520846
0.149246427872382
0.15362143648635
0.153528641900735
0.15306634547827
0.161906784159677
0.161872412695043
0.161838055820864
0.158589850249584
0.162165036154828
0.14948049402078
0.155184695227435
0.149671214054372
0.154649629854984
0.147585405980838
0.154900964956831
0.148274185707341
0.149524463182665
0.148375170266589
0.147714064316157
0.141900065134456
0.146578239138793
0.14413988657845
0.143745876142898
0.144358197652404
0.142230927065846
0.142696734350145
0.147058823529412
0.143827218711685
0.141583882647851
0.141966114317632
0.142045454545455
0.144044582979125
0.168433841396068
0.154586923466802
0.159719312945119
0.154602595296026
0.148404048267808
0.147642559783135
0.149656526005888
0.147314528593508
0.156410256410256
0.147357232582858
0.142470104633782
0.145348837209302
0.149348741553227
0.139767207405371
0.145487502385041
0.141860465116279
0.139460448102423
0.138034033309196
0.140139680205845
0.145404271548436
0.144235316371891
0.137709951237132
0.143800094295144
0.145501383455777
0.144194402420575
0.145473623962606
0.142803633298998
0.144728100977508
0.144180769594403
0.143718782395627
0.153822876739964
0.158589850249584
0.159870007338295
0.162372231686542
0.149656526005888
0.161906784159677
0.14953912531869
0.139588100686499
0.152606824777344
0.152989566613162
0.148130160271977
0.162113319868183
0.148389607862217
0.153127824078723
0.153250929554819
0.138510445049955
0.16617631034107
0.135219010462848
0.146902995857817
0.136722252106868
0.144399204620775
0.144453916832433
0.135615829257448
0.138321995464853
0.13675903506412
0.13530298997427
0.147030466640956
0.145543042565375
0.1431790442212
0.144879346380391
0.144934423113477
0.147585405980838
0.147200772200772
0.14350239954832
0.141426319206158
0.1398312855309
0.145501383455777
0.14704464371806
0.145030908226343
0.146804004620716
0.147143959861057
0.136612021857924
0.147371472748357
0.147328760506231
0.134622175141243
0.132654836464857
0.148130160271977
0.14775700029067
0.141505057065974
0.144563465731349
0.143881498254552
0.146987951807229
0.143380970289583
0.14350239954832
0.143340539524391
0.14346190028222
0.143394452280207
0.145238095238095
0.147229194825256
0.147685454193298
0.147058823529412
0.146775745909528
0.144632018209408
0.136955545577009
0.144235316371891
0.145279603696294
0.138699408822192
0.136980149106261
0.143881498254552
0.141321471596701
0.137921678574659
0.14340793680647
0.13747408275489
0.141557597697949
0.143434913468774
0.14476931839757
0.147714064316157
0.138838310269483
0.148202137998056
0.134503439760099
0.138674183868328
0.147728373534825
0.142723444080487
0.134610292170536
0.147728373534825
0.146860554699538
0.142630003741115
0.148058252427184
0.14518278750952
0.148577552611068
0.148317447967322
0.138359644347668
0.149495147534555
0.143434913468774
0.135411117030723
0.143380970289583
0.14514133434853
0.14518278750952
0.134836427939876
0.128572632998904
0.140346033498988
0.135857461024499
0.1355073751555
0.147871618345777
0.129226336751123
0.13772238779012
0.128022162525185
0.126095584587399
0.121291656724728
0.128550956756301
0.127019823421623
0.135171068959404
0.127882599580713
0.129084137464026
0.128345396397913
0.129401781926177
0.130197216767694
0.129062288422478
0.127444425873308
0.129127857747671
0.129281112241438
0.147200772200772
0.147485493230174
0.140552995391705
0.129270153428838
0.138059025891726
0.137375011260247
0.137523672107494
0.151094818190825
0.137660227477884
0.13699245418613
0.150498371656962
0.130252818585583
0.128887762001352
0.138059025891726
0.13673451089393
0.144153511674071
0.144221675808587
0.138598564027992
0.133725008768853
0.136099955377064
0.135784881132579
0.144276253547777
0.138096531739564
0.135039404941114
0.142297284687879
0.134896063688633
0.135567606009423
0.144412878787879
0.136967846236752
0.137884267631103
0.137797054305593
0.136209360485888
0.14788595810706
0.134919932761214
0.140036730945822
0.139639227176998
0.140488254260709
0.139460448102423
0.151199682728535
0.138096531739564
0.151274675131435
0.136722252106868
0.118382238782798
0.128475147430497
0.128421052631579
0.128594316552829
0.128659411119548
0.127979187646861
0.128507626190276
0.118308766485648
0.127839718333473
0.117961014851485
0.12653501493528
0.130186102100051
0.118741727010823
0.130152769480242
0.118299588860445
0.127168112074716
0.12653501493528
0.117951891097533
0.127668480535789
0.12113750099293
0.129029528724934
0.122549019607843
0.127487042300619
0.119880512538322
0.119720521274925
0.130174989329919
0.12628353759523
0.119140625
0.127551020408163
0.130152769480242
0.130086155420967
0.128280619111709
0.119177868083776
0.126179050140659
0.119514106583072
0.127893324387789
0.129588715159755
0.129930987475505
0.128442685083804
0.128054412629104
0.131647099447514
0.128431867946774
0.128974966170501
0.118253722084367
0.128507626190276
0.121031746031746
0.12072514249525
0.12914972899729
0.120439109145475
0.12871370695476
0.126168610904277
0.128237470568449
0.128032910754765
0.119038326438217
0.127711246964241
0.11832712600869
0.118474207582349
0.119047619047619
0.118262892594029
0.12835619897315
0.127829002514669
0.121031746031746
0.120486687208659
0.120715586163223
0.126440593648951
0.121118259073942
0.120230211289814
0.120706031343992
0.129798280704741
0.127754042054117
0.118262892594029
0.129401781926177
0.119140625
0.128637705609447
0.117136492818189
0.127508361204013
0.118281237881021
0.110283482788545
0.110515254728604
0.111762550384756
0.112190097844479
0.111869131455399
0.109783312936434
0.112165342747867
0.117997523986382
0.11066763425254
0.118373049755492
0.110539286749783
0.128269829253932
0.119401816473536
0.129798280704741
0.119252424147638
0.118079752226094
0.110812381921232
0.110909090909091
0.110563329224969
0.111598975484815
0.110925225487344
0.110901025379972
0.110595402132134
0.11093329453699
0.109783312936434
0.11098173349829
0.109878233302111
0.110068567304222
0.112198351971748
0.10980702764977
0.109460235429228
0.109381724286329
0.10937387936599
0.112099382534549
0.109743811168682
0.109350351355227
0.10926416851759
0.119899363157481
0.109901989045835
0.119937082186394
0.112124108521432
0.128421052631579
0.119852247720843
0.109468092742804
0.117660674330684
0.117651596975775
0.117136492818189
0.117706082124112
0.128269829253932
0.11784251603431
0.119429869214504
0.118024920671775
0.11927107774128
0.112099382534549
0.119842829076621
0.104423445631334
0.110515254728604
0.111967694566814
0.111926605504587
0.119720521274925
0.110315393518519
0.112280960094242
0.112066431510876
0.112297496318115
0.118483412322275
0.118070610096005
0.128377809579931
0.118373049755492
0.109846574947778
0.110957508731083
0.119457935140216
0.11098173349829
0.11973932160804
0.11098173349829
0.110555313904596
0.110419231047716
0.10460968582796
0.110347322720695
0.113206146537005
0.0939328611025562
0.0964823484752626
0.0945912417814167
0.102157020364416
0.102040816326531
0.0959360845495722
0.094608846702649
0.10210230316015
0.0964701417004049
0.0945736434108527
0.101335636919397
0.10174127693642
0.110291458740146
0.101033523254273
0.101578631852395
0.101849996660656
0.102088633016468
0.100514104930134
0.101013446380076
0.101020137784844
0.100853118180015
0.110291458740146
0.102033989027164
0.0943980191891055
0.0943921762812577
0.0874226094932355
0.096390872890462
0.0964335399013532
0.109428817451206
0.102047644539615
0.10206130370767
0.0890406959771122
0.0938865973034538
0.0939502217841301
0.0939560101041217
0.0964091541282084
0.110251590514748
0.110267534345625
0.101782019622239
0.102006688963211
0.110203786674375
0.102150177506866
0.102122815241412
0.0940429205722743
0.0893851474122267
0.0939907550077042
0.0933806870369236
0.0964030596118592
0.0890147093159001
0.0962145110410095
0.0939502217841301
0.089051094890511
0.109554597701149
0.094561914801265
0.102033989027164
0.101904443701971
0.102184400964889
0.101986223500301
0.0943746518967758
0.110108303249097
0.094626458178208
0.102191248408497
0.110539286749783
0.0939386472834791
0.109846574947778
0.102081799317223
0.102081799317223
0.109775410308091
0.0939617991373999
0.0939965483234714
0.0894008676280924
0.0944389398067872
0.0939386472834791
0.0940139325565625
0.0964152494151862
0.0965556540458402
0.0938461538461538
0.0939097235051419
0.0875279802559835
0.0943629725883299
0.0807476437572805
0.0827185940551096
0.093558282208589
0.0808503870215248
0.0770085340604959
0.0810006904976895
0.0771019768441276
0.0806281061647457
0.0771604938271605
0.0803900896151819
0.082776963578136
0.0755960937887275
0.0827814569536424
0.0707525285329869
0.093823058939338
0.0889005479771482
0.0963421568008086
0.0889835453378457
0.0827230810957418
0.0938692601255694
0.0707394006865201
0.0707623776158879
0.0676604995785084
0.0721483654255571
0.0707689451946726
0.0721347145357362
0.0721244797578509
0.0707558112559736
0.0707361194860615
0.0707361194860615
0.0827320566375522
0.0937711369366046
0.0935697631611241
0.0938692601255694
0.093823058939338
0.0808418150975403
0.0866920584389745
0.0938577055637617
0.0963421568008086
0.0937826701924851
0.0757199602780536
0.0812726497548497
0.0812726497548497
0.0812683186783906
0.0707689451946726
0.0756335862718841
0.0756223346226322
0.0707656612529002
0.0707689451946726
0.0721415393348787
0.0664053995210102
0.0663736072423398
0.0664169679020949
0.0707886552476442
0.0663793853921825
0.0810954533368785
0.0756223346226322
0.066356278826908
0.0756223346226322
0.0827724706904038
0.0757124416641843
0.0756861382698893
0.0757237201449923
0.081104079136308
0.0810738968633705
0.0825037870590781
0.0810825180774139
0.0810825180774139
0.0807476437572805
0.0827320566375522
0.077098078867543
0.0827814569536424
0.0806281061647457
0.0708018013835368
0.0707525285329869
0.066356278826908
3.67469879518072
4.21270718232044
3.71951219512195
6.71806167400881
7.09302325581395
6.74778761061947
6.1
7.36714975845411
6.74778761061947
6.74778761061947
6.83856502242153
7.26190476190476
6.6304347826087
5.98039215686275
0.0624360286591607
4.22437673130194
4.79559748427673
4.79559748427673
4.27170868347339
5.44642857142857
0.0589349203895502
4.84126984126984
4.27170868347339
4.90353697749196
5.52536231884058
6.17408906882591
4.75077881619938
6.30165289256198
0.070716438673777
5.62730627306273
5.44642857142857
4.91935483870968
3.72860635696822
6.80803571428571
6.27572016460905
5.52536231884058
6.6017316017316
6.86936936936937
6.1
4.70679012345679
6.6017316017316
6.5450643776824
7.12616822429907
7.22748815165877
5.64814814814815
7.06018518518519
7.19339622641509
6.80803571428571
6.5450643776824
6.27572016460905
3.72860635696822
0.0589349203895502
0.0589303655614808
0.0624564852356964
3.72860635696822
0.0589303655614808
0.0624488124488125
0.0624564852356964
0.0624513698349646
0.0624513698349646
0.0707229977275889
0.0663418453908731
0.0635999666360831
0.0624488124488125
0.062425805395227
0.0557709186658865
0.0707328385899814
4.75077881619938
4.70679012345679
4.765625
4.79559748427673
0.0624028152876668
4.765625
5.40780141843972
3.28663793103448
4.20110192837466
