0.000544808743169
0.00234644808743
0.000577595628415
0.00423914910226
0.00352029664325
0.00316237314598
0.00375772833724
0.00405281030445
0.00667903981265
0.00342244340359
0.00431916471507
0.00294871194379
0.0107823445225
0.00579132188394
0.0110573640385
0.0117180197762
0.00316182669789
0.00452166276347
0.00311319281811
0.00434761904762
0.00446783762685
0.00375144418423
0.00312193598751
0.00449133489461
0.00250601092896
0.0021781420765
0.0036787665886
0.00250054644809
0.00396319281811
0.00336237314598
0.00394133489461
0.00279679937549
0.00370226385636
0.00441155347385
0.00407822014052
0.000262295081967
0.000196721311475
0.00182076502732
0.00212240437158
0.00193770491803
0.00354972677596
0.000593989071038
0.00379707259953
0.00455991412959
0.00024043715847
0.00429379391101
0.00572931303669
0.00501619828259
0.00623011969815
0.0036093676815
0.0081304319542
0.0062672781681
0.00498257871455
0.00521154046318
0.00402494145199
0.00280171740827
0.00464953161593
0.0029868852459
0.00411155347385
0.00277923497268
0.00238579234973
0.00218360655738
0.00401783762685
0.00253333333333
0.00316174863388
0.00579488680718
0.0025825136612
0.00447056986729
0.00304652615144
0.00492166276347
0.00405636221702
0.00355308352849
0.00282357533177
0.00428669008587
0.00545307051782
0.00396155347385
0.00405882123341
0.00445608899297
0.00542111631538
0.00872285974499
0.00688734061931
0.00893488160291
0.00721083788707
0.00848406193078
0.00745182149362
0.0088529143898
0.00867805100182
0.00934116575592
0.00884034608379
0.00831801977622
0.0072216887848
0.00623644288316
0.00747172781681
0.00803051001821
0.00741271142337
0.00930209471767
0.00740591985428
0.00743620869113
0.00752067395264
0.00654713765288
0.00769819151704
0.00619272703617
0.00323610460578
0.006666653656
0.00713152485038
0.00555244600572
0.00895010408535
0.00535244600572
0.00818960447567
0.00763714545928
0.00686883944835
0.00418778298205
0.0102884335155
0.00811567785584
0.00658741868332
0.00436920374707
0.00545189955764
0.00828835545147
0.00877086911267
0.00804245381213
0.00835845693469
0.00521528753578
0.00577430392922
0.00879709862087
0.00716212594327
0.00570599791829
0.00610053343742
0.00621583398387
0.00575080666146
0.0097535389019
0.00690873015873
0.00312845433255
0.00280987509758
0.00566774655217
0.00288669008587
0.00883004163414
0.00482957325007
0.00749764506896
0.00624573250065
0.00772180588082
0.00706411657559
0.00859908925319
0.00862258652095
0.00682258652095
0.00757613843352
0.00719143897996
0.00707204007286
0.00694635701275
0.00934475670049
0.00708574030705
0.00589137392662
0.00832906583398
0.00822305490502
0.00968816029144
0.0081497918293
0.00837933905803
0.0085629065834
0.00801536559979
0.00841536559979
0.00802059588863
0.00817122040073
0.00861985428051
0.00783862867551
0.00806649752797
0.0092698152485
0.00861407754359
0.00767688004163
0.00787961228207
0.00780441061671
0.00811130627114
0.00894182930003
0.00826095498309
0.0092341790268
0.0100344912829
0.00870420244601
0.00933152485038
0.00874409315639
0.0087691517044
0.00764301327088
0.00741895654437
0.00856762945615
0.00790113192818
0.0075074941452
0.00774484777518
0.0114385506115
0.00718316419464
0.00770858704137
0.00801349206349
0.00777332812907
0.0083410486599
0.00858652094718
0.00866860525631
0.00745230288837
0.00736487119438
0.00733754879001
0.00810474889409
0.00901778558418
0.00915111891751
0.00666912568306
0.00781821493625
0.00660027322404
0.00831466302368
0.00848062711423
0.00790232890971
0.00717524069737
0.00765741608119
0.0089091595108
0.00872336716107
0.00794976580796
0.00826708300807
0.00756599011189
0.00753774395004
0.00762957325007
0.00853866770752
0.00785065053344
0.00748780900338
0.00630768930523
0.00586298464741
0.00666243819932
0.00633534998699
0.00762769971377
0.00701841009628
0.00757599531616
0.00760334374187
0.00792617746552
0.00878999479573
0.00855361696591
0.00872246942493
0.00817711423367
0.00859241478012
0.00837875357793
0.0077872625553
0.00720188654697
0.00708588342441
0.00682781680978
0.00725568566224
0.00695513921416
0.0166603056324
0.00692617746552
0.00697699713765
0.0102589004802
0.0066748113453
0.00754968774395
0.00725536039552
0.00781414259693
0.00733326827999
0.00804802237835
0.0134005476309
0.0101568317839
0.00740354363305
0.0102967224943
0.0101314609798
0.00710604168145
0.00980956402432
0.0106210784662
0.0100155359213
0.00988965770113
0.00777211813687
0.00709370283633
0.00713546708301
0.00667327608639
0.0106431705817
0.00745910746812
0.00708359354671
0.0149192829939
0.0100069488799
0.00971420883306
0.0105792361555
0.0107404383413
0.00667874056727
0.00639224564143
0.00737674993495
0.00844548529794
0.00832612542285
0.00862308092636
0.00704173822534
0.00724440541244
0.00773400988811
0.00683796513141
0.00765477491543
0.00803779599271
0.00806402550091
0.00718756180068
0.00689197241738
0.00699630497008
0.00681142336716
0.007564610981
0.00666234712464
0.00795914650013
0.00730778037991
0.00807404371585
0.00791484517304
0.00619064532917
0.00728490762425
0.00743579234973
0.00838303408795
0.00811001821494
0.00655539942753
0.00734657819412
0.00814877699714
0.00638365860005
0.00719353369763
0.00728036690086
0.00709142596929
0.00773548009368
0.00676363518085
0.0096994547347
0.0118020899865
0.0097213126582
0.00904408132851
0.00937989969957
0.00864072457597
0.00946459915312
0.00859725001774
0.0102879213682
0.0124900290966
0.00912823433397
0.0137262117664
0.00957876777139
0.00972649090436
0.012140562534
0.00939471885128
0.00890995434438
0.00966521065455
0.0138606770279
0.00980251224186
0.0112617498167
0.0117478934545
0.0123770373524
0.0106331984955
0.0102628297022
0.00979776334776
0.0110202067514
0.0121453043314
0.0109809145317
0.012438838029
0.0120344321434
0.0123095297235
0.00615648404419
0.00949288434698
0.00566077756488
0.0109962541102
0.00918492181771
0.00957211931966
0.00952586639226
0.00995123719632
0.0115632070116
0.00955865327751
0.00599411089821
0.01202446124
0.00579699926667
0.00904023017056
0.00923012088094
0.00542814680766
0.00855955101365
0.00611725687791
0.00597518037518
0.00928094055307
0.0092169611809
0.0107597923024
0.0116257824143
0.00998071345776
0.0104994488208
0.010063461311
0.0100156861354
0.0082772005772
0.0102601826225
0.0105302841057
0.0109366132046
0.0116852470844
0.012002360845
0.0118485747404
0.0129353428903
0.0146491341991
0.0128289156199
0.012423451139
0.0132259231661
0.0125472346415
0.0100681451518
0.010275795425
0.00966049487853
0.00898211860999
0.00962160598964
0.0104725167365
0.00864595486481
0.00902768788588
0.00983613890663
0.00831701322357
0.00611550043763
0.00592463392709
0.00916072197384
0.00595195633146
0.0134338856954
0.0103843528966
0.0107498852696
0.0107887244813
0.0107428370355
0.0109124949732
0.0108072623187
0.010793972512
0.0110007960164
0.0122075911338
0.0139035193404
0.0111909244672
0.0111127267996
0.0117098680009
0.0114064426466
0.0111310884016
0.0105995848414
0.01112854659
0.0105025903059
0.0111545028742
0.0117403780191
0.0103598100442
0.0110246552173
0.0108358195539
0.0098084652142
0.0116186064391
0.00970740425331
0.0113933373548
0.0110738355451
0.0126705686845
0.0099997220448
0.0129305868994
0.00961037778251
0.0103788978781
0.00927106545549
0.00852878787879
0.0111235623211
0.0131777452056
0.0122318435663
0.0106829524756
0.0108993802191
0.0122846668814
0.0108308577579
0.012678200579
0.0121853954788
0.0126608053149
0.0126923171546
0.011102718047
0.0120011697774
0.0117855049322
0.0109920623093
0.0116976178648
0.011061005843
0.0109770349869
0.0111243819932
0.0115731317862
0.0111674721453
0.0099147215262
0.00973222387813
0.0103743003809
0.0124992388304
0.0107044407323
0.0101557211459
0.0105273058453
0.012513355406
0.0123538836391
0.0126039747138
0.0105930274643
0.0108382833014
0.0118445343363
0.0110923355333
0.0110158328011
0.0102067383436
0.0113651952783
0.0115713434107
0.0110636470087
0.0107120987391
0.0106363660019
0.0102962333659
0.0102957779925
0.00982895401502
0.0102308417448
0.0104554567473
0.010553817403
0.0109692752603
0.010341249097
0.011040768885
0.0107368775123
0.0107261058614
0.00976490367556
0.00813093354733
0.00823375804523
0.0085626275364
0.00774924074104
0.00943548728139
0.00899186369186
0.00763958218466
0.00882428627838
0.00699787462083
0.00792501487583
0.0158161950072
0.011769304557
0.0121601970889
0.0144491640418
0.0126469001854
0.0146431531128
0.0194524427303
0.0121740404404
0.0135234029177
0.0120133847027
0.00693436172207
0.00868127937636
0.00812342566359
0.00896470378438
0.00878055077891
0.0087840116168
0.00831891214432
0.00894605194441
0.00932929420306
0.00818001934313
0.00812725161905
0.00753763413272
0.00887552120011
0.00776399019924
0.0100365801776
0.00770023792237
0.0085571241145
0.0131702153038
0.0121663901672
0.00760196233639
0.0131172051082
0.0115884302401
0.0119040950852
0.0131634710463
0.0162916048432
0.0149783079398
0.0121310531909
0.00849924001317
0.0079834261367
0.0083329210862
0.00856266110938
0.00882532722287
0.00858451903288
0.00772095563817
0.0084387995429
0.0083585813094
0.00798468462321
0.00874364506168
0.00796918536837
0.00793368280172
0.0221772103125
0.00789707978724
0.00806848233733
0.00847850055227
0.00779671548852
0.00825354608961
0.00838986004888
0.00900564080728
0.0140623781501
0.0201855939143
0.00665246611312
0.009266525278
0.0097852204262
0.00897800068784
0.00888262420639
0.00880514094285
0.00625082676886
0.00936591259378
0.0124917523278
0.0132072810614
0.0119930439324
0.0180940669531
0.0125570078373
0.0121329641215
0.0164133171018
0.0124040023729
0.0163100384133
0.0130126958652
0.0143721097664
0.0139607740165
0.0128576537306
0.0131582001787
0.0139133417584
0.0137767297366
0.012611379695
0.0166624974297
0.016374221225
0.0148359698589
0.0161537045832
0.0140718367243
0.0160627458152
0.0159753141212
0.012487286302
0.0165886772608
0.0137225570422
0.0170668690144
0.0134451601222
0.011173211306
0.0118542755969
0.0111193613308
0.0169661484235
0.014292526963
0.0135493575641
0.0188624723182
0.0123985466264
0.0122016762836
0.0116699822946
0.0125949862524
0.0146067100477
0.012740043381
0.0132779470075
0.0168690051297
0.0133181854575
0.0160183841659
0.0124301822949
0.0125859783204
0.0126972502907
0.0126808568481
0.0128273049355
0.0127191082142
0.0189523583884
0.01353624281
0.0125721136787
0.013773947728
0.0186449859794
0.0121850508326
0.0133349763169
0.0163010965355
0.0133557413443
0.0126064119851
0.0140136648415
0.0131479420397
0.0127831783881
0.0138416577048
0.0142452994183
0.0128536795627
0.0147924773769
0.0192686754047
0.00866813605338
0.0055754051959
0.00566546977613
0.0131485608199
0.0138896000175
0.00645969058264
0.0129619842817
0.0130830426404
0.0155239430879
0.0161434214237
0.0121903662822
0.0165805798937
0.0122029842653
0.0120787167295
0.0116435453435
0.0123149810117
0.012260336203
0.0164024378172
0.0162381556513
0.0162546484481
0.011937013078
0.0158564113509
0.017097949958
0.0160741737342
0.0165960316577
0.017547676734
0.0203440772369
0.0164430261932
0.0159733292235
0.0166812775594
0.0183344178617
0.0118909660922
0.0123221136332
0.0126031882507
0.0112781573618
0.0144357748354
0.0119170430662
0.0117250958513
0.0117639930197
0.0125101430446
0.0118590253098
0.0168777504853
0.0166566873954
0.016263493158
0.0163875865509
0.0167192308629
0.0167266327506
0.0121328438865
0.0158868910715
0.0183105373706
0.0159465035902
0.0130585420044
0.0133706734977
0.0144065359959
0.0134029819907
0.0124057908394
0.0127562627718
0.0132859924229
0.0116924217859
0.0130519711618
0.0123890799547
0.0127612607793
0.0109052881545
0.011978697441
0.0109137332613
0.0127044798553
0.0103126403651
0.012239998981
0.0124007961983
0.0120312196001
0.0122182884966
0.0120816764747
0.0129966308737
0.0109311628262
0.0139649020833
0.011573239329
0.0225637770271
0.0121448240284
0.0123757152228
0.0109486071306
0.0159965007697
0.0175798447481
0.0171645442016
0.0166763318675
0.0158408381263
0.0176046832975
0.0147941558468
0.0135849492038
0.011927430675
0.0121486427962
0.0116301132383
0.012263098832
0.0129875399646
0.0116474008687
0.0135923243423
0.0118774058364
0.0122600609773
0.0142260982214
0.0169788157225
0.0164962523842
0.0176178477287
0.0176374701828
0.0164542255585
0.0165772260553
0.0166605431026
0.0184328998897
0.0155057101395
0.0166628693737
0.0152572176538
0.0149550318614
0.0151664652368
0.0143649940304
0.015457511895
0.0186412925952
0.0175428358607
0.015448264312
0.0176926587154
0.0148974446399
0.0102785266191
0.0146160568966
0.0153256827898
0.0148553471146
0.0155344132215
0.0103003845426
0.0151375785444
0.0149599829159
0.0107074883677
0.0150774692547
0.0141877826261
0.0151860652179
0.0151969941796
0.016035065489
0.0160377977294
0.0148172908229
0.0184113160144
0.0191106915023
0.0188940818824
0.0180911454746
0.0117531015379
0.0174869780573
0.0162929889863
0.0117316039099
0.0194336002875
0.0119666743949
0.0151090881876
0.0144393624537
0.0143882905747
0.0127510117414
0.0132358315583
0.0136623132734
0.0127315738023
0.0140308763213
0.012577082384
0.0137505856567
0.0125275145566
0.0150393109703
0.0129154292964
0.0153765293985
0.0133642853584
0.0136311501875
0.0211546595561
0.0121538643452
0.0136422358098
0.0123880742155
0.0130951151709
0.012322422563
0.0142242030229
0.0116123160938
0.0136074162578
0.0146740829245
0.0152060196714
0.0148842458169
0.0170378397639
0.0178167384608
0.0147011857076
0.0161418750729
0.0153031192931
0.0164478860018
0.0139257901506
0.0181074162578
0.0147984677462
0.0150711941091
0.0152788443823
0.0177280281596
0.0148864879228
0.0147054514729
0.0141758952368
0.0155539599771
0.0143637389103
0.0149129192382
0.0141987115879
0.0185232236878
0.0152200922056
0.0147834681738
0.015469230499
0.0138673622397
0.0140256220127
0.0141105316386
0.0159572506755
0.015091676905
0.0141731629963
0.0156777514862
0.0152907101122
0.0106255211546
0.0170769658612
0.0132165127677
0.0175254060822
0.0133055357666
0.0171741480506
0.0133604823228
0.0175937496239
0.0168770844585
0.0136564034781
0.0173123288589
0.0164264584452
0.0138034957837
0.0150737909257
0.0137185861578
0.013118249882
0.0137204236645
0.0138160821044
0.0139602927208
0.0126349735955
0.0129540812637
0.0129554563914
0.0148703389587
0.0131501203795
0.0155481198754
0.0139185861578
0.0128551741599
0.0141189728385
0.013095055226
0.0143278457506
0.0153596201693
0.0128478781772
0.0146748066142
0.0145283164923
0.0136887860853
0.015345334455
0.0155948843506
0.0135173875305
0.0139229633754
0.0155158742896
0.0134486464355
0.0152476199655
0.0154413988642
0.013892850782
0.00948449691849
0.00943279452252
0.0131727040344
0.015332799441
0.0132999792637
0.012883072665
0.0147123706894
0.0156879906978
0.0130437731748
0.0147808868727
0.0143229633754
0.0132295655245
0.0146572242046
0.0141961874191
0.0208126035842
0.0130789680265
0.0135204980812
0.0132723798515
0.0171164527405
0.0179795584872
0.0180659693441
0.017694594817
0.0185441114206
0.0169915803451
0.0172873483749
0.0156977789279
0.0116887647604
0.0127725464052
0.0155021386708
0.0155609749165
0.014086605661
0.0137765113837
0.0132875964735
0.0140548095882
0.0135852468195
0.0154690395295
0.00947767667616
0.0146502224484
0.0139024472727
0.0121588094898
0.014007650338
0.0143109290265
0.0147149039544
0.016054125649
0.0144475410484
0.0141329367413
0.0100182699627
0.0146826635173
0.0157288258677
0.0104392984333
0.0159563044001
0.0108260595801
0.0149957782714
0.0113589705644
0.0116239783708
0.0131922803289
0.014311406012
0.0113084786115
0.0134343568316
0.0124874793921
0.011624091414
0.0120976668849
0.0140956761134
0.0120842397356
0.0105512967223
0.0132416573572
0.0136711655539
0.012765701073
0.0161388180613
0.0157603832448
0.0121433123932
0.0153064214961
0.0117372429162
0.012111169536
0.0109673038978
0.0118506177151
0.0151012427522
0.0118888690812
0.0131539510379
0.0129146067756
0.0116519213736
0.0118368550192
0.0129477839809
0.0140687051363
0.0120800429012
0.0116475497889
0.012035918251
0.0128850985789
0.0131376760925
0.0147170671932
0.0118559805631
0.0116863195212
0.0122022725225
0.012111718268
0.0117832654758
0.0125480586062
0.0114579042207
0.0129177207703
0.0147321045562
0.0116379545077
0.0106335216963
0.0127821102074
0.0125076395505
0.0128540690639
0.0124648604717
0.0121506127684
0.0130026814648
0.0126802770932
0.0123004956724
0.0106521497441
0.0126439773274
0.0131310967653
0.0129794964531
0.0121899570307
0.0128246955163
0.0109490662007
0.0107468804083
0.0121779641353
0.0119912155015
0.0120872537528
0.0123910788894
0.0113742028127
0.0125666863363
0.0125568502708
0.0126284349702
0.0119092609285
0.014095469372
0.0137106574144
0.0138990212846
0.0142309988832
0.0135064224417
0.0120513374312
0.0113414129696
0.015542337681
0.0106738878567
0.0141746631772
0.01392958121
0.0136760292974
0.0140585456373
0.012051035495
0.0120764453311
0.0139405128504
0.0118586857683
0.0105963906863
0.0126031007474
0.00874828431239
0.0113600806006
0.00998942144717
0.0116716718514
0.0139463292241
0.0106790389335
0.0103752137969
0.0118289812756
0.0123024142554
0.0103478913925
0.0101730280046
0.0139951549805
0.0138552321261
0.014119129051
0.0140592879572
0.014047991689
0.0128631877674
0.0136371993392
0.0143846304975
0.0140869609379
0.0129328598985
0.0110714092949
0.0158510945729
0.00837041057216
0.0110335574703
0.00913612095467
0.00929896248473
0.00999010450728
0.0139273257723
0.0141467196512
0.0143611332297
0.0146494518917
0.0138213148434
0.0140713523447
0.0141409869745
0.0139764906865
0.0097253278506
0.0106458806527
0.00996159103519
0.0135471294873
0.0138752611783
0.0137569447818
0.0146958895936
0.0144569655529
0.0144370201977
0.0144592912942
0.0137911081728
0.0138314087193
0.0135779934187
0.0142364633641
0.0137848136343
0.00940562564357
0.0130194526069
0.0118220885035
0.0103278317938
0.00919456006979
0.00928381654662
0.0130761888907
0.0135227159317
0.0118958610219
0.0117647134809
0.0143552449566
0.0120861112376
0.0132454249631
0.0101312042357
0.0137684963228
0.0142848897654
0.0124791520605
0.0135939061588
0.0127371037514
0.0120727594891
0.0131640163197
0.0132249331598
0.0122175400386
0.00941140146037
0.0103404617091
0.0120688442602
0.0123492500997
0.0103284071017
0.0106310027301
0.0109900512676
0.0112140949834
0.0102341260554
0.0101767490062
0.0106365288198
0.0165551203315
0.0152272514791
0.0104773142056
0.00992177800615
0.00924324009747
0.00954117484513
0.010248066445
0.00928775954459
0.00943062564357
0.00903015687682
0.0100640500516
0.0103723961728
0.00988313287597
0.00943258642788
0.00928094708362
0.00922484240131
0.0102748879386
0.0101057107549
0.0105538169378
0.01113738905
0.00969624763006
0.00763221352528
0.00702565614823
0.0145068850092
0.0126114044845
0.0150156121066
0.0131609351539
0.0136189068671
0.009125180338
0.0134959560475
0.0130691640192
0.0131455341222
0.0122540201396
0.0122215546944
0.0123352604471
0.0129170550976
0.012392357787
0.0122475490438
0.0122478925693
0.0112243202988
0.011102280226
0.0108224666612
0.0116046817249
0.0117279553911
0.0115137141903
0.012040242296
0.0105783786205
0.0107607501713
0.0128594524765
0.00696046979703
0.0140431289174
0.0119529875401
0.0136551733325
0.00703697252927
0.00888685391864
0.0116231698402
0.0119659856551
0.00869279097278
0.0126601523641
0.00702797220783
0.0117930509074
0.0118539637972
0.0122106257327
0.0131954519323
0.0118171589113
0.0111691251428
0.0110816934488
0.0128040450963
0.0130205885443
0.0113277022348
0.0119363533432
0.0113054465565
0.0121714989608
0.0122892641181
0.0120065282156
0.0124280494752
0.0134490511667
0.013317796479
0.00884793937094
0.0117370727313
0.0113600688081
0.0116751895552
0.00801337385074
0.0108783576607
0.0127686033672
0.0109885361261
0.0123737820277
0.0112041688272
0.0128122007889
0.0126030504621
0.0115409308545
0.0114948042071
0.0134363007113
0.0114201780977
0.013534661367
0.0106515696777
0.0133971385983
0.0131264494679
0.0132359364126
0.0117476912047
0.0118061967675
0.0120322762704
0.0134175670078
0.0137946161881
0.0112363369455
0.0124904088452
0.011396682142
0.0122015680308
0.00896479612917
0.00917062490877
0.00714840517254
0.00996786724543
0.00755796322067
0.00925183810153
0.0100282545525
0.00789611580694
0.00905020242169
0.00904291644719
0.00901012956194
0.00864096332311
0.0104603560304
0.0099776602198
0.00901824958878
0.00927853144095
0.00885165961659
0.00877879987159
0.0101077387822
0.00950758905767
0.00879174206314
0.00864765233061
0.0102652500467
0.00874783447997
0.00737618774372
0.0073160784541
0.00931969353246
0.00834158646566
0.0098052845592
0.00930905842425
0.00917608938964
0.00918129502668
0.00899029703991
0.00940559758636
0.00972227863324
0.00769531051502
0.00850688221871
0.0082526875642
0.0082745454877
0.0095491408708
0.00949823491739
0.010384562722
0.00955313856997
0.00937801633816
0.00900161906081
0.00885225658358
0.00729122470237
0.00995782619246
0.00987039449847
0.0104605584329
0.0105946672182
0.00893968827757
0.00877781243031
0.00945634056402
0.0094399471214
0.0111003692102
0.00984773720544
0.010292476583
0.0100776362033
0.00909038665872
0.00913965951715
0.0101996762762
0.00930801679964
0.0102561425786
0.00969553111049
0.0101162961378
0.0103735378921
0.00951884622889
0.00870677417895
0.011252703598
0.00941643401755
0.00732154293498
0.00891188028349
0.00733247189673
0.00994831015598
0.0101304595185
0.011018401997
0.0107342489916
0.0115156697566
0.00606065927297
0.00784720832679
0.00803098744672
0.00770941604793
0.00717566897651
0.00696541367623
0.00801459400409
0.00701614598753
0.00779009012144
0.00796368805069
0.00605696027019
0.00768637894698
0.00710347697059
0.00484006347068
0.00645281768934
0.00681357188
0.00696896445981
0.00491875199527
0.00361847096719
0.0040917105201
0.00490408417818
0.00711650544341
0.00587501740042
0.00811941250438
0.00844712096596
0.00748835124467
0.0062178637596
0.00638007256029
0.00516137494609
0.00736394689452
0.00722598313265
0.00600638834976
0.00546557730576
0.00641803632215
0.00636212605468
0.00615574124018
0.00691978413194
0.00698535790243
0.00837326419288
0.00675584970571
0.00688699724669
0.00778310025845
0.00747498981842
0.00713107372799
0.00752113812992
0.00628352381137
0.00578835556288
0.00625228998911
0.00577368774579
0.00579344615822
0.00618352381137
0.00607213468281
0.00667284711727
0.00777545881938
0.00622386477486
0.00608977149878
0.00763719861911
0.00618649281026
0.00766860608347
0.00604059117091
0.00798344646311
0.00765531768727
0.00786334184603
0.00626549102448
0.00761443361322
0.00696896445981
0.00680839500338
0.00768095647775
0.00616695780619
0.00634400698652
0.00763564555612
0.00828801829124
0.00609517178376
0.00724161329501
0.00613926151628
0.00720710078422
0.00594426583035
0.0059114789451
0.00782417014629
0.00816843244137
0.00272266331429
0.00275545019953
0.00324516947635
0.0029781786904
0.00309941605621
0.00345806190164
0.00293548162998
0.00263913086651
0.00311901407775
0.00204292832225
0.00306990785949
0.00254732758782
0.00318458784824
0.00338130915972
0.00491589254145
0.00308622719251
0.00333697275504
0.00321737473349
0.00292244098548
0.0041674533096
0.00282758134707
0.00266364692084
0.00290433408899
0.00309114522529
0.00322229276628
0.00282408032974
0.00299114522529
0.00295522787073
0.00279479446183
0.00269643380609
0.00278823708478
0.00328458784824
0.00373496286276
0.00353041537799
0.003399267837
0.00278965410023
0.00304680882061
0.00346648095176
0.00339762849274
0.00338130915972
0.00431328083935
0.00415262510164
0.00415262510164
0.00412147756066
0.00330582521405
0.00408377264262
0.00393794511288
0.00312229276628
0.00313548162998
0.00305835834005
0.00363168417424
0.0035333235185
0.00359725794473
0.00373004482998
0.0035333235185
0.00320582521405
0.00408869067541
0.00318272617518
0.00374800350726
0.003151800963
0.00425098575738
0.00408869067541
0.00428377264262
0.00349084878689
0.00251454070258
0.00197899389602
0.00231304957752
0.00254732758782
0.00275545019953
0.00282102397002
0.00241618004684
0.00318458784824
0.00263913086651
0.00389233991194
0.00337966981546
0.00318272617518
0.00035387603185
0.000943669418267
0.000589793386417
0.00129754545012
0.00117958677283
0.0014155041274
0.00106162809555
0.0014155041274
0.0014155041274
0.0014155041274
0.00106162809555
0.00129754545012
0.00117958677283
0.000589793386417
0.0007077520637
0.00106162809555
0.00129754545012
0.00129754545012
0.0007077520637
0.00106162809555
0.000825710740984
0.0007077520637
0.0007077520637
0.000943669418267
0.00117958677283
0.00117958677283
0.000825710740984
0.00117958677283
0.00129754545012
0.00117958677283
0.00106162809555
0.000943669418267
0.000471834709134
0.00106162809555
0.00106162809555
0.00117958677283
0.00117958677283
0.00117958677283
0.00106162809555
0.000943669418267
0.00106162809555
0.0007077520637
0.00117958677283
0.0014155041274
0.000471834709134
0.000943669418267
0.00129754545012
0.000825710740984
0.0007077520637
0.000589793386417
0.000471834709134
0.000825710740984
0.0007077520637
0.00117958677283
0.000471834709134
0.0007077520637
0.000943669418267
0.00117958677283
0.00106162809555
0.00106162809555
0.0014155041274
0.0007077520637
0.000589793386417
0.000943669418267
0.000471834709134
0.000235917354567
0.00176938015925
0.00106162809555
0.000943669418267
0.00117958677283
0.00129754545012
0.000471834709134
0.00117958677283
0.00106162809555
0.000235917354567
0.000825710740984
