0.00327868852459016
0.0163934426229508
0.00327868852459016
0.0150819672131148
0.0131147540983607
0.0131147540983607
0.0137704918032787
0.0170491803278689
0.0301639344262295
0.0104918032786885
0.0177049180327869
0.00852459016393443
0.0524590163934426
0.019016393442623
0.0478688524590164
0.0511475409836066
0.0124590163934426
0.0183606557377049
0.0111475409836066
0.0249180327868852
0.0255737704918033
0.0157377049180328
0.0137704918032787
0.0249180327868852
0.0104918032786885
0.00918032786885246
0.0111475409836066
0.0131147540983607
0.0170491803278689
0.0111475409836066
0.0131147540983607
0.0137704918032787
0.0157377049180328
0.0216393442622951
0.0183606557377049
0.00262295081967213
0.00262295081967213
0.0124590163934426
0.0124590163934426
0.00983606557377049
0.0255737704918033
0.0019672131147541
0.0118032786885246
0.0170491803278689
0.00262295081967213
0.0177049180327869
0.0177049180327869
0.0144262295081967
0.0222950819672131
0.0144262295081967
0.0301639344262295
0.020327868852459
0.0150819672131148
0.0137704918032787
0.0170491803278689
0.0124590163934426
0.0111475409836066
0.0177049180327869
0.019016393442623
0.0157377049180328
0.0111475409836066
0.00918032786885246
0.0163934426229508
0.0111475409836066
0.0183606557377049
0.0262295081967213
0.0137704918032787
0.0222950819672131
0.0111475409836066
0.020327868852459
0.020327868852459
0.0137704918032787
0.0144262295081967
0.0170491803278689
0.0150819672131148
0.0177049180327869
0.0104918032786885
0.0177049180327869
0.0150819672131148
0.0216393442622951
0.019016393442623
0.0242622950819672
0.0177049180327869
0.0249180327868852
0.0229508196721311
0.0249180327868852
0.020983606557377
0.039344262295082
0.0249180327868852
0.0288524590163934
0.0229508196721311
0.0137704918032787
0.0249180327868852
0.020327868852459
0.019016393442623
0.0229508196721311
0.0222950819672131
0.0262295081967213
0.0163934426229508
0.0183606557377049
0.0236065573770492
0.0144262295081967
0.0124590163934426
0.0222950819672131
0.0229508196721311
0.0111475409836066
0.0301639344262295
0.0104918032786885
0.0295081967213115
0.0275409836065574
0.020983606557377
0.0183606557377049
0.0459016393442623
0.0268852459016393
0.0222950819672131
0.020327868852459
0.0104918032786885
0.0281967213114754
0.0281967213114754
0.0222950819672131
0.0229508196721311
0.0124590163934426
0.0131147540983607
0.0327868852459016
0.0183606557377049
0.0163934426229508
0.0170491803278689
0.0157377049180328
0.0144262295081967
0.0340983606557377
0.0236065573770492
0.00721311475409836
0.00721311475409836
0.0131147540983607
0.0104918032786885
0.0255737704918033
0.00852459016393443
0.019016393442623
0.0150819672131148
0.0229508196721311
0.0163934426229508
0.0229508196721311
0.0268852459016393
0.0163934426229508
0.0177049180327869
0.019672131147541
0.020983606557377
0.019672131147541
0.04
0.0177049180327869
0.0170491803278689
0.0242622950819672
0.0229508196721311
0.0275409836065574
0.020327868852459
0.0301639344262295
0.0222950819672131
0.0177049180327869
0.0255737704918033
0.0216393442622951
0.0229508196721311
0.0255737704918033
0.0216393442622951
0.0255737704918033
0.0360655737704918
0.0249180327868852
0.0216393442622951
0.0177049180327869
0.020327868852459
0.019672131147541
0.020983606557377
0.0163934426229508
0.0222950819672131
0.0413114754098361
0.0288524590163934
0.0308196721311475
0.0288524590163934
0.0242622950819672
0.020327868852459
0.0150819672131148
0.0242622950819672
0.0229508196721311
0.020983606557377
0.020327868852459
0.0347540983606557
0.0216393442622951
0.0222950819672131
0.0216393442622951
0.0236065573770492
0.0183606557377049
0.0236065573770492
0.0262295081967213
0.019016393442623
0.0183606557377049
0.0183606557377049
0.0222950819672131
0.0295081967213115
0.0354098360655738
0.0137704918032787
0.0229508196721311
0.0157377049180328
0.0118032786885246
0.0177049180327869
0.019016393442623
0.0236065573770492
0.020327868852459
0.0268852459016393
0.0262295081967213
0.0288524590163934
0.0249180327868852
0.019672131147541
0.0170491803278689
0.019672131147541
0.020983606557377
0.0236065573770492
0.020983606557377
0.0137704918032787
0.0150819672131148
0.0150819672131148
0.0150819672131148
0.020983606557377
0.0177049180327869
0.0268852459016393
0.0222950819672131
0.019016393442623
0.0262295081967213
0.0275409836065574
0.0255737704918033
0.0229508196721311
0.0249180327868852
0.0288524590163934
0.0255737704918033
0.0216393442622951
0.0177049180327869
0.0177049180327869
0.0268852459016393
0.0177049180327869
0.059016393442623
0.019016393442623
0.0229508196721311
0.0229508196721311
0.020327868852459
0.020327868852459
0.0216393442622951
0.0183606557377049
0.020983606557377
0.0262295081967213
0.0419672131147541
0.020983606557377
0.0242622950819672
0.0242622950819672
0.0222950819672131
0.019016393442623
0.0177049180327869
0.0321311475409836
0.020327868852459
0.019672131147541
0.0170491803278689
0.0249180327868852
0.0262295081967213
0.0177049180327869
0.020983606557377
0.020983606557377
0.0170491803278689
0.0445901639344262
0.0183606557377049
0.0170491803278689
0.0249180327868852
0.0268852459016393
0.019016393442623
0.0183606557377049
0.020327868852459
0.0295081967213115
0.0281967213114754
0.0308196721311475
0.0170491803278689
0.0229508196721311
0.0249180327868852
0.019016393442623
0.019672131147541
0.0242622950819672
0.0255737704918033
0.0177049180327869
0.020327868852459
0.0170491803278689
0.020327868852459
0.020327868852459
0.019672131147541
0.0255737704918033
0.0216393442622951
0.0242622950819672
0.0229508196721311
0.0183606557377049
0.0144262295081967
0.0163934426229508
0.0281967213114754
0.0242622950819672
0.0183606557377049
0.0177049180327869
0.0222950819672131
0.0183606557377049
0.019016393442623
0.0170491803278689
0.0157377049180328
0.019016393442623
0.0183606557377049
0.019672131147541
0.0334426229508197
0.0177049180327869
0.019672131147541
0.0170491803278689
0.0131147540983607
0.019016393442623
0.0124590163934426
0.020327868852459
0.0314754098360656
0.0124590163934426
0.0472131147540984
0.0163934426229508
0.0236065573770492
0.0321311475409836
0.0163934426229508
0.0131147540983607
0.020983606557377
0.0504918032786885
0.020327868852459
0.019016393442623
0.0262295081967213
0.0340983606557377
0.0262295081967213
0.020983606557377
0.0183606557377049
0.0249180327868852
0.0360655737704918
0.0242622950819672
0.039344262295082
0.0262295081967213
0.0262295081967213
0.0177049180327869
0.0163934426229508
0.0163934426229508
0.0255737704918033
0.0170491803278689
0.0229508196721311
0.0163934426229508
0.020983606557377
0.0367213114754098
0.020327868852459
0.0177049180327869
0.0367213114754098
0.0150819672131148
0.0170491803278689
0.0163934426229508
0.0131147540983607
0.0163934426229508
0.0177049180327869
0.019016393442623
0.019016393442623
0.019672131147541
0.0222950819672131
0.0373770491803279
0.0216393442622951
0.0275409836065574
0.0229508196721311
0.0216393442622951
0.0157377049180328
0.0236065573770492
0.0321311475409836
0.0222950819672131
0.0275409836065574
0.0242622950819672
0.0255737704918033
0.0301639344262295
0.0439344262295082
0.0255737704918033
0.0268852459016393
0.0426229508196721
0.0340983606557377
0.0242622950819672
0.0242622950819672
0.0222950819672131
0.020327868852459
0.0222950819672131
0.0327868852459016
0.0170491803278689
0.019016393442623
0.0262295081967213
0.0170491803278689
0.0170491803278689
0.0170491803278689
0.019672131147541
0.0170491803278689
0.0354098360655738
0.0262295081967213
0.0249180327868852
0.0236065573770492
0.0262295081967213
0.0301639344262295
0.0262295081967213
0.0321311475409836
0.0288524590163934
0.0340983606557377
0.0426229508196721
0.0275409836065574
0.0262295081967213
0.0275409836065574
0.0327868852459016
0.0275409836065574
0.0288524590163934
0.0275409836065574
0.0236065573770492
0.0275409836065574
0.0295081967213115
0.019016393442623
0.0222950819672131
0.0216393442622951
0.0183606557377049
0.0301639344262295
0.0163934426229508
0.0301639344262295
0.0216393442622951
0.040655737704918
0.020983606557377
0.0478688524590164
0.0183606557377049
0.0262295081967213
0.0150819672131148
0.0144262295081967
0.0236065573770492
0.0255737704918033
0.0255737704918033
0.0262295081967213
0.0275409836065574
0.0242622950819672
0.0268852459016393
0.0327868852459016
0.0249180327868852
0.0288524590163934
0.0288524590163934
0.0255737704918033
0.0314754098360656
0.0288524590163934
0.0242622950819672
0.0295081967213115
0.0249180327868852
0.0222950819672131
0.0255737704918033
0.0308196721311475
0.0255737704918033
0.0242622950819672
0.0222950819672131
0.0268852459016393
0.0347540983606557
0.0222950819672131
0.0242622950819672
0.0255737704918033
0.0295081967213115
0.0268852459016393
0.0229508196721311
0.0229508196721311
0.0216393442622951
0.0347540983606557
0.0229508196721311
0.0242622950819672
0.019016393442623
0.0288524590163934
0.0321311475409836
0.0222950819672131
0.0236065573770492
0.0216393442622951
0.0222950819672131
0.020327868852459
0.0216393442622951
0.0222950819672131
0.0216393442622951
0.0222950819672131
0.0308196721311475
0.0255737704918033
0.0308196721311475
0.0262295081967213
0.0255737704918033
0.020327868852459
0.0157377049180328
0.0249180327868852
0.0183606557377049
0.0183606557377049
0.0242622950819672
0.0255737704918033
0.0170491803278689
0.0268852459016393
0.0144262295081967
0.0163934426229508
0.0321311475409836
0.019672131147541
0.0216393442622951
0.0327868852459016
0.0183606557377049
0.0308196721311475
0.0518032786885246
0.0236065573770492
0.0288524590163934
0.020983606557377
0.0137704918032787
0.019672131147541
0.020983606557377
0.0222950819672131
0.0183606557377049
0.019016393442623
0.0229508196721311
0.020327868852459
0.0262295081967213
0.0229508196721311
0.020327868852459
0.0157377049180328
0.0236065573770492
0.019672131147541
0.0308196721311475
0.0170491803278689
0.020983606557377
0.0275409836065574
0.0255737704918033
0.0157377049180328
0.0177049180327869
0.0177049180327869
0.0177049180327869
0.0216393442622951
0.0439344262295082
0.0308196721311475
0.020327868852459
0.0222950819672131
0.019016393442623
0.019672131147541
0.019672131147541
0.020327868852459
0.020983606557377
0.019016393442623
0.019672131147541
0.0249180327868852
0.0170491803278689
0.0262295081967213
0.0157377049180328
0.0177049180327869
0.0642622950819672
0.019672131147541
0.0242622950819672
0.0229508196721311
0.020327868852459
0.0216393442622951
0.020983606557377
0.0295081967213115
0.0268852459016393
0.0655737704918033
0.020327868852459
0.0236065573770492
0.0268852459016393
0.020983606557377
0.0242622950819672
0.019016393442623
0.0157377049180328
0.0222950819672131
0.0229508196721311
0.020327868852459
0.020327868852459
0.0570491803278689
0.0216393442622951
0.0229508196721311
0.0577049180327869
0.0216393442622951
0.0452459016393443
0.019672131147541
0.0380327868852459
0.0327868852459016
0.0249180327868852
0.0242622950819672
0.0216393442622951
0.0229508196721311
0.0268852459016393
0.0445901639344262
0.0439344262295082
0.0340983606557377
0.0413114754098361
0.0314754098360656
0.0491803278688525
0.04
0.0268852459016393
0.0439344262295082
0.0301639344262295
0.0419672131147541
0.0268852459016393
0.0144262295081967
0.020983606557377
0.0111475409836066
0.0432786885245902
0.0262295081967213
0.0236065573770492
0.059016393442623
0.020327868852459
0.0183606557377049
0.0163934426229508
0.0255737704918033
0.0354098360655738
0.0295081967213115
0.0262295081967213
0.0413114754098361
0.0275409836065574
0.0380327868852459
0.020327868852459
0.0249180327868852
0.019672131147541
0.019016393442623
0.019672131147541
0.020983606557377
0.0557377049180328
0.0242622950819672
0.020327868852459
0.0249180327868852
0.0616393442622951
0.0236065573770492
0.0262295081967213
0.040655737704918
0.0275409836065574
0.0229508196721311
0.0308196721311475
0.0249180327868852
0.0222950819672131
0.0262295081967213
0.0262295081967213
0.0288524590163934
0.0367213114754098
0.0570491803278689
0.0144262295081967
0.0170491803278689
0.0163934426229508
0.0222950819672131
0.0275409836065574
0.0157377049180328
0.0268852459016393
0.0216393442622951
0.0334426229508197
0.0386885245901639
0.0255737704918033
0.04
0.0262295081967213
0.0170491803278689
0.0157377049180328
0.0183606557377049
0.0170491803278689
0.0432786885245902
0.0367213114754098
0.0413114754098361
0.0229508196721311
0.0229508196721311
0.0288524590163934
0.0249180327868852
0.0249180327868852
0.0288524590163934
0.0452459016393443
0.0262295081967213
0.019016393442623
0.0301639344262295
0.0367213114754098
0.0288524590163934
0.0242622950819672
0.0314754098360656
0.0275409836065574
0.0419672131147541
0.0242622950819672
0.020983606557377
0.0268852459016393
0.0268852459016393
0.0275409836065574
0.0255737704918033
0.0249180327868852
0.0242622950819672
0.0262295081967213
0.0268852459016393
0.0340983606557377
0.0183606557377049
0.0229508196721311
0.0445901639344262
0.0183606557377049
0.0354098360655738
0.0295081967213115
0.0301639344262295
0.0386885245901639
0.0275409836065574
0.0262295081967213
0.0347540983606557
0.0249180327868852
0.039344262295082
0.0288524590163934
0.0334426229508197
0.0163934426229508
0.0334426229508197
0.0170491803278689
0.0275409836065574
0.0183606557377049
0.0281967213114754
0.0229508196721311
0.0262295081967213
0.0177049180327869
0.020983606557377
0.0301639344262295
0.0177049180327869
0.020983606557377
0.0288524590163934
0.060327868852459
0.0295081967213115
0.0229508196721311
0.0249180327868852
0.020983606557377
0.0268852459016393
0.0249180327868852
0.0275409836065574
0.0222950819672131
0.0288524590163934
0.0249180327868852
0.0340983606557377
0.0281967213114754
0.0229508196721311
0.0249180327868852
0.0236065573770492
0.0321311475409836
0.0222950819672131
0.0288524590163934
0.0249180327868852
0.0268852459016393
0.020327868852459
0.0255737704918033
0.0242622950819672
0.0288524590163934
0.0301639344262295
0.0281967213114754
0.0262295081967213
0.019016393442623
0.0413114754098361
0.0163934426229508
0.0275409836065574
0.020983606557377
0.0216393442622951
0.0242622950819672
0.0222950819672131
0.0236065573770492
0.0426229508196721
0.0301639344262295
0.020983606557377
0.0288524590163934
0.0177049180327869
0.0216393442622951
0.020983606557377
0.0249180327868852
0.0236065573770492
0.0354098360655738
0.0216393442622951
0.0262295081967213
0.0236065573770492
0.0249180327868852
0.0242622950819672
0.0229508196721311
0.0255737704918033
0.0229508196721311
0.0216393442622951
0.0236065573770492
0.0229508196721311
0.04
0.0531147540983607
0.0498360655737705
0.0334426229508197
0.0163934426229508
0.0347540983606557
0.0242622950819672
0.0183606557377049
0.0439344262295082
0.0216393442622951
0.0222950819672131
0.0236065573770492
0.0275409836065574
0.0229508196721311
0.0229508196721311
0.0242622950819672
0.0137704918032787
0.019672131147541
0.0150819672131148
0.020327868852459
0.0183606557377049
0.0222950819672131
0.019672131147541
0.0236065573770492
0.0229508196721311
0.0216393442622951
0.060327868852459
0.0144262295081967
0.0177049180327869
0.020983606557377
0.0242622950819672
0.0157377049180328
0.0249180327868852
0.0157377049180328
0.0249180327868852
0.0327868852459016
0.0222950819672131
0.020327868852459
0.0334426229508197
0.0386885245901639
0.0170491803278689
0.0236065573770492
0.0275409836065574
0.0268852459016393
0.0183606557377049
0.0518032786885246
0.019672131147541
0.020983606557377
0.0242622950819672
0.0478688524590164
0.0321311475409836
0.020983606557377
0.020983606557377
0.0236065573770492
0.0249180327868852
0.020983606557377
0.0249180327868852
0.0472131147540984
0.0275409836065574
0.0216393442622951
0.0268852459016393
0.019016393442623
0.0183606557377049
0.0216393442622951
0.0314754098360656
0.0275409836065574
0.020327868852459
0.0295081967213115
0.0281967213114754
0.0242622950819672
0.0222950819672131
0.0216393442622951
0.0255737704918033
0.0301639344262295
0.0281967213114754
0.0301639344262295
0.0308196721311475
0.0275409836065574
0.0288524590163934
0.0268852459016393
0.020983606557377
0.020327868852459
0.0255737704918033
0.0216393442622951
0.020983606557377
0.0216393442622951
0.0242622950819672
0.0301639344262295
0.019672131147541
0.0163934426229508
0.020983606557377
0.0386885245901639
0.019672131147541
0.0354098360655738
0.019016393442623
0.020983606557377
0.0360655737704918
0.0183606557377049
0.0216393442622951
0.040655737704918
0.019672131147541
0.0354098360655738
0.0321311475409836
0.0236065573770492
0.0354098360655738
0.0360655737704918
0.0229508196721311
0.0268852459016393
0.0340983606557377
0.0268852459016393
0.0314754098360656
0.0340983606557377
0.019016393442623
0.0163934426229508
0.019016393442623
0.020327868852459
0.0347540983606557
0.0255737704918033
0.0242622950819672
0.0295081967213115
0.0386885245901639
0.019016393442623
0.0360655737704918
0.0360655737704918
0.020327868852459
0.0327868852459016
0.0321311475409836
0.0531147540983607
0.020327868852459
0.019016393442623
0.0242622950819672
0.0249180327868852
0.0340983606557377
0.0360655737704918
0.0360655737704918
0.0367213114754098
0.0242622950819672
0.0275409836065574
0.0222950819672131
0.0216393442622951
0.0183606557377049
0.0360655737704918
0.0367213114754098
0.019016393442623
0.0249180327868852
0.0163934426229508
0.0170491803278689
0.0170491803278689
0.0373770491803279
0.0137704918032787
0.0301639344262295
0.0314754098360656
0.019672131147541
0.0229508196721311
0.0216393442622951
0.0222950819672131
0.0485245901639344
0.0242622950819672
0.019016393442623
0.0262295081967213
0.020983606557377
0.0242622950819672
0.0177049180327869
0.0249180327868852
0.020327868852459
0.0216393442622951
0.019672131147541
0.0216393442622951
0.0295081967213115
0.0380327868852459
0.0183606557377049
0.0327868852459016
0.0222950819672131
0.0177049180327869
0.0157377049180328
0.0380327868852459
0.0177049180327869
0.0144262295081967
0.0249180327868852
0.0281967213114754
0.0183606557377049
0.0275409836065574
0.0242622950819672
0.0262295081967213
0.020327868852459
0.020327868852459
0.0242622950819672
0.0216393442622951
0.0222950819672131
0.0288524590163934
0.0236065573770492
0.019672131147541
0.0268852459016393
0.020327868852459
0.0144262295081967
0.0314754098360656
0.0295081967213115
0.0137704918032787
0.0124590163934426
0.0183606557377049
0.0255737704918033
0.0163934426229508
0.0367213114754098
0.0177049180327869
0.0288524590163934
0.020327868852459
0.0275409836065574
0.0170491803278689
0.0229508196721311
0.020327868852459
0.0308196721311475
0.0183606557377049
0.0249180327868852
0.0222950819672131
0.0288524590163934
0.0268852459016393
0.0242622950819672
0.0242622950819672
0.0131147540983607
0.019672131147541
0.0236065573770492
0.0157377049180328
0.020983606557377
0.0183606557377049
0.020983606557377
0.020327868852459
0.0157377049180328
0.020327868852459
0.0236065573770492
0.020327868852459
0.0249180327868852
0.0236065573770492
0.0249180327868852
0.0229508196721311
0.0236065573770492
0.0236065573770492
0.0229508196721311
0.0242622950819672
0.0249180327868852
0.0183606557377049
0.0170491803278689
0.0157377049180328
0.0301639344262295
0.0163934426229508
0.0222950819672131
0.0183606557377049
0.0360655737704918
0.0262295081967213
0.0288524590163934
0.0255737704918033
0.0268852459016393
0.0262295081967213
0.0288524590163934
0.0249180327868852
0.0242622950819672
0.0216393442622951
0.0157377049180328
0.0314754098360656
0.0118032786885246
0.0183606557377049
0.0163934426229508
0.0150819672131148
0.019672131147541
0.0229508196721311
0.0229508196721311
0.0229508196721311
0.0229508196721311
0.020983606557377
0.0183606557377049
0.0301639344262295
0.020327868852459
0.0295081967213115
0.0288524590163934
0.0216393442622951
0.0170491803278689
0.0216393442622951
0.0308196721311475
0.0281967213114754
0.0177049180327869
0.0170491803278689
0.0321311475409836
0.00983606557377049
0.0242622950819672
0.0111475409836066
0.0137704918032787
0.0216393442622951
0.0222950819672131
0.0229508196721311
0.0295081967213115
0.0301639344262295
0.0216393442622951
0.0242622950819672
0.0216393442622951
0.0255737704918033
0.0236065573770492
0.0249180327868852
0.019016393442623
0.0229508196721311
0.0288524590163934
0.0222950819672131
0.0314754098360656
0.0288524590163934
0.0255737704918033
0.0295081967213115
0.0177049180327869
0.0216393442622951
0.0170491803278689
0.0255737704918033
0.020983606557377
0.0163934426229508
0.0183606557377049
0.0216393442622951
0.0236065573770492
0.0150819672131148
0.0222950819672131
0.020327868852459
0.0157377049180328
0.0104918032786885
0.0111475409836066
0.0288524590163934
0.0131147540983607
0.0183606557377049
0.0249180327868852
0.0157377049180328
0.0255737704918033
0.0131147540983607
0.0229508196721311
0.019016393442623
0.0170491803278689
0.0229508196721311
0.0177049180327869
0.0144262295081967
0.020983606557377
0.0281967213114754
0.0268852459016393
0.0137704918032787
0.0137704918032787
0.0183606557377049
0.0163934426229508
0.0229508196721311
0.0131147540983607
0.0137704918032787
0.0177049180327869
0.0327868852459016
0.0262295081967213
0.0157377049180328
0.0229508196721311
0.0183606557377049
0.020327868852459
0.0255737704918033
0.019016393442623
0.0183606557377049
0.0150819672131148
0.0242622950819672
0.0150819672131148
0.0177049180327869
0.020327868852459
0.0150819672131148
0.0170491803278689
0.0262295081967213
0.0118032786885246
0.0170491803278689
0.0170491803278689
0.019016393442623
0.0170491803278689
0.0104918032786885
0.0229508196721311
0.0111475409836066
0.020983606557377
0.0118032786885246
0.0170491803278689
0.0137704918032787
0.0177049180327869
0.0111475409836066
0.0262295081967213
0.0216393442622951
0.020327868852459
0.0249180327868852
0.0255737704918033
0.0222950819672131
0.0216393442622951
0.0249180327868852
0.0229508196721311
0.020327868852459
0.0183606557377049
0.019672131147541
0.0236065573770492
0.0183606557377049
0.0255737704918033
0.0137704918032787
0.0150819672131148
0.0249180327868852
0.0104918032786885
0.0347540983606557
0.019672131147541
0.0295081967213115
0.0118032786885246
0.020983606557377
0.0144262295081967
0.0163934426229508
0.0150819672131148
0.0177049180327869
0.0118032786885246
0.0177049180327869
0.0163934426229508
0.019672131147541
0.0222950819672131
0.0157377049180328
0.0242622950819672
0.0157377049180328
0.0183606557377049
0.0150819672131148
0.019672131147541
0.019672131147541
0.0150819672131148
0.0236065573770492
0.020327868852459
0.0236065573770492
0.0281967213114754
0.0288524590163934
0.0268852459016393
0.0150819672131148
0.020327868852459
0.0137704918032787
0.0157377049180328
0.0137704918032787
0.0157377049180328
0.0268852459016393
0.0144262295081967
0.0288524590163934
0.0163934426229508
0.0268852459016393
0.0262295081967213
0.0222950819672131
0.019672131147541
0.0301639344262295
0.0131147540983607
0.0281967213114754
0.0104918032786885
0.0340983606557377
0.0262295081967213
0.0281967213114754
0.0150819672131148
0.0242622950819672
0.0236065573770492
0.020983606557377
0.0222950819672131
0.0131147540983607
0.019672131147541
0.0170491803278689
0.0249180327868852
0.019672131147541
0.0242622950819672
0.0170491803278689
0.019016393442623
0.0163934426229508
0.0183606557377049
0.0177049180327869
0.0144262295081967
0.0150819672131148
0.020983606557377
0.019672131147541
0.0144262295081967
0.0170491803278689
0.0150819672131148
0.0144262295081967
0.0163934426229508
0.0131147540983607
0.0163934426229508
0.0281967213114754
0.019672131147541
0.0150819672131148
0.0131147540983607
0.0295081967213115
0.0150819672131148
0.0183606557377049
0.0170491803278689
0.0177049180327869
0.0137704918032787
0.020327868852459
0.019016393442623
0.0183606557377049
0.0177049180327869
0.0177049180327869
0.019672131147541
0.020327868852459
0.0157377049180328
0.0118032786885246
0.0216393442622951
0.020983606557377
0.020327868852459
0.019672131147541
0.0216393442622951
0.020983606557377
0.019672131147541
0.0150819672131148
0.0144262295081967
0.00983606557377049
0.0170491803278689
0.019672131147541
0.019016393442623
0.019016393442623
0.0144262295081967
0.0170491803278689
0.0183606557377049
0.019672131147541
0.019016393442623
0.0144262295081967
0.020983606557377
0.0216393442622951
0.0150819672131148
0.0236065573770492
0.0216393442622951
0.0157377049180328
0.0222950819672131
0.0163934426229508
0.0177049180327869
0.0170491803278689
0.0137704918032787
0.020983606557377
0.020327868852459
0.0163934426229508
0.0170491803278689
0.0144262295081967
0.0170491803278689
0.0262295081967213
0.0275409836065574
0.019016393442623
0.0124590163934426
0.020327868852459
0.0157377049180328
0.0183606557377049
0.0222950819672131
0.0131147540983607
0.0137704918032787
0.00918032786885246
0.020327868852459
0.00721311475409836
0.0183606557377049
0.0216393442622951
0.0118032786885246
0.0157377049180328
0.0163934426229508
0.00786885245901639
0.0137704918032787
0.0137704918032787
0.0163934426229508
0.00852459016393443
0.00786885245901639
0.00852459016393443
0.0111475409836066
0.0163934426229508
0.00983606557377049
0.0170491803278689
0.0163934426229508
0.0124590163934426
0.0177049180327869
0.019672131147541
0.0131147540983607
0.0144262295081967
0.0144262295081967
0.0157377049180328
0.0118032786885246
0.020983606557377
0.0216393442622951
0.0170491803278689
0.0131147540983607
0.0137704918032787
0.0242622950819672
0.0124590163934426
0.0131147540983607
0.0163934426229508
0.0104918032786885
0.0104918032786885
0.0124590163934426
0.019672131147541
0.0111475409836066
0.019016393442623
0.0124590163934426
0.0137704918032787
0.0150819672131148
0.0144262295081967
0.0118032786885246
0.0177049180327869
0.0124590163934426
0.0111475409836066
0.0131147540983607
0.0124590163934426
0.0177049180327869
0.0124590163934426
0.0222950819672131
0.0137704918032787
0.0177049180327869
0.019672131147541
0.0157377049180328
0.0177049180327869
0.0157377049180328
0.019016393442623
0.0163934426229508
0.020327868852459
0.0124590163934426
0.019016393442623
0.0177049180327869
0.0157377049180328
0.0177049180327869
0.0177049180327869
0.0131147540983607
0.0163934426229508
0.0118032786885246
0.0163934426229508
0.00786885245901639
0.00918032786885246
0.00983606557377049
0.00852459016393443
0.00852459016393443
0.00852459016393443
0.00655737704918033
0.00786885245901639
0.00983606557377049
0.00655737704918033
0.00852459016393443
0.00786885245901639
0.00852459016393443
0.0124590163934426
0.0104918032786885
0.00786885245901639
0.0111475409836066
0.0104918032786885
0.00918032786885246
0.0124590163934426
0.0104918032786885
0.00852459016393443
0.00721311475409836
0.00852459016393443
0.0111475409836066
0.00655737704918033
0.00524590163934426
0.00918032786885246
0.00983606557377049
0.00918032786885246
0.0111475409836066
0.0104918032786885
0.0111475409836066
0.0144262295081967
0.0104918032786885
0.0059016393442623
0.0059016393442623
0.0131147540983607
0.0111475409836066
0.0118032786885246
0.0137704918032787
0.0104918032786885
0.0104918032786885
0.00983606557377049
0.0111475409836066
0.00918032786885246
0.00721311475409836
0.00918032786885246
0.0111475409836066
0.00721311475409836
0.00983606557377049
0.0059016393442623
0.00918032786885246
0.0104918032786885
0.00721311475409836
0.00852459016393443
0.00983606557377049
0.00459016393442623
0.00918032786885246
0.00786885245901639
0.0124590163934426
0.00918032786885246
0.0137704918032787
0.00918032786885246
0.00721311475409836
0.00786885245901639
0.00721311475409836
0.00852459016393443
0.00786885245901639
0.0111475409836066
0.0059016393442623
0.00852459016393443
0.00786885245901639
0.0137704918032787
0.0124590163934426
0.00459016393442623
0.0019672131147541
0.00524590163934426
0.00327868852459016
0.00721311475409836
0.00655737704918033
0.00786885245901639
0.0059016393442623
0.00786885245901639
0.00786885245901639
0.00786885245901639
0.0059016393442623
0.00721311475409836
0.00655737704918033
0.00327868852459016
0.0039344262295082
0.0059016393442623
0.00721311475409836
0.00721311475409836
0.0039344262295082
0.0059016393442623
0.00459016393442623
0.0039344262295082
0.0039344262295082
0.00524590163934426
0.00655737704918033
0.00655737704918033
0.00459016393442623
0.00655737704918033
0.00721311475409836
0.00655737704918033
0.0059016393442623
0.00524590163934426
0.00262295081967213
0.0059016393442623
0.0059016393442623
0.00655737704918033
0.00655737704918033
0.00655737704918033
0.0059016393442623
0.00524590163934426
0.0059016393442623
0.0039344262295082
0.00655737704918033
0.00786885245901639
0.00262295081967213
0.00524590163934426
0.00721311475409836
0.00459016393442623
0.0039344262295082
0.00327868852459016
0.00262295081967213
0.00459016393442623
0.0039344262295082
0.00655737704918033
0.00262295081967213
0.0039344262295082
0.00524590163934426
0.00655737704918033
0.0059016393442623
0.0059016393442623
0.00786885245901639
0.0039344262295082
0.00327868852459016
0.00524590163934426
0.00262295081967213
0.00131147540983607
0.00983606557377049
0.0059016393442623
0.00524590163934426
0.00655737704918033
0.00721311475409836
0.00262295081967213
0.00655737704918033
0.0059016393442623
0.00131147540983607
0.00459016393442623
