0.000163934426229508
0.000950819672131147
0.00019672131147541
0.00121311475409836
0.00121311475409836
0.000983606557377049
0.00134426229508197
0.00170491803278689
0.00163934426229508
0.000557377049180328
0.0019344262295082
0.000655737704918033
0.00272131147540984
0.00180327868852459
0.00259016393442623
0.00262295081967213
0.000950819672131147
0.00186885245901639
0.000786885245901639
0.00140983606557377
0.00183606557377049
0.00131147540983607
0.000983606557377049
0.00183606557377049
0.000918032786885246
0.000819672131147541
0.000754098360655738
0.000950819672131147
0.000983606557377049
0.000754098360655738
0.000918032786885246
0.000852459016393443
0.00131147540983607
0.00190163934426229
0.00160655737704918
0.00019672131147541
0.000131147540983607
0.000754098360655738
0.000786885245901639
0.000622950819672131
0.00131147540983607
9.83606557377049e-05
0.000983606557377049
0.002
0.000163934426229508
0.00127868852459016
0.00173770491803279
0.00101639344262295
0.00118032786885246
0.00104918032786885
0.00183606557377049
0.0020327868852459
0.000819672131147541
0.000721311475409836
0.00180327868852459
0.000852459016393443
0.00059016393442623
0.00121311475409836
0.00134426229508197
0.00114754098360656
0.000852459016393443
0.000786885245901639
0.000885245901639344
0.000885245901639344
0.00150819672131148
0.00137704918032787
0.00104918032786885
0.00173770491803279
0.000819672131147541
0.00108196721311475
0.00150819672131148
0.00124590163934426
0.000852459016393443
0.00173770491803279
0.00108196721311475
0.00114754098360656
0.000721311475409836
0.0019344262295082
0.00127868852459016
0.00140983606557377
0.00127868852459016
0.00160655737704918
0.00114754098360656
0.00167213114754098
0.00186885245901639
0.00190163934426229
0.00140983606557377
0.00213114754098361
0.00190163934426229
0.00173770491803279
0.00190163934426229
0.00104918032786885
0.0019672131147541
0.00144262295081967
0.00144262295081967
0.00170491803278689
0.00163934426229508
0.00209836065573771
0.00108196721311475
0.00131147540983607
0.00177049180327869
0.00108196721311475
0.000721311475409836
0.00144262295081967
0.00160655737704918
0.000885245901639344
0.00180327868852459
0.000786885245901639
0.00173770491803279
0.00160655737704918
0.00134426229508197
0.00163934426229508
0.00239344262295082
0.00160655737704918
0.00134426229508197
0.00180327868852459
0.000655737704918033
0.0020655737704918
0.00213114754098361
0.00167213114754098
0.00160655737704918
0.000721311475409836
0.00104918032786885
0.0019672131147541
0.00131147540983607
0.00108196721311475
0.000885245901639344
0.000918032786885246
0.00101639344262295
0.0019344262295082
0.00154098360655738
0.000524590163934426
0.000491803278688525
0.000688524590163934
0.00059016393442623
0.0019344262295082
0.00059016393442623
0.00160655737704918
0.00104918032786885
0.00160655737704918
0.00137704918032787
0.00147540983606557
0.00157377049180328
0.00124590163934426
0.00131147540983607
0.00163934426229508
0.00163934426229508
0.00154098360655738
0.00216393442622951
0.00144262295081967
0.000983606557377049
0.002
0.00170491803278689
0.00160655737704918
0.00177049180327869
0.00190163934426229
0.00177049180327869
0.00127868852459016
0.00226229508196721
0.0020327868852459
0.00186885245901639
0.00177049180327869
0.0019672131147541
0.00219672131147541
0.00209836065573771
0.00183606557377049
0.00154098360655738
0.00137704918032787
0.00173770491803279
0.00157377049180328
0.00147540983606557
0.00118032786885246
0.00183606557377049
0.00213114754098361
0.00180327868852459
0.00167213114754098
0.0020327868852459
0.00160655737704918
0.00177049180327869
0.00111475409836066
0.00183606557377049
0.00157377049180328
0.00137704918032787
0.00160655737704918
0.0019344262295082
0.00144262295081967
0.00163934426229508
0.0020655737704918
0.0019344262295082
0.00180327868852459
0.00180327868852459
0.00137704918032787
0.00134426229508197
0.00157377049180328
0.00150819672131148
0.00216393442622951
0.00173770491803279
0.0019344262295082
0.00101639344262295
0.00173770491803279
0.00121311475409836
0.000918032786885246
0.00114754098360656
0.00131147540983607
0.00140983606557377
0.00131147540983607
0.00154098360655738
0.00190163934426229
0.00180327868852459
0.00160655737704918
0.00137704918032787
0.00108196721311475
0.00163934426229508
0.00167213114754098
0.00170491803278689
0.00154098360655738
0.00104918032786885
0.000918032786885246
0.000885245901639344
0.00114754098360656
0.00163934426229508
0.00131147540983607
0.00140983606557377
0.00170491803278689
0.00154098360655738
0.00209836065573771
0.0019344262295082
0.00226229508196721
0.0019672131147541
0.0020327868852459
0.00170491803278689
0.0019672131147541
0.00150819672131148
0.00124590163934426
0.00180327868852459
0.00173770491803279
0.00147540983606557
0.00308196721311475
0.00186885245901639
0.00150819672131148
0.00134426229508197
0.00183606557377049
0.00163934426229508
0.00160655737704918
0.00157377049180328
0.00157377049180328
0.00167213114754098
0.00239344262295082
0.00150819672131148
0.00157377049180328
0.00150819672131148
0.00144262295081967
0.00127868852459016
0.00134426229508197
0.00177049180327869
0.00121311475409836
0.00121311475409836
0.00147540983606557
0.00177049180327869
0.00163934426229508
0.00170491803278689
0.00144262295081967
0.00177049180327869
0.000950819672131147
0.00236065573770492
0.00137704918032787
0.00144262295081967
0.00157377049180328
0.00163934426229508
0.00173770491803279
0.00150819672131148
0.00124590163934426
0.00180327868852459
0.00177049180327869
0.0020327868852459
0.00140983606557377
0.00137704918032787
0.00167213114754098
0.00186885245901639
0.00137704918032787
0.00160655737704918
0.00147540983606557
0.00140983606557377
0.00124590163934426
0.00127868852459016
0.00180327868852459
0.00144262295081967
0.00173770491803279
0.00180327868852459
0.00157377049180328
0.00177049180327869
0.00163934426229508
0.00131147540983607
0.00114754098360656
0.00160655737704918
0.00144262295081967
0.00167213114754098
0.00170491803278689
0.00114754098360656
0.00167213114754098
0.00118032786885246
0.00140983606557377
0.00140983606557377
0.00127868852459016
0.00150819672131148
0.00118032786885246
0.00180327868852459
0.00219672131147541
0.00163934426229508
0.00163934426229508
0.00124590163934426
0.000754098360655738
0.00154098360655738
0.000688524590163934
0.00167213114754098
0.0019672131147541
0.000852459016393443
0.00285245901639344
0.00157377049180328
0.00160655737704918
0.00180327868852459
0.00157377049180328
0.000983606557377049
0.00147540983606557
0.00308196721311475
0.00160655737704918
0.00144262295081967
0.00249180327868852
0.00183606557377049
0.00213114754098361
0.00180327868852459
0.00137704918032787
0.00229508196721311
0.00291803278688525
0.00213114754098361
0.00219672131147541
0.00219672131147541
0.00160655737704918
0.00137704918032787
0.00124590163934426
0.00124590163934426
0.00157377049180328
0.00137704918032787
0.00160655737704918
0.00160655737704918
0.00190163934426229
0.00213114754098361
0.00167213114754098
0.00121311475409836
0.00216393442622951
0.00131147540983607
0.00131147540983607
0.00137704918032787
0.00111475409836066
0.000918032786885246
0.00137704918032787
0.00144262295081967
0.00131147540983607
0.00180327868852459
0.00268852459016393
0.00222950819672131
0.00239344262295082
0.00239344262295082
0.00249180327868852
0.00242622950819672
0.00137704918032787
0.00245901639344262
0.00245901639344262
0.00147540983606557
0.00255737704918033
0.0020655737704918
0.0020655737704918
0.00180327868852459
0.00255737704918033
0.0019672131147541
0.0020327868852459
0.00242622950819672
0.00236065573770492
0.00239344262295082
0.00249180327868852
0.00222950819672131
0.00154098360655738
0.00173770491803279
0.00219672131147541
0.00137704918032787
0.00167213114754098
0.00209836065573771
0.00137704918032787
0.00144262295081967
0.00127868852459016
0.00121311475409836
0.00140983606557377
0.0019344262295082
0.00157377049180328
0.0019344262295082
0.00177049180327869
0.00180327868852459
0.0019672131147541
0.00177049180327869
0.00229508196721311
0.00216393442622951
0.00255737704918033
0.00222950819672131
0.002
0.00167213114754098
0.00245901639344262
0.00209836065573771
0.00180327868852459
0.0019344262295082
0.00209836065573771
0.0019344262295082
0.00213114754098361
0.00245901639344262
0.00131147540983607
0.00170491803278689
0.00150819672131148
0.00167213114754098
0.0020655737704918
0.00101639344262295
0.00163934426229508
0.00177049180327869
0.00252459016393443
0.0019344262295082
0.00285245901639344
0.00154098360655738
0.00180327868852459
0.00111475409836066
0.00111475409836066
0.00140983606557377
0.00216393442622951
0.00173770491803279
0.0019672131147541
0.0019344262295082
0.00177049180327869
0.0020655737704918
0.0020327868852459
0.0019344262295082
0.00249180327868852
0.0020327868852459
0.0020327868852459
0.00222950819672131
0.00232786885245902
0.0019672131147541
0.0019672131147541
0.00150819672131148
0.002
0.00190163934426229
0.00236065573770492
0.0020655737704918
0.00144262295081967
0.00131147540983607
0.00190163934426229
0.0020655737704918
0.00144262295081967
0.00167213114754098
0.00183606557377049
0.0019672131147541
0.0020327868852459
0.0019672131147541
0.00157377049180328
0.00163934426229508
0.00219672131147541
0.0019344262295082
0.00213114754098361
0.00147540983606557
0.0020655737704918
0.0020327868852459
0.002
0.00186885245901639
0.00150819672131148
0.00157377049180328
0.00150819672131148
0.00147540983606557
0.00170491803278689
0.00157377049180328
0.00170491803278689
0.00177049180327869
0.0020327868852459
0.00186885245901639
0.0020655737704918
0.002
0.00127868852459016
0.00111475409836066
0.00157377049180328
0.00131147540983607
0.00127868852459016
0.00173770491803279
0.00186885245901639
0.00140983606557377
0.00177049180327869
0.000950819672131147
0.00108196721311475
0.00170491803278689
0.00144262295081967
0.00177049180327869
0.00186885245901639
0.00124590163934426
0.00183606557377049
0.00318032786885246
0.00157377049180328
0.00190163934426229
0.00170491803278689
0.000885245901639344
0.00118032786885246
0.00137704918032787
0.00147540983606557
0.00137704918032787
0.00131147540983607
0.00170491803278689
0.00137704918032787
0.00170491803278689
0.00137704918032787
0.00111475409836066
0.00114754098360656
0.00163934426229508
0.00140983606557377
0.0020327868852459
0.00111475409836066
0.00144262295081967
0.00157377049180328
0.00160655737704918
0.00108196721311475
0.00114754098360656
0.00121311475409836
0.00147540983606557
0.00137704918032787
0.00239344262295082
0.00186885245901639
0.00163934426229508
0.00167213114754098
0.00111475409836066
0.00140983606557377
0.00157377049180328
0.00144262295081967
0.00157377049180328
0.00124590163934426
0.00147540983606557
0.00147540983606557
0.00140983606557377
0.00157377049180328
0.00131147540983607
0.00134426229508197
0.00367213114754098
0.00134426229508197
0.00150819672131148
0.00167213114754098
0.00127868852459016
0.00183606557377049
0.00154098360655738
0.00190163934426229
0.00177049180327869
0.004
0.00157377049180328
0.00163934426229508
0.00167213114754098
0.00134426229508197
0.00131147540983607
0.00140983606557377
0.00108196721311475
0.00134426229508197
0.00190163934426229
0.00140983606557377
0.00137704918032787
0.00327868852459016
0.00144262295081967
0.00140983606557377
0.00331147540983607
0.00144262295081967
0.00357377049180328
0.00124590163934426
0.0019672131147541
0.00226229508196721
0.00177049180327869
0.00177049180327869
0.00160655737704918
0.00167213114754098
0.00226229508196721
0.00380327868852459
0.00327868852459016
0.00285245901639344
0.00354098360655738
0.00255737704918033
0.00340983606557377
0.00344262295081967
0.00213114754098361
0.00380327868852459
0.00236065573770492
0.00419672131147541
0.0019672131147541
0.000983606557377049
0.00131147540983607
0.000786885245901639
0.00298360655737705
0.00177049180327869
0.00167213114754098
0.00409836065573771
0.00147540983606557
0.00154098360655738
0.00121311475409836
0.0020655737704918
0.00242622950819672
0.00226229508196721
0.0019344262295082
0.00380327868852459
0.0019672131147541
0.00347540983606557
0.00160655737704918
0.0019344262295082
0.00118032786885246
0.00114754098360656
0.00134426229508197
0.00137704918032787
0.00350819672131148
0.00170491803278689
0.00147540983606557
0.00170491803278689
0.00377049180327869
0.00170491803278689
0.00186885245901639
0.00367213114754098
0.0020327868852459
0.00173770491803279
0.00239344262295082
0.00183606557377049
0.00173770491803279
0.00216393442622951
0.002
0.00183606557377049
0.00262295081967213
0.0040327868852459
0.000885245901639344
0.00114754098360656
0.00124590163934426
0.00167213114754098
0.00209836065573771
0.00101639344262295
0.00167213114754098
0.00131147540983607
0.00186885245901639
0.00350819672131148
0.00173770491803279
0.00386885245901639
0.00173770491803279
0.00108196721311475
0.00111475409836066
0.00131147540983607
0.00121311475409836
0.00373770491803279
0.00334426229508197
0.00363934426229508
0.00167213114754098
0.00157377049180328
0.0020655737704918
0.00186885245901639
0.0020655737704918
0.002
0.00249180327868852
0.0020655737704918
0.00183606557377049
0.00239344262295082
0.002
0.00157377049180328
0.00157377049180328
0.00236065573770492
0.00157377049180328
0.00242622950819672
0.0019344262295082
0.00160655737704918
0.002
0.00216393442622951
0.00213114754098361
0.00216393442622951
0.00216393442622951
0.00173770491803279
0.00157377049180328
0.00222950819672131
0.00209836065573771
0.00170491803278689
0.00180327868852459
0.00259016393442623
0.00167213114754098
0.00259016393442623
0.00255737704918033
0.00265573770491803
0.00219672131147541
0.00163934426229508
0.00170491803278689
0.002
0.00177049180327869
0.00232786885245902
0.00219672131147541
0.00259016393442623
0.00124590163934426
0.0019344262295082
0.00127868852459016
0.0019344262295082
0.00127868852459016
0.00183606557377049
0.00163934426229508
0.0020327868852459
0.00140983606557377
0.00147540983606557
0.00259016393442623
0.00131147540983607
0.00157377049180328
0.00190163934426229
0.00327868852459016
0.00232786885245902
0.00134426229508197
0.00157377049180328
0.00150819672131148
0.00180327868852459
0.00216393442622951
0.00249180327868852
0.00183606557377049
0.00229508196721311
0.00236065573770492
0.00285245901639344
0.00190163934426229
0.0019672131147541
0.00170491803278689
0.00183606557377049
0.00275409836065574
0.00154098360655738
0.00236065573770492
0.00190163934426229
0.00170491803278689
0.00177049180327869
0.00177049180327869
0.00157377049180328
0.0020327868852459
0.00219672131147541
0.00180327868852459
0.00170491803278689
0.00154098360655738
0.00232786885245902
0.00124590163934426
0.0020655737704918
0.00173770491803279
0.00177049180327869
0.00213114754098361
0.00154098360655738
0.00163934426229508
0.00232786885245902
0.00216393442622951
0.00157377049180328
0.002
0.00180327868852459
0.00209836065573771
0.0020655737704918
0.00183606557377049
0.0020327868852459
0.0019672131147541
0.00177049180327869
0.0020655737704918
0.0019672131147541
0.00236065573770492
0.00219672131147541
0.00180327868852459
0.00183606557377049
0.00137704918032787
0.00183606557377049
0.00180327868852459
0.00157377049180328
0.00272131147540984
0.00321311475409836
0.00340983606557377
0.00255737704918033
0.00173770491803279
0.00226229508196721
0.00144262295081967
0.00154098360655738
0.00236065573770492
0.00163934426229508
0.00186885245901639
0.00170491803278689
0.00157377049180328
0.00180327868852459
0.00124590163934426
0.00173770491803279
0.00137704918032787
0.0020655737704918
0.00144262295081967
0.00160655737704918
0.00111475409836066
0.0019672131147541
0.00167213114754098
0.00163934426229508
0.0019344262295082
0.00131147540983607
0.00324590163934426
0.00127868852459016
0.00154098360655738
0.00163934426229508
0.0019344262295082
0.00124590163934426
0.00190163934426229
0.00177049180327869
0.0020327868852459
0.00226229508196721
0.00219672131147541
0.002
0.002
0.00259016393442623
0.00183606557377049
0.00183606557377049
0.00226229508196721
0.0019344262295082
0.00140983606557377
0.00314754098360656
0.00144262295081967
0.00183606557377049
0.00213114754098361
0.00272131147540984
0.00229508196721311
0.00229508196721311
0.0020655737704918
0.00249180327868852
0.00167213114754098
0.00167213114754098
0.0019672131147541
0.00252459016393443
0.00232786885245902
0.0019344262295082
0.0019672131147541
0.002
0.00147540983606557
0.00186885245901639
0.00249180327868852
0.00232786885245902
0.0020655737704918
0.00239344262295082
0.00236065573770492
0.00226229508196721
0.00173770491803279
0.00147540983606557
0.0020655737704918
0.00180327868852459
0.0020327868852459
0.00190163934426229
0.00239344262295082
0.00190163934426229
0.00216393442622951
0.00190163934426229
0.00121311475409836
0.00121311475409836
0.00137704918032787
0.00147540983606557
0.00160655737704918
0.00160655737704918
0.00170491803278689
0.00186885245901639
0.00137704918032787
0.00114754098360656
0.00160655737704918
0.00278688524590164
0.00147540983606557
0.00222950819672131
0.00163934426229508
0.00147540983606557
0.00232786885245902
0.00144262295081967
0.00131147540983607
0.00295081967213115
0.00124590163934426
0.00180327868852459
0.00190163934426229
0.00186885245901639
0.00301639344262295
0.00291803278688525
0.00140983606557377
0.0020655737704918
0.00262295081967213
0.00177049180327869
0.00190163934426229
0.00213114754098361
0.00144262295081967
0.00121311475409836
0.00144262295081967
0.00150819672131148
0.00298360655737705
0.00154098360655738
0.00173770491803279
0.00232786885245902
0.00324590163934426
0.00134426229508197
0.00255737704918033
0.00186885245901639
0.00154098360655738
0.00242622950819672
0.0019672131147541
0.00275409836065574
0.00147540983606557
0.00137704918032787
0.00163934426229508
0.00163934426229508
0.00239344262295082
0.00265573770491803
0.00229508196721311
0.00295081967213115
0.00173770491803279
0.0020327868852459
0.00140983606557377
0.00180327868852459
0.00140983606557377
0.00222950819672131
0.00216393442622951
0.00127868852459016
0.00131147540983607
0.00137704918032787
0.00127868852459016
0.00104918032786885
0.00236065573770492
0.000950819672131147
0.00173770491803279
0.00183606557377049
0.00108196721311475
0.00170491803278689
0.00163934426229508
0.00180327868852459
0.00265573770491803
0.00177049180327869
0.00131147540983607
0.00140983606557377
0.00124590163934426
0.00219672131147541
0.00111475409836066
0.00183606557377049
0.00173770491803279
0.0019344262295082
0.00186885245901639
0.0020327868852459
0.00222950819672131
0.00252459016393443
0.00140983606557377
0.00213114754098361
0.00186885245901639
0.00118032786885246
0.00108196721311475
0.00226229508196721
0.00150819672131148
0.00108196721311475
0.00157377049180328
0.002
0.00134426229508197
0.0019672131147541
0.00216393442622951
0.0020327868852459
0.00137704918032787
0.00186885245901639
0.00222950819672131
0.00131147540983607
0.00219672131147541
0.00154098360655738
0.00226229508196721
0.00140983606557377
0.00183606557377049
0.00127868852459016
0.00104918032786885
0.002
0.00186885245901639
0.00101639344262295
0.000918032786885246
0.00134426229508197
0.00167213114754098
0.00154098360655738
0.00190163934426229
0.00144262295081967
0.0020327868852459
0.00173770491803279
0.0019344262295082
0.00111475409836066
0.00157377049180328
0.00150819672131148
0.00219672131147541
0.00137704918032787
0.00219672131147541
0.00134426229508197
0.00232786885245902
0.0020327868852459
0.00160655737704918
0.00236065573770492
0.000983606557377049
0.00144262295081967
0.00127868852459016
0.00104918032786885
0.00150819672131148
0.00121311475409836
0.00140983606557377
0.00137704918032787
0.00101639344262295
0.00140983606557377
0.00183606557377049
0.00167213114754098
0.00163934426229508
0.0019344262295082
0.00150819672131148
0.00183606557377049
0.00140983606557377
0.00147540983606557
0.00190163934426229
0.002
0.00170491803278689
0.00131147540983607
0.00104918032786885
0.00111475409836066
0.00173770491803279
0.00101639344262295
0.00163934426229508
0.00147540983606557
0.0019672131147541
0.002
0.0020655737704918
0.00180327868852459
0.00183606557377049
0.00180327868852459
0.00177049180327869
0.00157377049180328
0.00167213114754098
0.00173770491803279
0.000983606557377049
0.0020327868852459
0.000786885245901639
0.00140983606557377
0.00144262295081967
0.00127868852459016
0.00127868852459016
0.00163934426229508
0.00186885245901639
0.00144262295081967
0.00157377049180328
0.00177049180327869
0.00157377049180328
0.00173770491803279
0.00127868852459016
0.00209836065573771
0.0020655737704918
0.00150819672131148
0.00118032786885246
0.00144262295081967
0.00213114754098361
0.00177049180327869
0.00108196721311475
0.00131147540983607
0.00180327868852459
0.000655737704918033
0.00157377049180328
0.000655737704918033
0.000852459016393443
0.00147540983606557
0.00157377049180328
0.00173770491803279
0.00167213114754098
0.00222950819672131
0.00167213114754098
0.00144262295081967
0.00157377049180328
0.00186885245901639
0.00177049180327869
0.00242622950819672
0.00163934426229508
0.00177049180327869
0.00180327868852459
0.00170491803278689
0.0019672131147541
0.0020327868852459
0.00167213114754098
0.0020327868852459
0.00111475409836066
0.00157377049180328
0.00111475409836066
0.00177049180327869
0.00170491803278689
0.00104918032786885
0.00118032786885246
0.00108196721311475
0.00167213114754098
0.00104918032786885
0.00150819672131148
0.00137704918032787
0.000950819672131147
0.000754098360655738
0.000721311475409836
0.00170491803278689
0.00101639344262295
0.00134426229508197
0.00170491803278689
0.00121311475409836
0.00160655737704918
0.000819672131147541
0.00183606557377049
0.00157377049180328
0.00124590163934426
0.00131147540983607
0.00131147540983607
0.000885245901639344
0.00137704918032787
0.00180327868852459
0.00137704918032787
0.000983606557377049
0.000754098360655738
0.00108196721311475
0.00111475409836066
0.00147540983606557
0.00101639344262295
0.000852459016393443
0.00101639344262295
0.00180327868852459
0.00137704918032787
0.00108196721311475
0.00144262295081967
0.00154098360655738
0.00177049180327869
0.00160655737704918
0.00157377049180328
0.000983606557377049
0.000885245901639344
0.00160655737704918
0.000754098360655738
0.00134426229508197
0.00124590163934426
0.00114754098360656
0.00127868852459016
0.00173770491803279
0.000622950819672131
0.000918032786885246
0.000983606557377049
0.00104918032786885
0.00104918032786885
0.000622950819672131
0.00118032786885246
0.000655737704918033
0.00114754098360656
0.000918032786885246
0.00104918032786885
0.000918032786885246
0.00104918032786885
0.000688524590163934
0.0019344262295082
0.00163934426229508
0.00170491803278689
0.00163934426229508
0.00160655737704918
0.00170491803278689
0.00137704918032787
0.00167213114754098
0.00160655737704918
0.00118032786885246
0.00124590163934426
0.00121311475409836
0.00124590163934426
0.00111475409836066
0.00186885245901639
0.000754098360655738
0.00114754098360656
0.00173770491803279
0.000721311475409836
0.00186885245901639
0.00111475409836066
0.00167213114754098
0.000786885245901639
0.00127868852459016
0.000983606557377049
0.00127868852459016
0.00144262295081967
0.00101639344262295
0.000754098360655738
0.00121311475409836
0.00134426229508197
0.00167213114754098
0.00167213114754098
0.00140983606557377
0.00127868852459016
0.00118032786885246
0.00121311475409836
0.00108196721311475
0.00121311475409836
0.00144262295081967
0.00104918032786885
0.00147540983606557
0.00114754098360656
0.00190163934426229
0.0019672131147541
0.0019672131147541
0.00190163934426229
0.00131147540983607
0.00101639344262295
0.000721311475409836
0.00134426229508197
0.000786885245901639
0.00137704918032787
0.00150819672131148
0.00111475409836066
0.0020327868852459
0.00140983606557377
0.00147540983606557
0.00173770491803279
0.00160655737704918
0.00157377049180328
0.00209836065573771
0.00104918032786885
0.00226229508196721
0.000655737704918033
0.00219672131147541
0.00131147540983607
0.00209836065573771
0.00114754098360656
0.00150819672131148
0.00150819672131148
0.00150819672131148
0.00177049180327869
0.000983606557377049
0.00147540983606557
0.00118032786885246
0.00170491803278689
0.00137704918032787
0.00134426229508197
0.00140983606557377
0.00131147540983607
0.00167213114754098
0.00108196721311475
0.00160655737704918
0.000983606557377049
0.00124590163934426
0.00137704918032787
0.00108196721311475
0.000918032786885246
0.00134426229508197
0.000918032786885246
0.000950819672131147
0.00101639344262295
0.00114754098360656
0.00144262295081967
0.00154098360655738
0.00154098360655738
0.00124590163934426
0.00131147540983607
0.00170491803278689
0.00144262295081967
0.00104918032786885
0.00154098360655738
0.000950819672131147
0.000688524590163934
0.00160655737704918
0.00137704918032787
0.00157377049180328
0.00150819672131148
0.00131147540983607
0.00140983606557377
0.00177049180327869
0.00108196721311475
0.000688524590163934
0.00124590163934426
0.00144262295081967
0.00144262295081967
0.00137704918032787
0.00127868852459016
0.00157377049180328
0.00173770491803279
0.00121311475409836
0.00104918032786885
0.000754098360655738
0.00134426229508197
0.00121311475409836
0.00150819672131148
0.00108196721311475
0.00114754098360656
0.00101639344262295
0.00137704918032787
0.00137704918032787
0.00104918032786885
0.000852459016393443
0.00180327868852459
0.00157377049180328
0.00101639344262295
0.00134426229508197
0.00167213114754098
0.000918032786885246
0.00167213114754098
0.00108196721311475
0.00127868852459016
0.00108196721311475
0.00101639344262295
0.00108196721311475
0.00131147540983607
0.00108196721311475
0.00157377049180328
0.000950819672131147
0.00157377049180328
0.00144262295081967
0.00147540983606557
0.00104918032786885
0.000754098360655738
0.00131147540983607
0.00101639344262295
0.00121311475409836
0.00140983606557377
0.000918032786885246
0.000786885245901639
0.000459016393442623
0.00127868852459016
0.000360655737704918
0.00121311475409836
0.00137704918032787
0.000852459016393443
0.000786885245901639
0.00104918032786885
0.000622950819672131
0.000819672131147541
0.000819672131147541
0.000983606557377049
0.000557377049180328
0.000557377049180328
0.00059016393442623
0.000622950819672131
0.00101639344262295
0.000491803278688525
0.000983606557377049
0.00101639344262295
0.000688524590163934
0.00118032786885246
0.00124590163934426
0.000819672131147541
0.000885245901639344
0.000918032786885246
0.000918032786885246
0.000754098360655738
0.00127868852459016
0.00121311475409836
0.00114754098360656
0.000852459016393443
0.000983606557377049
0.00124590163934426
0.000721311475409836
0.000950819672131147
0.000819672131147541
0.000524590163934426
0.00059016393442623
0.000688524590163934
0.00124590163934426
0.000655737704918033
0.00127868852459016
0.000721311475409836
0.000852459016393443
0.00104918032786885
0.000983606557377049
0.000754098360655738
0.000918032786885246
0.000950819672131147
0.000819672131147541
0.000950819672131147
0.000885245901639344
0.000950819672131147
0.000688524590163934
0.00137704918032787
0.000950819672131147
0.000950819672131147
0.00111475409836066
0.000918032786885246
0.00104918032786885
0.000786885245901639
0.00114754098360656
0.00104918032786885
0.00131147540983607
0.000622950819672131
0.00121311475409836
0.00114754098360656
0.000983606557377049
0.00104918032786885
0.00101639344262295
0.000852459016393443
0.000983606557377049
0.000655737704918033
0.000918032786885246
0.000524590163934426
0.000557377049180328
0.000524590163934426
0.000524590163934426
0.000557377049180328
0.000491803278688525
0.00039344262295082
0.000524590163934426
0.000491803278688525
0.000524590163934426
0.000524590163934426
0.000426229508196721
0.000557377049180328
0.000754098360655738
0.00059016393442623
0.000459016393442623
0.000622950819672131
0.00059016393442623
0.000459016393442623
0.000688524590163934
0.000622950819672131
0.000459016393442623
0.000360655737704918
0.000459016393442623
0.00059016393442623
0.000360655737704918
0.000360655737704918
0.000491803278688525
0.00059016393442623
0.000491803278688525
0.00059016393442623
0.000655737704918033
0.00059016393442623
0.000819672131147541
0.000688524590163934
0.000327868852459016
0.000327868852459016
0.000754098360655738
0.000688524590163934
0.000754098360655738
0.000754098360655738
0.00059016393442623
0.00059016393442623
0.000557377049180328
0.00059016393442623
0.000524590163934426
0.000459016393442623
0.000491803278688525
0.00059016393442623
0.000426229508196721
0.000491803278688525
0.00039344262295082
0.000459016393442623
0.00059016393442623
0.00039344262295082
0.000491803278688525
0.000524590163934426
0.000295081967213115
0.000524590163934426
0.000524590163934426
0.000688524590163934
0.000524590163934426
0.000721311475409836
0.000524590163934426
0.00039344262295082
0.000459016393442623
0.000360655737704918
0.000426229508196721
0.000557377049180328
0.000622950819672131
0.000295081967213115
0.000557377049180328
0.000524590163934426
0.000754098360655738
0.000754098360655738
0.000295081967213115
9.83606557377049e-05
0.000262295081967213
0.000163934426229508
0.000360655737704918
0.000327868852459016
0.00039344262295082
0.000295081967213115
0.00039344262295082
0.00039344262295082
0.00039344262295082
0.000295081967213115
0.000360655737704918
0.000327868852459016
0.000163934426229508
0.00019672131147541
0.000295081967213115
0.000360655737704918
0.000360655737704918
0.00019672131147541
0.000295081967213115
0.000229508196721311
0.00019672131147541
0.00019672131147541
0.000262295081967213
0.000327868852459016
0.000327868852459016
0.000229508196721311
0.000327868852459016
0.000360655737704918
0.000327868852459016
0.000295081967213115
0.000262295081967213
0.000131147540983607
0.000295081967213115
0.000295081967213115
0.000327868852459016
0.000327868852459016
0.000327868852459016
0.000295081967213115
0.000262295081967213
0.000295081967213115
0.00019672131147541
0.000327868852459016
0.00039344262295082
0.000131147540983607
0.000262295081967213
0.000360655737704918
0.000229508196721311
0.00019672131147541
0.000163934426229508
0.000131147540983607
0.000229508196721311
0.00019672131147541
0.000327868852459016
0.000131147540983607
0.00019672131147541
0.000262295081967213
0.000327868852459016
0.000295081967213115
0.000295081967213115
0.00039344262295082
0.00019672131147541
0.000163934426229508
0.000262295081967213
0.000131147540983607
6.55737704918033e-05
0.000491803278688525
0.000295081967213115
0.000262295081967213
0.000327868852459016
0.000360655737704918
0.000131147540983607
0.000327868852459016
0.000295081967213115
6.55737704918033e-05
0.000229508196721311
