1
0
2
45
37
43
60
61
62
63
64
49
66
67
68
69
52
53
42
24
25
26
27
20
21
22
23
19
47
44
48
28
29
40
41
3
5
4
7
14
9
8
50
56
6
39
77
76
75
38
73
72
71
70
59
32
78
11
10
13
12
15
58
17
16
33
18
31
30
51
36
35
34
55
74
54
46
57
65
133
132
131
130
137
136
135
134
139
138
87
120
121
122
123
124
125
126
127
128
129
115
114
88
89
111
110
113
112
82
83
80
81
119
118
84
85
108
109
102
103
100
101
106
107
104
105
86
99
98
91
90
93
92
95
94
97
96
117
116
150
146
147
144
145
142
143
140
141
148
149
79
216
217
214
215
212
213
210
211
165
218
219
166
161
227
230
167
199
179
200
195
194
197
196
191
190
193
192
177
198
226
176
178
175
174
173
172
171
170
203
222
182
183
180
181
162
187
184
185
220
186
188
189
221
168
169
229
228
164
225
223
163
204
224
151
153
152
155
154
157
156
159
158
207
231
201
202
205
206
209
208
160
264
265
289
281
280
283
285
284
287
286
258
267
266
269
268
298
299
296
297
294
295
292
293
290
291
275
277
278
251
304
257
276
300
301
302
303
305
245
244
247
241
240
243
242
270
246
282
252
271
259
256
254
255
288
249
248
250
253
273
274
238
239
279
234
235
236
237
232
233
272
263
262
261
260
344
346
347
340
341
342
343
348
349
339
338
335
334
337
336
331
330
333
332
345
379
378
371
370
373
372
375
374
377
376
392
390
322
323
320
321
326
327
324
325
328
329
319
318
313
312
311
310
317
316
315
314
368
369
366
367
364
365
362
363
360
361
380
381
382
383
384
385
386
387
388
389
357
356
355
354
353
352
351
350
359
358
308
309
306
307
391
449
448
443
442
441
440
447
446
445
444
438
439
436
437
434
435
432
433
430
431
407
406
405
404
403
402
401
400
409
408
393
397
396
395
394
398
458
459
450
451
452
453
454
455
456
457
414
415
416
417
410
411
412
413
418
419
469
468
465
464
467
466
461
460
463
462
429
428
421
420
423
422
425
424
427
426
399
481
480
472
473
470
471
476
477
474
475
478
479
524
525
526
527
520
521
522
523
528
529
559
558
555
554
557
556
551
550
553
552
499
494
495
490
491
492
493
519
518
511
510
513
512
515
514
517
516
542
543
540
541
546
547
544
545
548
549
498
496
497
508
509
506
507
504
505
502
503
500
501
537
536
535
534
533
532
531
530
539
538
489
488
487
486
485
484
483
482
591
590
593
592
595
594
597
596
599
598
641
640
643
642
645
644
614
618
619
612
613
610
611
616
617
615
623
622
628
586
587
584
585
582
583
580
581
588
589
621
620
627
626
625
624
629
650
579
578
573
572
571
570
577
576
575
574
630
631
632
633
635
636
637
638
647
646
649
648
568
569
560
561
562
563
564
565
566
567
605
604
607
606
601
600
603
602
609
608
634
639
719
718
717
716
715
714
713
712
711
710
689
688
685
684
687
686
681
680
683
682
708
709
704
705
706
707
700
701
702
703
656
657
654
655
652
653
651
658
659
669
668
667
666
665
664
663
662
661
660
692
693
690
691
696
697
694
695
698
699
731
730
733
732
735
734
736
678
679
674
675
676
677
670
671
672
673
737
726
727
724
725
722
723
720
721
728
729
818
819
810
811
812
813
814
815
816
817
744
745
748
749
740
741
742
743
746
747
829
828
826
821
823
822
797
796
795
794
793
792
791
790
799
798
809
775
774
777
776
771
770
773
772
779
778
805
832
833
830
831
784
785
786
787
780
781
782
783
788
789
808
803
802
801
800
807
806
804
768
769
762
763
760
761
766
767
764
765
825
824
827
820
753
752
751
750
757
756
755
754
759
758
739
738
910
902
903
900
901
906
907
904
905
908
909
854
855
856
857
850
851
852
853
858
859
869
868
861
860
863
862
865
864
867
866
883
882
881
880
887
886
885
889
888
836
837
834
835
838
839
884
878
879
876
877
874
875
872
873
870
871
890
891
892
893
894
895
896
897
898
899
911
912
847
846
845
844
843
842
841
840
849
848
948
949
946
947
944
945
942
940
941
939
938
933
932
931
930
937
936
935
934
977
976
975
974
973
972
971
970
979
978
991
990
992
928
929
920
921
922
923
924
925
926
927
964
965
966
967
960
961
962
963
968
969
988
989
982
983
980
981
986
987
984
985
919
918
915
914
917
916
913
959
958
951
950
953
952
955
954
957
956
1069
1068
1061
1060
1063
1062
1065
1064
1067
1066
1018
1019
1014
1015
1016
1017
1010
1011
1012
1013
1050
1051
1052
1053
1054
1055
1056
1057
1058
1059
943
1009
1008
1007
1006
1005
1004
1003
1002
1001
1000
1043
1042
1041
1040
1047
1046
1045
1044
1049
1048
995
994
997
996
993
999
998
1039
1032
1030
1031
1036
1037
1034
1035
1072
1070
1071
1038
1033
1025
1024
1027
1026
1021
1020
1023
1022
1029
1028
1087
1129
1085
1083
1082
1080
1120
1121
1122
1123
1124
1125
1126
1088
1133
1132
1131
1130
1137
1136
1135
1134
1128
1086
1084
1089
1127
1106
1107
1104
1105
1102
1103
1100
1101
1108
1109
1078
1079
1076
1077
1074
1075
1073
1094
1095
1096
1097
1090
1091
1092
1093
1098
1099
1081
1111
1110
1113
1112
1115
1114
1117
1116
1119
1118
1191
1193
1192
1195
1194
1197
1196
1177
1176
1175
1174
1173
1172
1171
1170
1179
1178
1190
1139
1138
1151
1142
1143
1140
1141
1146
1147
1144
1145
1148
1149
1188
1209
1161
1212
1213
1210
1211
1214
1201
1169
1158
1150
1199
1198
1159
1155
1154
1157
1156
1153
1152
1189
1186
1187
1184
1185
1182
1183
1180
1181
1164
1165
1166
1167
1160
1208
1162
1163
1205
1204
1207
1206
1168
1200
1203
1202
1269
1268
1252
1261
1253
1258
1259
1234
1235
1236
1237
1230
1231
1232
1233
1238
1239
1241
1240
1243
1242
1245
1244
1247
1246
1249
1248
1278
1270
1271
1272
1273
1274
1275
1276
1285
1284
1287
1286
1281
1280
1220
1279
1277
1227
1226
1225
1224
1223
1222
1221
1229
1228
1283
1282
1289
1288
1263
1262
1260
1267
1266
1265
1264
1216
1217
1215
1218
1219
1293
1256
1257
1254
1255
1250
1251
1292
1290
1291
1359
1338
1335
1334
1337
1336
1331
1330
1333
1332
1316
1314
1312
1304
1305
1306
1307
1300
1301
1302
1303
1308
1309
1371
1370
1373
1347
1348
1298
1340
1341
1342
1343
1344
1345
1346
1317
1315
1313
1311
1310
1319
1318
1339
1372
1358
1353
1352
1351
1357
1356
1355
1299
1322
1323
1320
1321
1326
1327
1324
1325
1328
1329
1349
1296
1297
1294
1295
1350
1354
1366
1367
1364
1365
1362
1363
1360
1361
1368
1369
1399
1398
1391
1390
1409
1408
1403
1402
1401
1400
1407
1406
1404
1440
1375
1374
1377
1376
1379
1378
1436
1437
1434
1435
1432
1433
1430
1431
1438
1439
1388
1389
1384
1385
1386
1387
1380
1381
1382
1383
1421
1420
1423
1422
1425
1424
1427
1426
1429
1428
1447
1446
1444
1443
1442
1418
1419
1449
1410
1411
1412
1414
1415
1416
1417
1397
1396
1395
1394
1393
1392
1413
1405
1445
1441
1448
1525
1520
1523
1490
1491
1492
1493
1494
1495
1496
1497
1498
1499
1511
1459
1522
1519
1518
1472
1473
1470
1471
1476
1477
1474
1475
1478
1479
1453
1483
1482
1481
1480
1487
1486
1485
1484
1489
1488
1513
1502
1503
1500
1501
1506
1507
1504
1505
1508
1509
1469
1468
1465
1464
1467
1466
1461
1460
1463
1462
1454
1455
1456
1457
1450
1451
1452
1515
1514
1517
1516
1458
1510
1512
1524
1521
