1520386 4.58545436951109e-06
650580 7.35824270929524e-06
1215566 4.26921613713102e-06
1396058 6.8367694047883e-07
1075573 6.8367694047883e-07
1185117 7.35824270929524e-06
1060939 4.77971305819279e-06
1308026 4.77971305819279e-06
128346 4.03108987642375e-06
214555 1.24552465557668e-05
1428665 1.37851962184415e-05
1224109 4.32461661815113e-06
1549610 5.77685307120852e-06
1025093 1.2520379018553e-05
1559001 4.03108987642375e-06
191318 5.36181450041287e-06
344029 1.32796767459543e-05
1486001 5.36181450041287e-06
1540074 4.46770275991027e-06
1383734 8.51513679670091e-06
1100583 4.23069264857258e-06
175073 0
1010832 0
107478 2.71251480467421e-07
1087673 2.34257115288975e-05
1153924 4.74357348570113e-07
1288722 6.16664553141147e-06
1297559 0
1167072 5.88731695413526e-06
1377745 2.40400018144274e-05
1111184 3.16238232380075e-06
297079 1.69775633369689e-05
1064699 9.41982643427227e-06
235980 2.21366762666053e-06
1156786 3.26445695290835e-06
21911 1.2649529295203e-05
1077028 5.88731695413526e-06
1498233 8.19640036133288e-07
105488 2.21171251096093e-07
1465488 1.44985505643397e-05
165141 2.40341056608857e-05
1019092 0
1252643 0
137128 0
1247352 3.79409515236703e-05
1273500 1.70093315200727e-06
260093 9.41982643427227e-06
464077 3.26445695290835e-06
1212030 3.37594036968598e-05
1384335 2.59951704214878e-05
1320547 8.19640036133288e-07
1217465 1.27038010394361e-05
1034298 2.9252036495157e-05
1043554 2.21366762666053e-06
1006300 6.16664553141147e-06
1069431 0
1150486 2.40341056608857e-05
1420261 2.12795814546443e-05
1007727 1.2649529295203e-05
1308541 6.48288376379154e-06
118085 8.24295715814934e-05
1097220 2.68438835841695e-06
1145352 0
1060170 2.03446596164515e-05
324474 8.18266426283445e-05
1156513 1.36271684349541e-05
1111159 1.2649529295203e-06
1001813 1.07257467148909e-05
535781 5.80990259251063e-05
427679 4.47554894686661e-06
1128851 3.62092776075187e-05
1260079 5.68420822843177e-05
172038 3.45226737014915e-06
1551206 5.69228818284136e-05
125246 0
217201 0
1164332 1.39144822247233e-05
1036125 6.37747101966485e-06
1166564 1.61281498513838e-05
1273121 6.08758597331645e-05
1460784 1.08435651138407e-05
1247769 6.49600836126051e-06
180432 7.90595580950188e-08
13765 6.40382420569653e-06
145819 0
26087 3.45226737014915e-06
129757 3.45226737014915e-06
1370435 2.56152968227861e-05
1559923 1.2649529295203e-06
1189112 0
1470325 2.56152968227861e-05
1093050 1.96858299656597e-05
1548709 5.55283590675709e-06
133005 2.9568274727537e-05
1226508 4.47554894686661e-06
1071141 2.9568274727537e-05
238950 6.92561728912365e-05
1064085 0
1088871 7.46322228416978e-05
1095796 8.33593584219259e-06
1309419 8.10619583084358e-06
1205956 4.26674711655913e-05
1498439 1.91883110698445e-05
1539401 0.000114756577272936
1527990 5.14731768652492e-06
1051745 8.33593584219259e-06
332679 0
1353181 2.37876672285817e-05
265963 8.73099289456969e-06
1225614 2.76129310858491e-05
1401672 9.16577149800533e-06
1031984 4.43146437033906e-06
1093945 2.37876672285817e-05
1151613 0.00143393571026919
153065 4.14028113810185e-05
1098432 2.24589097386477e-05
1235510 3.99306216194332e-05
1336991 0.000169208109487332
1113603 0.000102430307020253
1392834 2.54908568132101e-05
1092766 2.45771861747126e-05
1233420 0
139566 0
275099 1.55448489100892e-05
1443714 8.30765646289787e-07
1217239 4.36825867169159e-05
1330561 2.37876672285817e-05
1333789 6.58481409729203e-07
1143530 3.82108874277485e-05
163820 8.30765646289787e-07
1335440 3.86295864111718e-05
1529411 1.14956581107644e-05
1004783 8.30765646289787e-07
1280924 1.21034953954375e-05
1529817 2.36448109212318e-05
1118729 4.14028113810185e-05
1215046 4.36825867169159e-05
1385753 3.92281232214718e-05
1166355 4.36825867169159e-05
1479134 4.89649384360963e-05
197809 9.29392930236001e-06
1428737 1.34512409029335e-05
1348962 3.49347580366129e-05
1499467 2.14571010704279e-05
1167856 3.599543129355e-05
1016261 8.16258238034899e-05
1000847 0
1076690 1.6760626316144e-05
1328023 3.599543129355e-05
1537891 3.58056158875649e-05
1510710 7.52957370689528e-05
1068429 4.24546665309409e-05
217247 6.01207263457609e-05
255515 8.12295423718544e-06
1006748 5.32848838959678e-06
1070988 8.08460833034002e-05
1186250 1.02245206513978e-05
1298932 4.05839064887763e-05
205942 3.40982731167204e-05
1424975 5.32848838959678e-06
1374805 9.10722431045806e-06
1336 1.81573451758227e-05
1258250 2.75127262170666e-05
1340874 1.43624863872617e-05
138081 5.00136742780191e-05
1351585 2.96285210614721e-06
1358169 0
299371 3.16611995047886e-05
1460994 1.27998803587542e-05
1207750 7.39997463769376e-05
1267984 3.58056158875649e-05
1566786 1.86580557104244e-05
1327962 0
1309640 3.29711026196462e-06
332756 3.29711026196462e-06
308215 3.29711026196462e-06
336355 3.2205468357501e-07
121997 4.25428331964171e-06
1534606 3.6863577687517e-05
217504 2.31061402324297e-05
1058933 7.10203309291777e-05
1163784 1.35440830287178e-05
1151508 1.35440830287178e-05
1076932 2.30312300001201e-05
222609 3.22482520564561e-06
167787 1.35191844342482e-05
148393 4.42733525332106e-05
329446 1.86580557104244e-05
1273364 9.48714697140226e-06
1056150 1.6760626316144e-05
1482292 4.66451392760611e-06
1195638 4.66451392760611e-06
30188 0.000124599993342079
1270809 4.11486297724458e-05
1192956 0.000100858629088372
180808 0
480678 0.000308797849914954
1426466 0.000100834882066845
154585 9.26061860703951e-05
1451605 0.000194674955987939
1052242 0
125315 0.000119937900972738
1180713 0.000295533441641262
1373006 9.66171631953848e-05
602097 0.000163035805575341
1294499 0.000109576547519696
126093 0.000179465196875693
556567 0.00172539579586569
171170 0
116535 4.2210353629872e-05
352352 0.000325883498467668
1539097 0.000179465196875693
1506079 5.25119049562919e-06
138014 0
1130599 5.27063720633459e-08
438777 0.000110630674960963
1231494 7.845845528164e-05
122528 0
1326159 0.00012728588853298
297602 0.000109576547519696
159240 6.54695119333914e-05
1254740 7.61149363084272e-06
1538595 0.000205979727640861
1502826 4.31665187198803e-05
1051392 4.31665187198803e-05
1470814 4.11486297724458e-05
1230010 2.36936262061136e-05
1275340 3.70257053033465e-05
101045 1.05412744126692e-07
1477487 3.74742305370389e-05
1308149 8.15709709201989e-07
151746 0.000273796650206159
1076030 5.5827420197925e-05
1187856 0.00018644683075377
270582 8.15596886521974e-05
68655 4.58783210058162e-07
1005392 0.000290756401645501
1063625 0.000471779676830275
259122 2.46138757535824e-05
193384 0.000205979727640861
1521166 5.7031102958427e-05
1339673 4.91778012849103e-07
1526988 0.000111473976913977
1304517 0.000474508527035572
201735 0.00108533513850828
425950 0.000295533441641262
1341647 0.000105185672831712
1019991 0.000842724180276057
1285748 8.10463222834567e-05
1259549 3.68417540722788e-05
1059179 1.05412744126692e-07
1028814 0.000111473976913977
1317770 0.000239216082874216
1291840 0.000205979727640861
1498000 3.80014733453827e-05
42631 0.000132706375908205
1530904 0.000298894351941197
1094958 0.000135979060112949
101354 0.000248335187568857
1409228 0.000340652661560323
1334074 0.000123855299549068
1331486 2.69159846803358e-05
1254899 7.61149363084272e-06
1124990 1.64864620673191e-05
1060596 9.27432838504567e-06
1308444 1.64864620673191e-05
1429272 0.00012728588853298
1271824 0.000260177924734851
1203884 1.36200664514949e-05
340905 0.000507498137424391
1030763 0.000308797849914954
1007546 0.000290756401645501
1245270 0.0010249675287009
1266628 1.257067570655e-05
1333438 1.38354226666283e-07
223681 4.74618222966292e-06
103347 4.95256006115774e-05
1202745 6.75028872590705e-05
1224963 4.74618222966292e-06
1239004 4.08481456640427e-05
1076476 4.95256006115774e-05
154069 2.66137699818147e-05
1129078 0
380177 0.000398605993761604
1417113 0
1019808 0.000195882671877685
181120 0.000263268328456413
1058181 0.000539025762152282
1275324 1.49339166729963e-06
1396829 2.76303190051575e-05
146865 0.000303642310713082
1119911 3.64853757164993e-05
1502577 0.000195539881414467
1050406 6.75028872590705e-05
213898 9.08392497182862e-05
1275171 2.77996260671787e-05
1383373 1.75466585748377e-05
396532 2.17413784761302e-07
1577161 0.000594132579084067
1090024 5.88477526125211e-05
688463 1.22493373416078e-05
275327 0.0023596919802088
1147940 8.17203917426001e-05
1494783 2.74614998850848e-05
1139675 0.000116613472082318
1155358 5.39736817818609e-07
1108990 4.06182909090556e-05
1270884 0.000108034732423396
110604 5.04669216659358e-07
1058515 5.33677343579899e-05
154711 0.000139305992227311
1160595 0.000254898677198069
1359107 0.000108034732423396
1022602 0.000262888456154727
129758 0.000195539881414467
1533831 0.000476863872656112
1520009 0.00118973284400447
1114442 0.000162318020046662
1353873 0.000182431330998751
1006765 0.000430796942118397
1039277 2.40471624666923e-05
193854 6.21794640021981e-05
1448968 0
17406 5.04669216659358e-07
1259316 0.00200419795429611
1246206 2.07297501351817e-05
1231453 4.74618222966292e-06
1394233 0.000114511495254646
1541696 2.42993870184264e-06
1080520 0.000121570248867415
1380408 6.44917056529687e-06
206542 6.44917056529687e-06
169058 1.257067570655e-05
1329467 0.000104608180499591
190778 1.36367530075618e-05
1498007 2.38150934081691e-05
1242614 2.98102538228606e-05
169193 3.6098709570497e-05
1130776 0.000108843131027218
129942 1.22235668400336e-06
18583 2.98102538228606e-05
30129 0.000491616039136216
1250688 2.74614998850848e-05
1146516 4.02282456041212e-07
1165207 1.62027015648396e-05
1573870 0.000147999492753875
1206411 3.96178920755437e-06
1033996 7.41516910955134e-07
1329116 5.39736817818609e-07
1070605 2.60812567409001e-06
424595 9.53752806234517e-07
1453407 9.53752806234517e-07
1157521 9.53752806234517e-07
1526914 0
1213584 3.74742305370389e-05
1020249 1.64081452805199e-05
1453332 0
22624 2.97911488659999e-06
1018804 0.0105235599057681
1417681 0.000691160850407814
1406631 0.000538209803908242
1329437 3.89505372073455e-06
1031881 0
1035315 0
1079208 0.000358807812557471
1070394 0.000286960412081229
2801 1.64081452805199e-05
187209 9.8981574208976e-05
130748 0.0025572198202814
119368 6.94660745573734e-05
1162376 0.000475288835170276
1184965 0
1190296 0
318245 6.86593670031276e-05
197974 5.91212356782643e-05
1027433 0.000141426487983591
171671 0.000200693514933275
241532 4.01363492507447e-05
1413021 3.89505372073455e-06
1292038 0.000141426487983591
355452 0.00380608025342489
173971 7.9327802128116e-06
35936 0.000921689374613753
1413857 0.000418343417605506
238887 0.000471350800923356
23066 1.11163609781193e-05
10618 3.12194965867907e-05
1395216 1.30715732964542e-05
198127 5.73479709775689e-05
1480218 0.000259310636721603
1135757 0
1207618 0
1095223 0.000173142901001431
164836 0.000186964702401052
1380670 0.00106009888560132
1288982 0.000685727428485309
1093767 0.000620933301892933
1181809 0.000475630826557127
1241219 3.12194965867907e-05
1479808 0.000437709691250864
1245944 0.000340960951720707
138495 0.000442543107715176
20700 0.00331848346731787
140366 6.94660745573734e-05
1283781 0.000148418009731243
199659 0.000173142901001431
1159631 0.000471350800923356
1457319 1.65434671973483e-05
1494975 0.000318970226331083
1175351 0.000781279053336328
1035793 0.000668606137065622
1371621 0.000141426487983591
1073187 0.000141426487983591
182844 0.000340960951720707
1498549 0.000268960616639254
1202868 1.57735123065201e-05
1173170 0.000452351913204011
1291363 0.000312289573816896
1015203 0.00166652520148629
1534090 7.9327802128116e-06
258226 0.00166652520148629
1063463 0.00310149538376092
254398 0.00166652520148629
1590938 0.000920358772937473
1060006 3.12194965867907e-05
27050 0.000577919824831393
1279244 0.000577919824831393
131435 0
1193767 0
1393427 0.0012489547053963
165421 0
1019950 0.00115897992575403
1200629 6.86593670031276e-05
308758 0.00019010529446647
1125102 0.000304791231505243
1273379 0.01457641917255
1051757 0.000451862496497948
180787 0.0185876467312599
1516275 6.86593670031276e-05
193540 0.000451862496497948
1220656 0.000224785759597385
1510779 6.86593670031276e-05
1542829 0.000358807812557471
1106618 5.52438364459187e-05
1534033 0.000141426487983591
1321590 0.000201318674451795
123063 6.18734660259416e-06
1067234 1.11163609781193e-05
1334797 0.000268960616639254
330672 1.64081452805199e-05
111842 0
1362824 0
286982 0.00461846593853517
1587118 4.4870502570444e-05
1061045 7.44464564762471e-05
316710 0.000170474602363692
1501824 2.57687335513601e-07
1041795 1.48772516353993e-05
1199759 7.6437448200741e-05
1474879 5.9914062997849e-05
151797 0
1271781 0
1203119 1.36345261765934e-06
1363993 7.44464564762471e-05
1003909 0
1532839 0.000911227269040566
130158 6.85438090767986e-05
1195157 0
1362914 0.000857089385172966
15451 6.35194542373835e-05
276313 9.45159424562875e-05
229586 1.36345261765934e-06
1214822 6.28315412523948e-05
1433446 0
237891 0.00013779958660081
1328104 0.00482698625384924
1241782 0.00018820418123959
1397507 9.45159424562875e-05
1125257 9.42073728066644e-05
1440655 0.000339596089223801
1222631 0.000590028326168963
1429791 0.000348556528232181
364963 5.25395371140096e-05
1498135 9.0821477333221e-07
1408260 0.0133046601729116
1475834 0.0277619284308396
1339723 0
1223864 0.00335741731105776
1301506 6.85438090767986e-05
1425485 0.00107201984311651
214249 1.36345261765934e-06
1462965 3.53775894423028e-05
1078012 3.73243126929734e-05
316282 9.42073728066644e-05
1094359 0
102312 0.000281456742651557
1251789 0
1178752 1.22846390270722e-07
1386078 0.00135951414926922
194409 0.000179781435108073
250747 1.67202226728241e-06
1535468 6.69307489831993e-05
1030294 0.000944613337518859
1312144 0.000980210577940212
10806 2.72935779269971e-05
1544562 0
149953 0.00341771136501024
1112200 0.0140018436769184
1087548 9.45159424562875e-05
1210442 0
1169892 4.55322062792735e-05
1366447 0.000406820547454697
111597 3.53775894423028e-05
120947 5.9914062997849e-05
13088 8.97471331603975e-06
1053 0.0139264733475219
1360184 0.000717228311038011
1312950 7.17513017309052e-05
1008235 0.0292400373177008
1222456 1.15580033643265e-06
1297297 9.45159424562875e-05
1483905 0.00461846593853517
1158536 0.00055439194761804
1523576 0.000391231264065252
1411303 3.16871419263785e-05
1050801 1.36345261765934e-06
1489838 0.000129665532015126
1361655 0.00662413043381549
262252 0.00010859683886942
1269980 0.000409415904154426
1169487 0.00117494265248439
1472770 0.000151268385871217
269577 0
1524083 0
1396219 6.51834114717378e-05
21035 0.0012570988294518
1325549 0.000857089385172966
1286431 4.44710014284481e-05
1181595 6.51834114717378e-05
1387821 0.000129479724977137
1137991 3.53775894423028e-05
1579521 0.00156712109674245
1170955 0.000980210577940212
145098 0.00312190614418993
1383721 0.000353921075000385
1295934 6.35194542373835e-05
146983 0.000514421659212824
1146731 0
33421 1.40415249811121e-06
275427 0.000139263584112425
1265114 0.000184500448732579
1142166 0.0142255579993068
12634 0.00532908120444558
1321091 0.0017397984122275
177429 0.0141030116130181
1234042 0.000474299796561805
1453576 1.04206571318779e-05
409279 0.0145237419264193
162988 0.00429340284342568
1075448 0.0109184508874411
1141649 0.00276676427458681
124220 0.0424649233485862
1242944 0.00543448466912201
145802 0.00173359618894599
1505011 0.00470168518334345
1517208 0.000358397576431707
1339407 0.00346502600343384
1002713 0.000370209791767997
1243850 0.000271925290126179
1353002 0.0137214269583864
1445087 0.00746614274371558
1294775 0.00543448466912201
1130998 0.00111322756695729
1073036 0.00207257134443666
144441 0
1151933 6.67614046135715e-08
1327357 0.000305697353216794
1041686 0.000128493562421508
142375 0.002107042149513
281707 0.00214720566987187
1015476 2.6922772674466e-06
236683 2.25713195378524e-05
129271 0.00097453804436931
1137607 0.000795406114764926
1136706 0.000961561762705873
1290989 0.00543448466912201
170651 0.000517998675046783
1544701 0.0105946228053542
1249784 0.0327038639363409
157321 0.00460079869433758
16373 0.00361608663128392
1061050 0.00262288029459887
1404075 9.08895501946603e-05
1138642 6.69729265136589e-05
1326375 0.0287615970446868
157611 0.00151904392783862
133095 0.00103901561847213
1243968 2.63531860316729e-08
1494007 0.00103929764703208
1189819 6.48354226968736e-05
1169948 9.76040429979785e-05
1072440 0.0233818758080568
1372774 7.98504733411498e-06
1409873 0.000288587051329669
1000308 0.00272385645108432
301615 0.00290031232454473
1512851 0.000358397576431707
1409384 0.0188584415910117
1048684 0.00035748739402354
1082068 3.76893179312959e-06
257797 0.00075643252026016
136145 0.00307272779682621
1056867 0.0124100444531247
214169 0.00290031232454473
17756 6.67614046135715e-08
207334 0.023733330137482
1345667 0.00105507487984216
1189719 0.00118974536272578
1189837 0.027860673215385
157993 9.78832624033567e-08
1369191 5.94220171461906e-06
1359579 0.00539662482063362
183657 9.76040429979785e-05
1419353 7.5019296858196e-05
1533673 0
1025424 0.00105692675998724
188647 0.000443117895014963
1345173 3.82717999856003e-05
1134676 0.000184500448732579
1471346 1.40605381678405e-05
1192631 0.00543448466912201
294955 0.000795406114764926
342059 0.00214720566987187
1387551 0.0266707154182916
1041213 0.00207169163908965
1090651 0.00616664889938469
1330520 0.0001490812925734
1035540 1.18589337142528e-07
1088609 0.000689959459862942
1117827 0.00307272779682621
128004 0.0137250123144348
1267062 4.16957262469691e-05
1411345 1.40605381678405e-05
1020970 9.40043161621735e-05
1388130 0.00516620908535075
1533695 0.00585213935890286
1178823 0.0284537500718716
1019225 0.0136665713875061
179704 0.000296392074273607
1268205 0.00179362966193623
138455 1.40605381678405e-05
1363407 0.00126094819862039
1077121 0.00214720566987187
1249236 0.000358397576431707
1326557 6.67614046135715e-08
321577 0.0137250123144348
305966 0.00560444249281409
204295 0.00529776751565296
1396775 0.000249708521836477
1257467 0.00152733362365075
1288561 0.0142255579993068
1244698 0.0141030116130181
1383723 9.40043161621735e-05
1043605 0.000191942601211822
1303692 0.000105435790712797
1286131 0.000141808242547446
156849 0.00394703670365263
1358638 0.00311418624591824
142775 3.150207324337e-05
1079998 0.00313204171252772
21194 0.0123523768355526
158637 0.00560444249281409
1005804 0.00262288029459887
206861 0.0016317799129425
1489255 0.00359998362024159
1056137 9.56215556409177e-07
1569026 0.00221122596532015
1423088 0.0308419869993529
25564 0.0269880342352865
270381 0.000751814602919908
1563031 0.00044103363389002
1289510 0.00105410190536234
142053 0.00105692675998724
1303018 0.00111322756695729
1540118 0.00102868827150586
1370713 1.90198565617591e-05
1104214 6.67614046135715e-08
1347330 0.00342147365805545
1500128 6.67614046135715e-08
107116 0
1400714 0.00196410689540129
1422117 7.37046338932583e-05
364996 1.40605381678405e-05
1316504 1.40605381678405e-05
1115073 0.00196410689540129
1477719 3.150207324337e-05
1048792 0.00545945325087119
316630 0.000856557039383058
1189428 0.00207257134443666
1331697 4.66872425394555e-05
1217378 0.000191166006666072
1381467 0.000109393167624102
1017362 0.000340754438549695
1248716 0.000102816739354539
180830 0.000305697353216794
1396912 0.00022994002226152
238038 5.31828428057579e-05
126136 6.32731225684125e-05
1566423 0.000113802749758183
1235022 7.48406339449388e-05
1123961 8.779358126716e-05
360189 8.3237155210773e-05
1474502 7.271566729179e-05
1418449 0.000122284569716501
1065196 6.2804782849251e-05
411492 5.86230649367153e-05
1378626 0.000151023869031309
114398 0.00022994002226152
1095581 0.000179561029994314
1121784 2.57001030966936e-05
1310194 0.000108719742745999
282216 9.18196877933592e-06
1136231 0.000152750071199118
1413121 0.000134006179285516
1055245 4.79192251981078e-05
1433566 0
1032485 0.000122284569716501
283565 3.60988994378893e-05
174358 8.82953868630578e-06
1004274 4.55780395426125e-05
1083266 6.87908399427435e-05
1480107 4.37267673270922e-07
1007077 0.000270476731773653
1104991 0.000170120955640312
344363 0.000231559913289121
1474763 0.000582820696072722
1481603 5.33988714598922e-05
1551769 0.000149304657598476
1426349 0.000182006862402206
1136124 0.000134242010452779
1223570 4.79192251981078e-05
223924 0.000131738065669207
1344364 0.000166903106792754
1275696 5.40849102604216e-05
1343954 6.76432977219862e-05
1569582 0.00012108909160032
315348 3.75891577574853e-05
1066871 0.000123545522041871
1234450 0.000132461559254802
1496416 4.70986518698548e-05
1530605 5.98590068718647e-05
282340 0.00016305675880576
1044913 0.000171277956747392
183520 0.000203762210597376
162813 0.000192987243471679
1211308 0.000132231349328441
30147 2.74574251071658e-07
1278373 0.000180729620550298
136754 1.2724197556125e-05
1017385 8.8156573865756e-05
1309043 0
149181 5.53120796486454e-06
293931 5.6083871038995e-05
1080357 0.000276578915495552
238457 0.000106880141701461
231810 8.48860314066302e-05
1229710 0.000138065154585361
1280325 1.8730781772514e-06
1214596 0.000297919236353378
229206 0.000152750071199118
1514384 2.70604700057874e-05
1052214 2.44822239064806e-08
1193827 8.23798560306309e-05
1157208 0.000133921270559035
1272593 0.000110183660708825
382595 0
1505676 0.000123816487774337
352868 4.79192251981078e-05
167870 0.000149304657598476
1251563 0.000140744734982624
1400929 6.55269740252044e-05
1239579 1.57317212766096e-05
257204 0.000297919236353378
1328207 0.000147510251180144
409740 0.000120140682833464
147159 0.00231344182171132
143848 6.43435824877454e-05
1552637 4.50460362566886e-05
1009039 0.000408931066638876
1100524 2.7071888651857e-06
1549778 0.00010446110447271
151635 0.000278911984688984
264858 0.000142748957878744
1240517 0.000129886330028667
300469 0.000125735333496459
1457564 4.28810428709443e-05
1332018 4.59245129164114e-05
1059803 0.000494424649071702
227463 0.000591778833312304
1082739 0.000122143951685175
361768 0.000112011471446845
1247877 8.57153442529323e-05
220084 0.000122929789770616
121078 4.34253080816149e-06
309831 5.03179291911042e-06
1559743 4.37267673270922e-07
1360874 0.000154379276944782
1497266 0.00214325737008769
1375244 0.000117054997327223
1170108 0.000150580855194028
1314039 0.000169357567660386
1569576 0.000374091873878032
1169391 0.000100785698009858
11182 0.000545670979507888
142622 0.00227426364557802
1093567 8.43612786842733e-07
1245552 2.96200539617525e-05
264508 0
198856 0.000106880141701461
1108709 1.6951397026869e-05
1055503 0.000166718279033593
1441206 1.01351215299127e-05
242724 0.000386962828275372
1282470 1.38234014904066e-07
1339987 6.499429133538e-05
1151133 4.94284834816119e-05
1176829 8.62175207192222e-06
277909 7.78841785015923e-05
1101196 0.000210229150579843
1469411 0.000103170747583968
19462 4.37267673270922e-07
1441707 0.000274603706194962
1527934 1.61858536648738e-06
1475913 0.000118612370831464
1301847 0.000122284569716501
1327528 9.65016583520191e-05
1379945 0.000125922742056632
156616 7.22427678227224e-05
1056191 5.12568360694293e-05
277618 4.10781211125724e-06
1016078 4.10781211125724e-06
1472529 0.000154921725787863
1122389 0.000136948961790367
1005133 1.61858536648738e-06
101911 0.000137293822177563
1330511 0.0512748926586001
1348585 4.34975977583676e-05
235461 2.9601761275753e-06
1249709 0.000153482652800222
138580 5.7411853949286e-05
231587 0.000172380267505931
1308223 4.34975977583676e-05
1329138 0.000128837999598755
1152527 0.000100478851917719
1139761 0.000267744504832315
1159618 0.000464956911334371
1439897 9.7881537273349e-05
153877 4.79192251981078e-05
1392080 0.000104981306375108
239183 0.000274603706194962
1532934 0.000270024516361697
262873 0
25331 0.000138875435978254
282066 0.000278343071298264
1525278 3.00162782453294e-05
261539 3.60988994378893e-05
1327660 2.3243548542741e-06
1178707 5.30276412037333e-06
373998 0.000344485397565101
1380869 0.000725437510563554
1009398 0.000244558243434789
1024106 4.46629379220508e-05
165596 3.84050611062369e-05
152064 0.00337584245689798
1266646 0.000416147917081162
288191 7.48346195889627e-06
1575523 0.000257149707832832
1058925 0.000175962469098059
1083076 0.000190231084614055
1411233 0.000175962469098059
1039329 0.000462725536338436
129385 2.86767493074594e-07
173619 0
1374502 2.49354397192866e-05
1101721 0.000178941600400808
1413865 0.00302577986625294
266509 0.00039862739751554
1337671 0.000223001762563459
280581 0.00105444448322175
1092934 8.88557597431878e-05
1483882 0.000228644359920472
1471105 0.000626768365070822
1415563 0.00025077349265809
115942 3.40347413483693e-05
1295706 0.000752882876677078
201409 0.000122301759052024
103016 2.67652912872598e-05
1058960 5.60841813078973e-08
163962 0.000613436519229792
1471750 5.33786139980005e-05
1446626 0
117238 0.000359102371917661
1349442 0.000168031630675811
1542251 1.63842421640655e-08
1376231 0.000560835723603058
1507401 0.000244221583402243
128882 0.00025077349265809
1089999 6.59849950779419e-05
1384771 5.64223032414135e-05
43123 0.000131416685954818
1216302 0.000272006385085478
1159598 0.000789793139094585
1072046 0.000330608382387555
1517071 0.000265929053886937
1133172 3.020008590669e-05
1593247 0.00020596732307632
1527275 4.79391147600814e-05
1503644 5.40888048784498e-07
1587911 1.26124058840341e-07
1283095 7.98828820500011e-05
1370735 4.8032198603767e-06
1213874 0.00434343976492698
1469051 0.0320349173048151
22231 0.000232857106498427
203078 1.60670841450928e-06
1314031 3.0193938390327e-06
1415812 5.41378678805046e-05
1159021 9.92507918263088e-05
195260 0.000123172349217289
1244148 0.000544618315749763
328648 2.46820577175145e-05
156259 0.000166013579370303
1121686 0.000128585385977262
336327 4.89922953666885e-06
451266 2.43192079448508e-05
152080 0.000203334963863495
1191333 0.000387668298567942
1067172 0.000151799882707047
1445738 0.00049667701882895
1244569 0.000385520875104278
1343227 0.000169732044214605
1455020 2.46621721898857e-05
1070205 4.13701784491075e-05
1519744 1.26124058840341e-07
1578087 4.60386753094367e-05
1129074 1.41531833647336e-05
1458343 0.00147559537827538
197188 0.00113631847978116
384691 2.46621721898857e-05
1395285 5.81945889146707e-05
1479963 0.000545608464965967
1497638 6.61265167585998e-05
1481707 9.20665600707278e-05
1345110 9.63330689314864e-05
1548695 1.18457309292363e-06
1250653 6.17465855168491e-05
287297 1.41531833647336e-05
263451 5.75003921202278e-05
1384894 0
1152474 3.3062313641696e-06
1532518 0.00023192565820471
108339 5.4038753804136e-05
1125810 0.000144342001113801
1079050 0.000395484176179679
153797 1.2509327282563e-05
269563 1.48667566037161e-05
116496 1.137192593742e-05
259130 3.19468218866442e-06
1535238 0.000247646623857896
1015868 0.000255401494621484
1445628 5.09894246851481e-05
57397 1.28601773641945e-05
173785 0.000501540946707067
1436787 2.58876310285213e-05
1451904 1.71748830148011e-05
1030816 1.32838980127745e-05
134200 0.000521995350698495
1431310 4.34016558958681e-05
1271390 0.00150278736035975
1228064 9.07882682405808e-05
1121249 0.000223534897240373
344628 0.00625026343332104
200649 8.01246823948385e-07
160572 3.89489022880243e-05
11597 3.7221451990122e-05
1437478 0.01078173244613
1013460 3.99875953009903e-05
133263 5.29001386781663e-05
1105774 0.0145003307986658
1276775 9.14505862911736e-05
1532117 7.17804930813054e-06
119081 8.45142683441515e-05
1069910 0.000244167873380972
1530196 1.89185657574589e-06
242256 1.45931119603031e-05
1269999 0.000664064753512232
1049648 1.67934740584911e-06
1383633 0.000671508789091978
114406 5.38196640683831e-05
1054165 4.5598065614774e-06
1067440 2.18443519558786e-05
155392 2.23947650222728e-05
1369356 0.00210944362511038
1303395 8.89680645626385e-05
1073373 4.92948754347956e-05
1000038 5.05536674480822e-05
1195068 4.79893385697489e-05
1239091 9.20665600707278e-05
1209412 3.48216252120935e-05
1346928 0.000642135519330506
1014003 0.00210473786365466
1104527 3.81289553147308e-05
1354260 9.31966166882937e-08
1134939 2.69951701998549e-05
241838 2.8484368034147e-06
1394834 2.70513655084336e-07
1529800 0.000187393141105396
1350403 9.13572155368633e-06
1353942 6.57806037379051e-06
1338611 0.00072573329738559
169016 5.33786139980005e-05
1259344 0.00124927628772336
1359029 1.69155250125933e-06
1464520 0.000731579032923094
1319143 1.9854439034816e-06
1344665 5.10663496701547e-05
221011 0.000324810836110521
1170158 6.32968087526902e-05
1239185 3.48701367824414e-05
1209042 4.79893385697489e-05
298013 0.00189589453412288
1026982 0
1574096 2.0958248154843e-05
1040958 0.000100516626144231
157143 0.000359246631983766
1257195 0.000855323699598844
1569457 4.41571807817379e-05
1554485 8.37633017136328e-08
1330555 4.53197333552918e-05
1310218 7.17804930813054e-06
114711 0.000128650355122139
1285568 0.000215625505994788
1370132 0.00029433197938171
1465430 7.17804930813054e-06
1257416 0.000534632919235252
1032072 3.02035744017697e-06
1164492 4.5598065614774e-06
1415281 0.00144265781788253
1155605 0.00718170171907536
1185612 4.78197246733632e-05
1339644 0.000322088187425285
1161273 0.000155093891107468
1412835 0.000613436519229792
1285958 0.000154741106703309
1087139 0.000197805810739596
1387496 0.000321205644494039
1463157 8.97651531817115e-05
1055677 0.00785702030599194
1078236 1.28601773641945e-05
133188 2.58876310285213e-05
1091499 1.28601773641945e-05
1268086 7.02715797822869e-05
1461212 0.000168008793911364
1405273 0.000266395789646022
216388 4.40678835891285e-06
1302759 7.29397709892492e-05
1359927 1.81695816194903e-06
1133998 3.61738075804147e-06
1522988 0.000732283373164708
1047525 0.000614979291152784
1427352 0.00809733413331978
180960 3.81290379826251e-07
1152906 0.00484996833109209
1154721 3.65286977303349e-05
1114110 1.12724379337186e-07
1020017 0.00306222012277248
1188806 0
1109531 0.00322568128465613
233951 0.000179781435108073
1163194 0.007706824275855
1225090 0.000401901061757726
154903 0
1072998 0.000179781435108073
1324786 0.00425667148758364
1487678 0.000179781435108073
1131331 0.00788855965864941
1399442 0.0039239824418131
190245 8.01077064559794e-05
1320345 0.00185362732086893
1247434 2.70616772578703e-05
1094074 0.000867708382841484
219036 0.00335586610463542
1490321 0.00425592716405414
1335027 4.72425567427325e-05
176113 0.0156445338217452
1292503 0.00196136148165042
1541002 0.0039239824418131
1238365 1.7119402879451e-07
1232609 0.00112087296233369
1068697 0.000607262427828532
1371036 0.00209512590391573
1427953 0.00338356730607761
1060848 0.00320643026035528
1586217 0.00343147707765019
1198505 0.000229876643325501
179914 0.0051369956964612
1263558 0.000400771322141292
1165033 0.0191185000634652
1252594 0.000732283373164708
120987 0.000223711104541256
1376793 8.01077064559794e-05
1472111 0.00023483546766
1538654 7.07686278372961e-06
1387059 0.000603576461973027
1538231 3.81290379826251e-07
392501 0.0217832777146261
1397419 0.00264653529728688
1345628 4.64143700158752e-05
1229363 0.000862333322439738
1566105 0.00457528300985091
247075 0.00415930548306404
1105710 0.00116437309272921
123019 0
357468 4.72425567427325e-05
1574240 0.00191826825059846
1017211 0
1200814 6.77653355100161e-08
1405660 0.0156445338217452
187595 0.0012063886697719
1048550 0.000122150442601753
247291 0.00089108679318457
1212905 0.000765410539782648
400227 0.000107468695591485
1151458 0.0190477065373064
145088 0.00125024218812109
1101352 0.000160632421256764
1555584 0.00636950889774842
1075605 0.000421243016703422
13902 0.000908624065690166
1288803 0.0115755138873328
1224007 0.0218829927288077
201638 3.51906340490882e-05
1338165 1.12724379337186e-07
1525656 0.000744315374464298
1422887 0.000488579140952552
1244616 2.70616772578703e-05
1122718 0.00362759861950737
1327754 5.82739788738329e-05
1136249 0.0217832777146261
1248047 0.00130016059129679
152401 0.0331468968217702
35080 0.000966820205535425
1254172 0.00191826825059846
1407660 0.000359246631983766
1106435 0.000122150442601753
166595 4.53584911481593e-06
118858 2.7118696581975e-05
1271232 7.53615150821735e-05
210942 0.000374395432814339
305302 0.000278144671337096
1432425 0.000933497365993214
1408427 0.000144866780331805
24447 0.00295999182596868
1223991 1.98936436612236e-05
172376 0
184462 0.000924229676218781
156242 1.7119402879451e-07
20712 0.000732283373164708
1484681 0.00382409229529907
12477 4.27199960842101e-05
1486367 0.000667586906418477
1012041 0.000539341522813004
1134769 0.00834484410236224
18726 0.000406076358824023
392084 2.70616772578703e-05
1400531 0.000711752261940328
1359436 0.00170306073983656
154330 3.27389496226707e-05
1475903 0.000732034136540785
105098 0.000692361981928127
1589595 8.01077064559794e-05
224478 2.7118696581975e-05
1280233 0.00309185987610964
1074546 4.53584911481593e-06
1377738 3.51906340490882e-05
145395 0.00421563620891728
1266311 0.00153233616286493
1077184 0.000160632421256764
1488050 0.00130718717420208
1147242 0.00052442590140328
1153651 0.000274224245431532
137593 0.000179232343344407
47691 0.000485961649751606
1437942 0.000421243016703422
1478833 0.000792904379746124
1395402 0.000171674431816802
1408536 0.000122150442601753
1112043 1.12724379337186e-07
11760 4.56895876778028e-05
1565691 4.56895876778028e-05
1171447 1.12724379337186e-07
1327115 7.54341126452328e-05
234069 0.0145852671523706
203040 0.0375815950518914
1555842 4.49471248804762e-05
1485529 4.15876095819893e-05
1566860 0.051111884875341
1003401 0.00728552836364451
217438 0.0114689301422847
1494962 0.000278144671337096
1374791 0.00026705826021949
1344070 8.79337692398763e-05
1040221 0.000474560926898337
1035704 5.43465026907406e-05
124725 3.33801032031637e-05
276003 0.000204468928648155
1416694 4.67323028983897e-05
1186951 4.97098990541179e-06
1210645 0.000150942128311736
1304063 2.04022012527866e-05
1359890 4.53930840406521e-06
1485745 0.000199677223093875
1500360 2.75537454204861e-05
137080 3.50698995201786e-05
1170088 3.92942966592204e-06
1156804 9.84857885338688e-05
1509196 0.000106054522043447
1020207 1.16534157547946e-05
1062406 0.000180698579263505
1080370 0.000590290124104277
123949 6.81123058466196e-05
1587263 0.000200294991716219
1021106 0.000156787546728246
145552 0.00677976160601189
228494 7.0360624262975e-07
1045282 9.30784347824097e-07
1347531 0.000440780986210779
1353824 0.000428126169351777
247563 0.000151304216438799
1352757 1.10609125023423e-05
1515913 0.000279851071334019
121734 5.73291467155507e-05
1280968 9.80851894132097e-07
1412333 3.03411929348071e-05
1005202 0.00062615750555652
1073840 3.80995198549846e-05
222909 2.2055342456113e-06
1142293 0.000248746394693598
1551434 8.92007800016281e-05
1581388 6.44578792658389e-06
1091818 0.000598384563021299
1483589 0.000270183223690957
1219645 4.40846003558624e-05
1013889 0.000186239104651969
1202455 0.000380772442793541
1276478 0.000158538051021825
1256178 0.000581464918152003
1334143 0.000317217713558739
1543100 5.05963914915737e-05
204281 0.00251017046092848
1245952 4.04780432995892e-08
1210287 0.00263595495553952
151802 0
10717 5.57100440629739e-05
1195683 0.000134962836434822
1314784 8.57279295545968e-05
1074343 1.10609125023423e-05
141301 0.00030255188876305
1257636 0.00220945410313889
1478308 2.74293127698036e-05
177604 0.000242317872190558
1367447 4.97098990541179e-06
1483596 2.24846140742549e-05
1360427 0.000100221180198895
150980 0.000153401232669828
1084803 0.000437686714713455
1123448 0.000196024281164907
365165 0
1489488 0.000120132728405957
1280318 0
117909 0.000119367948544962
1505990 0.00019912378669328
1340544 1.98767217858274e-05
1229409 1.98767217858274e-05
1142704 1.57212336953478e-05
1129887 0.000448563505340529
1035076 0.000287939118768701
188440 0.000135500124608847
1194949 0
153195 0.00011841430945888
1138673 0.000571993697308071
1521087 0.000522826036150597
1340815 0
1004612 7.68981058681792e-07
1377974 0.00659559935501048
1514997 0.000288352159629073
195339 9.37790512050772e-06
1509805 7.89735340160529e-06
1371461 0.000320797773202429
1194729 9.01602468788962e-06
103917 1.49068355712785e-05
1168653 0
1279910 0.000266422436519853
1285448 4.89301234388261e-05
1026701 5.92238644083763e-05
1304951 0.000929696192775115
1215485 4.46452677972146e-06
1298366 0
352740 0.000315324298382166
1284429 0.000244597537348297
1340235 0
146806 5.34112192676857e-05
1350533 1.60375322505323e-05
221483 0.000359074142326633
1150624 0.00032844928633933
1350332 0.000240519158212224
185792 0.000437220510244842
135073 0
1015909 4.46367231286201e-05
1096712 3.50698995201786e-05
1268439 6.05426597436843e-05
1137774 2.31111187284278e-05
153441 5.56599349549224e-05
1333034 0.000268967166927328
1342459 8.35040205349706e-05
1030304 0.000494707148779579
1075096 0.000722547206192252
1027821 6.44578792658389e-06
1568563 1.36418593067245e-06
137730 0.000765676276056068
379945 5.56599349549224e-05
1211674 2.43691434276487e-05
1302181 6.22057475034323e-05
176722 9.11582877216829e-05
18388 0.000309528051125426
1109681 0.000101503490718001
1306739 3.49776315394457e-05
1484212 0.000189544404665011
1128058 0.000521240957708746
283025 0.000271161377850752
161881 0.000528493424639702
341391 5.35430222283313e-05
1161517 0.000120637969997325
1305563 0.00013481812543021
121506 0.000172346384828964
1133807 4.18898184896132e-05
134818 8.59349157846419e-05
1230984 4.18898184896132e-05
1506915 0.000214711158048883
1084764 8.57279295545968e-05
109110 2.68998664011725e-05
325748 5.16677908434485e-05
1440465 8.57279295545968e-05
1480500 7.14986785681944e-05
1158481 0.000138822799418049
1203086 0.000219459707140888
1108820 6.50547220896155e-08
1007153 1.98767217858274e-05
1024925 2.20847443672666e-06
1454797 1.98767217858274e-05
1249627 1.98767217858274e-05
1585463 0.000197291563340982
1069854 0.00176715934763538
134310 0.000536938268664474
1454103 4.04780432995892e-08
1148582 2.59489119567548e-05
1060528 1.7178742385973e-05
1235692 0.000469940904354864
1370811 0.000471971386961404
1046160 0.000310481076196286
1494644 1.36418593067245e-06
126551 3.03411929348071e-05
1534597 0
1258205 0.000230393944212705
1070589 7.24534134325836e-05
1578749 9.0807464838081e-07
1130110 0.00705447404863651
1139879 8.35040205349706e-05
1162234 5.95969583922119e-05
245286 0.000266422436519853
213208 9.37790512050772e-06
1073663 9.73182400766562e-05
235262 8.35040205349706e-05
1230294 0.000601241679850159
1258904 3.40286574954275e-05
1399263 1.57212336953478e-05
1130964 2.34604521220562e-08
1238960 6.412710731353e-05
130569 2.75537454204861e-05
1173333 0.00017929920058701
1567472 5.95766524153228e-06
1145422 1.60356000196966e-05
1115150 0.000485809243024185
1312593 1.60375322505323e-05
1446463 2.31111187284278e-05
1441364 2.31111187284278e-05
1141472 7.22419731162895e-05
1072422 5.6286700660928e-05
1162664 8.42989788456992e-05
1093523 5.41519790495247e-05
1064792 2.16714180827771e-05
1214742 4.97334850235027e-05
1417661 8.52159638554153e-05
162183 0.000108037280429589
1545507 8.42989788456992e-05
392682 9.30018483427749e-06
1297365 0.000108377086681331
198327 1.87962729287901e-05
1161003 6.2322207545345e-05
1486807 0.00011659250919914
1459344 3.91224554601468e-05
1253856 4.23857503580209e-05
1157701 9.1002242872374e-05
1089938 3.78001825769915e-06
1370080 1.92044720070434e-05
1007484 1.07188147380563e-05
1500138 1.31089490306659e-05
1456424 4.60182953111589e-05
1095492 0.000440558530982385
1446287 6.30149678438079e-06
1280977 0.000441264862053234
18294 0.000109953605735666
1485194 8.22048647795508e-05
382373 4.87777929921538e-05
1297912 9.11954008246338e-06
23894 6.25149384363549e-05
1203143 8.36728825579457e-05
1357091 0.000120959733045291
1400732 0.000115512511479014
1032663 2.77455300803931e-05
141064 6.02886650101912e-06
1389447 2.08138125900248e-05
1529384 3.13705308398328e-05
1215162 0.00102754145112119
1367831 0.00411921781184187
154599 0.00016688876514544
1052423 3.7832278742547e-05
130374 2.21696568231427e-05
14784 6.68772315709394e-05
1400258 2.68589042137493e-06
172937 0.000990120493330596
148267 9.52289825770295e-05
1520739 5.81771513077118e-05
160443 1.38149093810861e-05
333675 7.78755493609612e-05
1132156 2.65023464479226e-06
180900 0.000471138857004494
1251555 5.67467273834548e-05
1269814 1.12414647007708e-05
163890 7.22629343702636e-05
200693 8.11343004106994e-06
1513804 0.00291281591597146
263037 8.36958307343668e-05
14913 6.56364566508714e-05
1522324 5.7577941688777e-05
1467775 9.46889994426155e-05
173985 6.7592480418267e-05
159683 0.000125484497057735
1482990 0.000186173798148027
162615 4.74135240782562e-06
1315108 0
1116938 6.19845616308694e-06
1070416 0.000127825023704714
250177 2.61735737319134e-05
1439943 0.0001369357389218
1348190 0.000100169535978629
1141593 1.29018934742256e-05
1525790 2.17023810719656e-05
1204670 2.28978705920121e-06
12872 3.31444531400319e-05
1415889 1.4523584241078e-05
154916 2.69453247689961e-05
1278389 5.60523651374501e-06
1375278 5.54392488183348e-06
1306565 0.000211934482134571
1242123 9.13480509634457e-05
274515 0.000200941673206723
1058293 1.56870473210637e-05
1065824 5.86734281873939e-05
1007525 4.97542212672086e-05
1520223 1.37182135506031e-05
1568591 2.69453247689961e-05
1110662 0.000265852461588203
1593166 1.75835360408936e-06
1429609 9.6725977301015e-06
106765 6.32688978089057e-05
244591 2.20494336944523e-05
1175204 0.000128474193929036
1084659 1.87962729287901e-05
159292 0.000223700992409757
1250830 9.05264348764076e-05
1441649 4.84189859458952e-05
1328986 0.00125548778945448
1504852 3.12781372905667e-05
1505384 4.84860931124527e-07
1226118 0.000684001114636759
1301084 5.81771513077118e-05
1002244 2.22297859710838e-05
1554961 2.77455300803931e-05
1395613 0.00010063765091952
211580 9.63621191857987e-05
1272150 9.63621191857987e-05
1106586 8.32401420437176e-05
219864 4.74526175930929e-05
1351031 8.45148353282119e-05
1300693 3.47401202930817e-05
1567886 3.03736710440153e-05
1220934 1.55536791426492e-05
1516111 7.58238358926256e-05
1284456 2.17023810719656e-05
1282067 9.05264348764076e-05
1233932 1.0715865466364e-06
1410336 6.16136987895701e-05
1552250 8.94859865906465e-05
1359850 1.54199291836341e-05
1077315 0.000168696504576099
260586 0.000191502669025992
1180985 4.10266869322817e-05
1092960 1.87962729287901e-05
1252400 0.000606028752246615
1484040 0.00011672919588087
124153 6.61569086219147e-05
1309480 7.81652816894986e-05
1307881 1.27104748330536e-05
1425661 1.63309085075487e-05
1082647 1.72092545078185e-05
1577171 0.000106056332933577
1524033 8.24966121340646e-05
1372412 7.40940859350182e-05
1098091 9.73778313360721e-05
1060597 2.69534566460957e-05
102659 1.08813335806447e-06
1568811 5.35078376546975e-05
1292990 8.88171920523235e-06
1354268 1.97287637469584e-05
1474660 1.46742696108812e-05
1494763 2.23166850866976e-06
233719 8.07174066519395e-05
154375 3.01416062583352e-06
37229 2.10704499580966e-05
1034163 2.51248430830276e-05
1447895 1.10215326858021e-05
262960 2.17023810719656e-05
1553751 7.55157418462009e-06
1421937 1.17352974358999e-05
158201 0.00123095771295393
288646 7.51120818321917e-05
209492 7.0375512069901e-05
153765 0.000194662191593114
1470830 0.000202178210446581
1098278 0.000480331291326581
1406008 8.81499142748677e-05
1576031 4.31429045945527e-05
1532670 5.1274365822887e-05
152059 1.47125560914568e-05
1179954 3.56739977638633e-05
276753 2.84828856733961e-05
158491 5.37002469875399e-05
209519 8.31762299088173e-06
1074710 2.19709526598235e-05
1504689 0
1355461 0.000124597079700293
1527364 3.200987375463e-06
17238 5.08198161693208e-06
1107301 0.000150424439459697
1274643 2.40500662438832e-05
1538240 0.000277077548006159
1043399 0.000278595640062744
105226 2.69534566460957e-05
1523001 2.26766008745034e-05
1560537 7.80342435495785e-05
1533658 0.000147431210096456
1476451 1.71218329038729e-06
355872 0.000437580186612701
1014943 0.00013005482967698
1325353 9.99585895956109e-06
1126824 2.56372558897418e-05
1080417 0.000141940192862476
1006449 2.28671036319001e-05
193301 2.59473281002948e-05
266289 1.4116482923165e-05
1307320 4.20672096016395e-05
1373760 1.40427757975602e-05
1048778 1.63424425665634e-05
1134941 2.07221396179295e-05
1334884 9.73931452058956e-05
1124812 9.45664742746328e-05
1254730 0.00337262246237111
1333704 3.04766602012134e-05
1582634 0.000115367395012212
1373939 4.20319863772037e-05
1530497 0.000179380085672369
1162782 0.000103779478628847
1521495 1.22683017085853e-05
1184553 0.000115512511479014
1021301 0
172239 0.00166821798264613
1539840 1.74399977478184e-05
1230138 0.00451438228985786
228889 9.13829989531295e-07
188744 9.66283487828008e-08
1055142 2.10825488253384e-07
151959 9.66283487828008e-08
1304016 5.37316913059018e-06
167703 5.60716022063738e-06
1553267 5.60716022063738e-06
280433 2.01844322453789e-05
195897 3.9698782688331e-06
1441040 1.36446339211961e-05
1505701 9.66283487828008e-08
1109859 2.01844322453789e-05
1198992 0.00147270287816517
126665 1.46714229326423e-05
1070945 0.00100067218676142
1590829 4.52362569976873e-05
1324083 0.000136420874912157
34492 0.000544698335901507
1281446 1.36446339211961e-05
1427786 0.00147270287816517
1067099 0.000223129263747851
1427254 4.84582568976263e-06
1061007 0.000117703025523518
168616 8.72250854963759e-05
12900 9.43940835873671e-07
1476053 0.000208548572980246
226464 5.46314202297126e-06
361797 0.0010574885235809
18473 0.00152619672583943
152770 5.55768005149542e-05
196082 5.55768005149542e-05
1536663 0
19950 4.66848239810275e-05
1359526 4.05376266814266e-07
1137240 0.00100067218676142
1490531 3.07880589296581e-06
1324131 9.29519749371162e-06
1572938 0.0001807797053754
1181363 1.57494576481826e-05
198824 0.000138693655702372
241198 0.00125634700411863
1216413 3.91246031135221e-06
1483280 2.78052350171408e-05
1291539 4.39594001499977e-07
1288026 2.59678197459672e-05
29877 1.06364292996492e-05
32079 2.02692542323077e-05
1363881 4.39219767194549e-08
1496931 0
139693 4.52362569976873e-05
1017024 1.80345927356879e-07
198159 0.000232601798592634
1367276 2.01844322453789e-05
284407 2.95785403303612e-06
1550529 0.000200275708503886
138838 3.48092169767553e-06
1133941 4.78109972413662e-06
154129 2.01844322453789e-05
1573875 0
1328441 0.000544698335901507
1402026 0.000161087129321294
390449 7.47026100540436e-06
1407290 0
1455353 2.68175204790586e-06
1499406 0
1271868 9.13829989531295e-07
1345308 2.80661431237317e-07
1101906 0.000620487521994799
1404461 8.07575916722251e-05
1046120 9.66283487828008e-08
1167716 0.000149314749377574
321891 3.45191599433538e-06
1231596 2.83199380777096e-05
202709 0.000138693655702372
1333602 0.00519168364317847
1379641 1.15941045582177e-05
1081697 1.9376333402015e-06
1287445 1.70824476332679e-06
1539476 3.17512299578746e-06
1243178 0.000252485304249712
1134141 2.82018663414256e-06
293738 1.33910208984137e-05
1038800 3.79998301917817e-07
1454521 0.000428568160776356
100963 0.000138693655702372
406585 1.06364292996492e-05
1031248 1.95326338967393e-05
1578276 0.000997718805642121
1379402 1.33910208984137e-05
1324225 0.000889750205693059
192251 7.22909679735263e-05
1176007 6.22666172184165e-05
1306044 1.95326338967393e-05
303176 1.57494576481826e-05
1547865 4.3941382660073e-06
1079425 0.000232601798592634
1122032 1.36446339211961e-05
190308 0.00184968198288773
1424723 0.00152619672583943
1046170 2.43152381068744e-05
28971 0.000146108587410058
1262825 2.0606375503793e-06
1343586 1.7523195765276e-05
14678 1.74399977478184e-05
1298060 1.74399977478184e-05
1390265 1.50790667590887e-05
1567768 1.03841354075165e-05
1272879 2.0208702625434e-05
1191820 1.74462301619589e-06
1307463 4.84582568976263e-06
29701 1.83895189923004e-05
1334253 1.09506220551265e-05
1249007 4.39594001499977e-07
1267077 2.87197252670718e-05
1022237 2.78052350171408e-05
143869 0
1281924 0.00191717160857569
1037399 0
381160 0.00016855497785858
14306 2.43779312496056e-05
1384445 7.60898578038734e-05
1284763 4.29537259477881e-05
1088012 3.10273568762419e-05
214953 9.69899435599233e-05
1027884 0.000114933308377355
447259 0.000166052966422973
1243072 2.94431642769694e-05
1472335 2.6239114914373e-05
1090175 0.00011872135725365
1474056 3.19940010127493e-06
1119980 0.000137228242902137
201933 5.37730226003817e-05
1249625 0.000531504368186511
1275811 0.000207643034442684
1402406 1.74962571384455e-05
1194072 3.34670111762514e-05
321573 3.73429892785538e-05
1000097 9.75001308943912e-05
1188775 2.04221442162438e-05
19484 3.62203481901215e-06
1157180 4.57902553062097e-06
1261265 0.000145732852954375
1300873 0.000150026292819643
1107878 3.29653938133461e-05
307304 0.0014793240841283
1161336 0.000133014786948931
1057835 0.00052587574581252
1118338 3.00924714337212e-05
1335646 0.000100931223289486
1354159 2.02837105119207e-06
1217607 1.68406287634918e-05
1097819 6.93366265246846e-05
1103094 0.000325967031348205
1421503 3.19783978152579e-05
146346 5.69952919026736e-05
1253115 9.4520914521337e-07
1160004 0.000150783819646611
1033951 0.000185447773212363
1328585 4.03603227728209e-05
183482 3.78899077080919e-05
1084145 1.29551265348794e-05
1490511 4.97220427724824e-05
1073680 4.04292809220279e-05
269267 5.03368693994606e-05
127723 5.41767692804441e-05
1037994 0.00028116873979385
1265630 5.10063923740928e-05
241975 7.56884839616027e-05
1165707 0.00120635165219149
1355157 5.27600238792328e-05
1231783 0.000134228920773205
1450832 5.1365863826501e-05
1316328 7.11752951240315e-05
1468072 5.33437191318408e-05
1503217 0.000462901153466213
1343653 4.89537089686083e-05
1238433 0.000366581597853515
1481076 4.7002567763751e-05
251029 1.92934780804405e-05
1414970 4.96406512066397e-05
1025670 0.000279390378603774
133894 0.000125256055672286
1593272 0.000194366719066604
24366 4.23423020001474e-05
1257238 0.000236975650924493
206928 0.00088105217175175
217148 6.92281560924148e-05
1334656 2.85453628271696e-05
178892 0.000329124225815631
1231479 0.000377441475086353
1507064 0.00947345271712647
1516766 0.000303311404741958
129213 0.00129238954578625
1336186 7.99019792514055e-05
10535 9.13610658518033e-05
1284323 0.000697623361572652
1198944 1.6634183352622e-07
1039740 0.00182832288570484
232133 0.00273508852187834
1340580 0.00114653172843006
1313235 0.000875868718788726
1081479 1.24758689146538e-05
1360498 0.00109973870558834
1069156 0.000263282295222285
1231390 0.000604457669138793
1047910 0.000882783050165995
1137080 2.574796322597e-08
151542 5.54479743758183e-05
1165956 8.16125318382236e-05
188413 6.88341093009675e-05
1547284 4.57909689174379e-05
1057439 9.01734173579611e-05
1080949 2.27600459814546e-05
1258923 2.09064960080519e-05
1380903 0.000384282543441793
1338620 9.4520914521337e-07
142591 0.000491164141207733
1488678 3.277897294186e-05
106305 0.00141571417514826
1549007 3.27668165387041e-05
1216633 3.14013569184664e-05
1521875 0.000130154715591639
190473 9.58501022985828e-05
1432913 4.50935529313032e-05
1193925 2.50570808842468e-05
1186030 4.31309997518697e-05
1490539 3.06542158847472e-05
1342711 0.000323414333894204
122476 1.05145802463068e-05
1478628 0.000100006583786148
1402311 4.42302092432108e-05
1076297 5.5011798492561e-05
1129480 0.000210870420285475
1553335 0.00968890926869786
173198 6.40737250264228e-05
1566957 7.31615738888623e-05
1435003 4.52620364691921e-05
1204019 6.82416774442528e-05
1371865 4.01159172943963e-05
384547 0.00128665096303152
109026 4.65486866101095e-05
1580257 6.88964397968171e-05
1201198 7.31735029445982e-06
1137034 0.00049549247247964
1530448 7.90996051210588e-06
310061 0.0019765888322677
1102682 7.95449732224195e-05
1417713 7.82774199723869e-05
126366 0.000117927239578953
1044156 0.000237849560374975
1050452 5.96936610317334e-05
1511951 0.000616456755018921
1039631 0.000399559099584235
1220472 6.82500644964542e-08
1291102 0.000131987154610028
1584731 0.000319066093194048
1457505 0.000240370835559621
1401547 2.54697077827977e-05
1065323 0.000109260624276116
1409337 5.35551208097193e-05
239714 0.0017250394084124
1303397 0.000154371279769554
1220197 3.93102356392983e-05
1076100 7.18019174673518e-05
1444517 4.32191513818231e-05
1075690 0.000286880863018437
1036602 0.000192012544058867
1208876 2.40752883534961e-05
1362934 0.000196850045018164
1278488 5.44532385830738e-05
1153180 3.3163263639332e-05
1344147 0.000683719724816645
1362560 0.000243658457750233
166091 6.82416774442528e-05
106673 0.000108014038518824
1097418 6.34827118648448e-08
1040147 3.29013089895795e-05
159279 2.24632606752202e-05
1014791 0.000618410292013705
1276742 0.000115143788957172
1347665 2.18745272520278e-05
1172609 0.000301054569941302
1324778 0.000661428986261545
1576187 0.000117039722016383
138230 5.23653956134228e-05
29368 0.000280976854858414
1578110 1.84413473535905e-05
1580281 4.21947112690349e-05
1498777 4.64005673559007e-05
327376 2.98355150288267e-05
1328681 2.59541821259119e-05
1125378 9.20110222417251e-05
1231437 0.000142603766636147
1067446 0.000305590480479561
1014803 0.000380741739094992
1435390 0.000156524501798043
1322070 0.00575881894480554
1251627 5.64422310963408e-05
1040832 7.47704915339324e-05
1309299 0.000360628440139837
1345916 8.20058655663432e-05
1213746 4.69695747653173e-05
110870 0.000230776217875192
257029 0.000255692648477909
116856 0.000222019482653522
1524262 3.49934895151799e-08
1513671 0.000133947474686994
1019851 9.57108779818363e-05
130953 0.000243658457750233
1239832 6.68379069407448e-05
1391918 4.41536187510981e-07
167736 0.00010865907076133
1343612 0.000382634616404586
1019738 2.45889120776229e-07
1572304 5.01703921254543e-05
123352 1.69775715045644e-05
142016 0.000488170117384753
1356909 0.000100262537403837
195877 3.35371364520033e-05
1324541 0.000165749666148521
1451049 0.000232934307980749
1032252 3.93102356392983e-05
1181941 0.000348998496811082
1577487 0.000139803381739401
1156431 0.000143453550932146
1179841 6.06185173658821e-05
368357 0.000514664671502948
467210 0.000346624946627438
1092308 0.000182107319553443
304040 4.84366375127276e-05
1549429 8.17374099149155e-05
1521826 2.08774546112648e-05
101526 2.56294619943501e-05
1073065 2.72646455730724e-05
139039 5.61140413597712e-06
1153826 0.000168749284217198
1283907 1.64154931787205e-05
1223740 4.28748270757882e-05
157011 3.14428938284192e-08
293983 0.000208250259876891
1104745 3.73842080800417e-07
1533653 0.000318603381776827
1241227 3.63947219465915e-05
542446 5.65931242223235e-05
1014513 1.04951176160433e-05
125352 0.000136799183811083
28072 4.22128092124837e-06
1404887 0.000239136860048224
483631 6.85182836823497e-07
1067027 5.00808922228491e-05
1141860 0.0021018805051113
180089 0.000222016824030533
134123 1.05319525599357e-05
179053 0.00130579595342471
193218 5.47984421533897e-06
1330531 2.25035835908303e-05
1486371 2.36361838180216e-05
1442290 0.000318899904169276
1067380 0.000318899904169276
134676 6.6552995242024e-06
1237488 0.000168445660047225
1291774 4.40033545891081e-05
1257385 0
1076438 1.39639169094823e-05
101390 0.000498270189230492
1112722 0
256636 8.18438150737215e-05
1480256 0.000196429482208486
1504905 0.00026155706391373
1575896 4.13310798142647e-07
140454 0.00028127347089408
1331901 1.24078303801088e-05
1539730 4.97009417981888e-05
126052 8.31277854380979e-05
1423808 0
223295 1.39639169094823e-05
1232562 1.34126457495963e-06
1015840 0.000633903142319201
1426034 2.36361838180216e-05
1544749 0
1477940 0.000120984325895333
387848 6.6552995242024e-06
1572253 0.000160116102805885
1313359 0.000123898357050887
166008 0
1343311 1.34126457495963e-06
1309339 2.48006028448355e-05
187361 0.00125874813639805
112817 0.000245004991474372
222309 4.97009417981888e-05
1059183 1.25027503630365e-05
1082267 0.00020038916841122
1285759 0.000675115186454442
371991 1.67804710445811e-05
147774 5.76264869957478e-06
1216259 0.000150848681820538
1495488 1.39639169094823e-05
206162 1.70111696841742e-05
1142510 2.79199201165967e-05
116922 0.000127078203823421
110598 0.000823804012674779
139581 0
105927 6.9996418855881e-05
1324229 0.000369650005840065
250250 6.34622775671936e-05
322510 0.000968794733766714
1456229 9.14543648058326e-05
1103665 7.1225827330643e-05
1337124 4.97009417981888e-05
1016891 0.00117210533753796
125331 0
277166 0.000187642965966188
437682 0.000609371240700847
1011781 0.000489622347790051
197701 1.70111696841742e-05
1327810 0.000136760504223836
1078931 2.75366757180348e-05
1495883 0.000100944553259196
126755 0
26915 8.3880424998341e-05
305993 0
1439340 6.63497989556434e-05
147503 0.000176461177434434
301705 7.16019431618331e-06
1173058 0.000175226968929828
17253 0.000143715582753564
1032206 0.000503665155846296
226766 0.0002523581094393
1373444 0.000659854945697115
1173326 5.76264869957478e-06
1521867 0.000216780868377623
1382567 0.000109631525131204
108764 0.000450399626723358
1109442 0.000246716600798824
1174848 5.33233950019479e-05
1004079 0.000904398014093054
1514637 0.000216780868377623
1423477 0.00087809870121626
1264793 0
1247509 0
1206902 6.15034164731222e-06
1097970 4.2138744464645e-05
1566727 4.2138744464645e-05
1184305 0
1187334 0.000412082854213775
156548 3.61481108160522e-05
1006694 0.000100462633425156
1046292 1.70111696841742e-05
1379795 0.000450789018116088
1367195 0
1205975 0.000151599796683149
1212992 2.25035835908303e-05
1047922 0.00028127347089408
280124 0.00025046068004502
1416206 6.39867456335128e-05
1184084 3.6244583146468e-05
1030935 6.6552995242024e-06
1124768 0
1485552 0.0010430744338965
333662 8.65933584737495e-05
149378 0.000188463214843269
187739 2.36361838180216e-05
1210079 0.00115927988031629
1362165 0
141955 0.000271781362306244
1422171 0
128751 0.000321605624517062
135259 0.000215789352702769
1473819 0.00052576877904653
190415 0.00014541639193767
1178561 2.76708453332563e-05
1088048 0.000230613177331975
147099 7.50610266903839e-07
1173230 0.000480918001962923
1032742 9.85430632632312e-05
1102483 9.46873445820686e-05
1577069 0.000143715582753564
1545461 2.75366757180348e-05
1509057 8.18438150737215e-05
1280871 0.000120984325895333
1390903 0.00025046068004502
1020090 0
164468 0.00112152055323942
1524709 4.72452570871603e-05
1471645 2.25035835908303e-05
1039580 4.72452570871603e-05
1196837 6.6552995242024e-06
1317979 0.00025742888530108
340316 0.000511732533892678
180677 5.35110019702942e-05
1404337 5.33267973128373e-05
202456 0.00014541639193767
1382593 6.15401556216664e-05
1424597 7.33192597884083e-05
349051 0.000738658702544954
1471782 0.00026925505038397
1049080 0.00018491084224696
1210224 8.3880424998341e-05
1290110 1.24078303801088e-05
1300800 0.00176972456266228
1233509 0.000230613177331975
149336 0.00101990565787333
1361972 1.71643929937014e-05
1230916 1.71643929937014e-05
1458450 1.71643929937014e-05
1145489 0
1585007 0.000686029457451908
1288889 0.000858496619788373
1507642 0
215210 0.000144753199611672
165217 0.000722295024496837
1457702 0.000448455364080002
1445883 0.00108980620428343
1095490 2.04166837848126e-05
262328 6.07356355274951e-05
1189423 0.000156963064444805
1060285 0.000141202515963545
13728 0.000427144040745458
1237009 0.000357471478949027
1492695 1.95496008956964e-05
1264580 0.000147593804659877
1573747 7.20939617759494e-05
1196252 0.000198657795086533
114800 0.000243778364855125
186922 0.000281100336386848
1126903 4.14533650541074e-05
1549980 0.000368525886983186
187754 0.000243272809163606
174206 0.00028776965426531
1585643 2.87486044797381e-06
136563 2.32362309373627e-05
200905 7.00187967076286e-05
1457729 0.000136546226448247
1432286 9.9782056206083e-05
1242955 0.000259643803449636
1259319 1.56637026767297e-05
1269406 0.000239225909585551
261401 0.000377475467612986
1496973 0.000370887947007494
1000325 1.71951217509698e-05
1510886 0.000253024675865049
1232544 7.16707509551681e-05
1374147 6.6710026061287e-05
408135 0.000191401773010471
1062574 7.45596882430229e-05
181819 6.37233512525916e-06
1344740 0.000147193925532905
1059112 2.69190848129761e-05
464563 0.000349603425382901
1065337 0.000244484398116522
1528725 4.68151872569744e-05
1201384 1.32787252815687e-05
280931 0.000240970530211961
1309585 3.37050512885869e-05
321704 0.000108610929841485
1394602 0.000159373633571697
1538577 0.000141177411493918
1315948 9.24390626721927e-05
1295213 7.90918120056919e-05
1542287 4.05843823110994e-05
1435000 2.26952282977415e-05
419786 8.37984102659378e-05
1000551 0.000148784620088656
1143891 0.000482954967242863
187989 9.497122669248e-05
1301431 4.10757493164034e-05
1384664 3.96318383116342e-06
1021764 7.56713412834147e-05
106064 4.81424778367385e-05
1264857 4.98703601752499e-06
1458381 2.13195226286531e-05
1519936 7.80732326648242e-05
1435570 4.51918191261241e-05
388438 0.000345094314735831
229969 0.000265424681868967
1223858 0.000396510750204254
222723 9.74623565481917e-05
1072995 0.000304233018987606
1306521 0.000257831453762427
1326991 0.000320004435937163
320981 0.000816504570236807
134693 0.0010305534640958
1437855 6.21602629686906e-05
1171069 1.52093192009595e-06
1376989 0.000512276765227484
1029795 2.876398090594e-05
1515396 0.000153277569184596
1063374 0.00159906245330761
126271 5.18062839810927e-05
15050 0.00010412558898867
273879 0.00164087636287761
1165163 0.0003086090868014
1536382 0.000300694483320032
159049 0.00124834125587983
1121004 0.000673960444378748
253376 0.000629297515641987
1392321 0.00165355333212812
1236074 0.000884307598589933
1517527 0.000235917218292061
1263382 8.03003941127112e-05
1146341 5.90424261881648e-05
1579713 7.12168105490452e-05
43914 0.000167636441500117
1590064 4.17045831276223e-05
262892 0.000161604790443362
1129503 1.56313075542421e-05
265301 0.000377022516613695
1121141 3.29603349471704e-05
1379593 6.7857158790147e-05
231108 0.000955126738008
139056 0.000156261523826973
1388763 9.93510178457236e-05
1515177 2.23885200489621e-08
460707 2.64726864517733e-05
1549112 0.000135066411408474
1096511 0.000120916827675945
1016463 6.55565524402887e-05
343300 7.32173974235919e-05
1114468 0.000142910034606564
1591127 0.000179156013322795
1223476 0.0003995358971895
1246155 0.00065023076002654
120521 8.39289104884274e-05
227628 9.91524328847522e-05
1013518 8.325562375577e-06
1076130 9.04516638807921e-07
1574680 0.000159398117504263
1436974 8.4663609856265e-05
1333344 4.58872138984121e-05
1310214 6.49333056625234e-06
335424 5.44845400255455e-06
189660 7.97768647262509e-05
2004 6.26600276613709e-05
1012462 2.15255129118793e-05
345177 0.000565689401766465
381332 0.000129780010089507
1425711 3.92477300360188e-06
1296643 0.000202638169594652
133604 4.91678653290092e-05
1545422 3.48879833078402e-05
267125 2.73962401415474e-05
190204 6.88421092003433e-05
1144572 0.000220798441056427
1199267 0.000134938620076355
1522750 7.62079609537642e-05
1498479 2.79115139810356e-06
1089861 7.00565730299573e-05
1260190 2.6272336478605e-05
1159945 0.00051350679269117
1387902 2.41298685426987e-05
1145907 7.69080920383607e-07
1505506 0.000839827349895176
1201890 6.50687576796529e-05
270181 9.55133581200179e-05
1385868 3.63351816429637e-05
1308726 0.00166115804538028
1487881 6.31258200908943e-05
1155274 3.67180706170032e-05
1442523 6.87774765784818e-05
188081 7.3468299941642e-06
132364 0.000163400348611181
1494922 0.000388967253568535
1470462 0.000327958450315533
1322750 0.000346446745628213
305348 0.00650856270107686
382452 0.000292251173851071
1345215 0.000297214956138251
1515334 0.00028853084564105
1209949 2.54464778057546e-05
1450990 5.69145341451058e-05
342496 5.95472135258594e-06
1326910 0.000288345092049146
1052874 3.28350729558184e-05
1348831 0.000177461976452932
162575 0.000377956124041884
1158374 0.000424180391705537
1255392 0.00109379205937226
1279743 0.00131749039421518
1494595 3.1646525989097e-05
340749 0.00130305967327567
265118 0.000966906193997738
1007754 2.95419828857015e-05
1251267 7.88646800180439e-05
1467435 4.70669512784667e-05
1197600 2.44753677477233e-05
228510 0.000143237312732691
1211460 6.02214637439179e-05
1369359 2.25208827653897e-05
1340389 2.0021885533008e-05
1225863 0.000121740439901987
1466327 9.56374371048584e-06
1109044 6.22343720991089e-06
1383618 0
204123 4.10897747383345e-05
423096 0.00011709877471609
294275 7.71677086850388e-07
174604 5.35621616176937e-05
1499237 6.18623411515916e-08
1143540 6.49653745588322e-05
121331 0.000622989872058419
1405180 8.02002170032783e-05
1329458 0.000368809050637293
1296852 0.000354887704713598
248220 0.000292255533554171
1238160 0.000445728069246846
104311 3.42459123703409e-05
1487158 1.03653194202507e-05
1526942 0.00053214997676674
1148319 3.23503406781768e-05
1462033 2.80404534163373e-05
347029 2.84876673318389e-05
1426017 2.716959003708e-05
1150853 0.000344544355610004
109511 2.97330422162693e-05
25020 8.17273034461174e-05
1476832 9.6763330374083e-06
14217 0.000147094123749784
1535825 8.93274613800863e-05
1144945 0.000134642109728757
152768 6.35778721987456e-05
1040026 0.000109243199793428
141669 0.00023863376358766
1018420 0.000441982935331354
1347274 5.96647073922261e-05
1158111 0.000123175566538591
191652 0
1194794 0.000148472375389528
140719 0.000214646972929847
1205830 0.000101486893110155
1528647 0.000128378276272256
1575568 1.29178349033513e-06
11287 1.59127231329203e-06
1438576 0.00013734429584111
106394 3.14370451811986e-05
197773 0.000116851021907835
1254464 0.000595464249210225
1089598 0
1014696 3.25863219349825e-06
231134 0.00024857778428588
174470 0.000108721829092921
1267398 4.44181802373397e-06
1288448 1.00150340946248e-06
1122748 6.25691343962318e-06
1413375 1.23022884076252e-05
1091141 0.000108821705661342
1251721 4.30553989508959e-05
1533352 0.000118646138067668
1453884 0.000588447280571836
240318 1.82338639882989e-05
1442085 4.66553898892139e-06
1520874 0.000256526998634093
1379925 0.000195810982738096
1308709 1.18942584780775e-05
1093747 0.000251979609990609
1532929 2.898565323257e-05
1041054 0.000438157240205611
1156628 0.000379072767854661
1456408 6.30873250805242e-05
1259858 0.00023652673364974
1307648 9.44221212463356e-06
1510043 1.44649725978215e-06
1222444 0.000119975160754383
1178449 0.00139160996710074
1427845 1.42241145976337e-05
1299699 0.00406719774075197
1325703 0.0010920636709772
233957 0.00251112577371821
1437691 2.69297956383088e-05
1019879 2.42727153036085e-05
1239838 0.00118818475913391
1230116 0.00135487857318842
204112 0.00111389878310351
236641 0.001449533409451
1463652 0.00121555229372898
1194276 0.00138889150085249
222903 0.00126796667455193
1532305 0.00119820968048111
1336725 0.0019309294479475
1155876 0.00107741876899243
1327446 0.000186135863042667
1191562 0.000264269720885857
1397978 0.000867914259219723
1256030 3.37050512885869e-05
350978 8.7371918005566e-05
1482791 4.60649036844269e-05
1027027 4.51918191261241e-05
1297202 1.25896981240717e-06
1401335 5.10144504407394e-08
1546098 0.000161781186127842
1010589 4.27633497897159e-05
1063656 2.48372625135972e-05
1198959 0.000117873555816273
291345 0.000853130979230578
1048439 4.83060773827348e-06
1577647 0.000114166083685831
1336853 0.000258727683951427
1160200 0.00515754790437123
1498029 0.000171105749107191
1497587 0.00378160373461183
179993 0.000305901549416501
1541911 0.000306393341046141
1266608 0.000261170014917321
194793 5.35618903465672e-07
22278 0.000213851594516495
139040 3.36039193829532e-07
110510 4.63825897586594e-05
228076 3.91335115848371e-05
1221743 2.61640207414669e-05
187743 6.88421092003433e-05
1246382 0.00328970027600691
1356899 4.72515295541719e-06
1244550 1.31982369495481e-07
1437990 2.91777081770881e-06
1188867 6.48568025008304e-05
1197684 3.72750814896447e-05
1218147 0.000226234814750323
1367116 0.000101936803064725
1546550 0.000397837631712034
1021828 0.00021082262602435
1164346 9.52035138512193e-05
1096123 7.97236187036876e-06
1158155 0.00282366056698145
510687 0.000219522107445703
1252515 0.00010472431923818
275377 0.000280775447322765
1384493 3.18359150621644e-06
1046699 3.18359150621644e-06
1394000 5.26782807577264e-05
1168511 8.73133609329999e-07
1132188 0.000325463941526072
1480701 0.000229993373341797
1586248 4.44886727663323e-05
1307623 1.09623085681184e-05
1096328 9.76361573996223e-06
1158132 1.19895912425871e-05
1163511 2.24035525766836e-06
1140758 1.17198693114955e-05
115324 6.04012194891166e-06
1546820 0
1587818 0.000455478670228666
1323174 0.00038289622925007
1400224 0.000120643530142348
1396814 1.58648941125842e-06
286827 0.000420004691807598
1062226 0.000205956310516375
1070302 0.000102102669913076
276117 5.04256461374181e-06
1487499 1.88624580254622e-05
1314187 0.000135201514398827
1255580 8.74172665292828e-05
1289842 0.000424765184298496
1488180 2.46153323917173e-05
1248724 3.28085217443734e-05
1081069 3.77682796746487e-06
1041221 0.000183642627756832
205120 6.46356604073862e-06
1360221 5.71823740278328e-05
1083370 1.20151649985927e-05
1423641 0.000200150399209351
1071460 2.25873112820857e-05
1395052 0.00035990639809294
252946 1.10094525981815e-05
1306992 4.73096248125836e-05
1052196 0.000462412722386376
1378147 0.000596482414643619
154448 0.000129047197199764
1514333 2.11274499529959e-06
1204693 0.000429726365698248
1003851 8.73757034026706e-06
1528699 0.000225719240630444
1545839 0.000478717606686993
1451993 0.000244673588525805
1311907 2.13175048585084e-05
1482867 1.12971823837159e-05
1052991 1.24710946503563e-05
1045713 1.2457008510665e-05
1574189 2.06796960245273e-05
141266 7.99033495281786e-05
287462 0.000275353220391612
1400584 8.13948065321772e-06
1448682 0.00018269759745949
1015576 0.000212132171719619
1423113 8.16777161335428e-05
1225754 0
1456052 4.67338474654581e-05
1471356 0.000120483540692941
1276480 9.69933756904483e-05
1197900 0.000108150597066864
1136405 0.000234762721923156
1115453 2.54597782624284e-05
1430604 0.00106763957116835
1143973 2.29484548074507e-05
278719 0.000307105638755202
1389712 2.17962780185241e-05
1523162 2.65483589544735e-05
1014974 0.000841921641099665
1446837 9.26704866547679e-06
1001269 0.00285930990224706
1495902 0.000126733800763642
1036034 0.00020917591788558
1147327 0.000171868621509696
1301864 1.63515813283178e-05
1263051 0.00058906891846413
1122180 2.40297831621263e-05
1573578 0.000156896935179722
1279347 6.74315740039224e-06
1544006 0.0044060330255636
1204041 0.000516076796392361
1158892 1.78885480499613e-05
205123 4.08337521104482e-05
1028823 0.000197886548782532
1005609 5.51634679786254e-05
1518048 1.39162406285343e-05
1193640 3.4239729110054e-06
1209637 7.14711083222743e-05
1115665 1.1254446404283e-05
158438 2.891339139587e-06
1140174 7.09584761456998e-05
1111893 6.42155077429277e-05
18296 9.73201378200979e-06
137627 8.87010024799649e-06
1159493 0.000195352938658519
1471890 8.38445139238893e-06
1547749 0.000223671996898293
1439734 0.00103932377875076
1326618 0.000411284732896096
203402 0.00089211147667307
1372739 0.000429379649758222
1461801 0.000827609718537563
1532176 0.000909758686794138
236096 0.000164458704881047
1070483 0.000638164311669706
1295401 0.000780489235252903
129682 0.000635753250959672
353259 6.86734495696873e-05
23027 0.000622642403000897
1263088 6.94258925192681e-06
1478841 3.14960049117596e-06
270277 5.56896994187885e-06
1537303 4.86508701393382e-05
1546106 1.22174000005708e-05
1179017 2.36831341138139e-05
278714 3.32704860548781e-05
1347133 0.000190582110337557
147473 9.74059317457836e-06
1108942 8.40676771863716e-05
1147695 5.2247490817048e-05
186389 2.28295760086399e-05
1206469 1.02542011090026e-05
1173390 1.92292455632513e-05
255519 0.000272248741183284
1301935 5.71183323489296e-05
1531501 0.000413852815885313
1568533 0.00088996124664202
1509822 9.10192986813028e-06
330082 0.000188286141075926
1344141 0.000152521758019804
1575488 5.48920464346092e-05
1559295 1.53819031700985e-07
1194977 6.93740458025792e-05
1100715 0.000163496258028777
1573211 4.94931346045395e-05
15395 0.000108182394992853
1383255 0.000598418181336671
1018144 5.13650565751195e-05
1017146 8.82135221687058e-05
1569837 0.000202059087533537
1463965 0
159577 0.000322915322994267
1152742 0.000199275515274043
1457770 0.000440747866573633
1183827 0.000508895917614856
1131353 0.00155273850160578
1213477 0.00188999110661188
116289 0.000378150875772512
1317405 0.000468248569602118
1561941 6.36902493608214e-06
443613 0.000280094314257311
104397 0.000213334474334679
1262074 0.000288583349165317
1104998 0.000952155105933186
1291352 0.000336017929933383
210730 6.0952601378749e-05
1005669 4.64180616454027e-05
1167707 5.5618717375596e-06
251729 0.000188064157616607
1036216 0.000464859961551995
1383185 1.46121420149357e-06
1525108 2.41784206669373e-05
226794 0.00141421256178674
310430 0.00023614743380821
1165878 1.01123446842454e-06
1455969 5.71792186448869e-07
1453853 0.00011412182596378
1040031 1.9165988194313e-05
1557392 2.11544386132721e-05
1271773 0.000239689905702174
1443075 0.000127157887184316
1294058 7.23810029081801e-05
1272325 8.24876659524984e-05
1253974 4.91292108704406e-06
250164 8.79252868674225e-05
1012612 2.32250783832292e-06
108694 0.00042385296976849
1279381 0.000308494171963389
1159222 0.000233872382651929
1092851 0.000275664781098842
1281202 0.000189274881946418
1185643 4.97948004258859e-07
1351562 5.39778638171508e-06
1081441 5.19568608382023e-06
1413731 0.000411019465607394
380030 6.16080956654123e-05
1020109 9.32588556464405e-06
1488075 0.000131832544322173
1259378 1.56100145261129e-05
346981 7.75663812799808e-05
1510854 0.000135954064516588
111377 8.0121020543053e-06
174023 0.00030746965868301
1197479 0.000158904174738006
1033841 0.000128849557067062
1252673 0
15479 0.000136466570647173
131250 3.21126966829948e-05
144991 1.27503569767077e-06
1550798 4.68695110910436e-06
1363059 2.10813029943599e-05
1152753 0.000120055473343584
1220547 8.1573227274266e-05
180223 0.000126833553524235
1431488 3.23887704745055e-08
1328606 9.48430659426503e-05
1233007 8.53390380355628e-06
1290367 0.000254315482837149
1292907 6.24792767435004e-06
1536001 0.00029695321615528
1363389 0.00215361514173461
118220 0.000697112023267902
1408465 6.92083363537417e-06
1549118 0.000221522736519933
285586 1.50502282395636e-05
1476415 4.90640628308283e-05
11646 0.000318167584871272
1558984 2.62065513017382e-05
295751 7.53448296612496e-06
35225 1.65613001223263e-05
109376 8.54171184308452e-06
1301663 8.48698083509773e-06
1532845 0.00012712292021857
1020642 9.62666466433239e-06
143835 1.04027791682961e-05
1149542 7.82717958161207e-06
1140383 0.00026424038635936
16842 3.62086926723274e-05
102519 9.74586337148268e-05
127302 8.87067449529732e-05
1521621 0.00016816883036607
1567710 0.00011764691544871
1093999 0.000458313363092807
1012497 0.000126340972680795
1354648 0.00024627065494753
1424636 3.86336816011502e-05
1301467 0.000140024238709912
1282222 0.000670248738950426
1096926 0.00147052831660877
1288476 0.0010553703618215
1061916 0.00176057912956082
1530859 0.000209244142680365
1049249 0.000912555409847014
226016 0.000103849582532103
1048488 3.09386638936327e-05
1012719 1.72754224844349e-06
1087460 0
25990 0.000116308120117972
1419031 0.000386134263212109
1520503 0.000332716594177681
1311938 0.000626710260144745
242914 0.000528045948361375
1065325 8.79761656795229e-05
1149148 0.000234220824610036
1063970 0.000269674604126049
1088953 0.000331823874725166
1397110 4.65223596244907e-05
1391654 4.33397114256274e-05
162219 4.38331941370212e-06
410610 5.28889283552473e-06
1075625 0.000301786840509237
1288224 0.000301804463576751
1237155 2.03601039519915e-05
1255507 0.000721286907084836
1534322 6.00418108660724e-05
1444667 5.2123063702221e-06
1413290 0.00298548114827203
1125988 0.000471366708533403
1229264 0.000214788195007836
1239286 0.00164417890882012
195345 1.47075842779442e-06
1324216 0.000545648053831463
2252 6.44916492880695e-05
210777 0.000236705893871756
208246 0.00012051533310764
1303993 6.56729520312768e-05
34740 0.000381691443431403
1353010 0.000236870255202551
1431769 4.56826860032402e-06
1154999 0.000230420772660012
1286017 5.8494425788717e-05
1223614 0.000262779106329024
1021727 6.12335201359225e-05
1193812 1.06581492910744e-05
101307 5.71792186448869e-07
175606 0.000264972242869841
1210896 5.92699994517115e-06
1115388 0.000291331920188769
1250475 4.13229855013861e-07
1243090 2.50512095349211e-07
1481599 0.000275664781098842
1307751 0.000144995291297962
1323096 0.000402717322166735
23126 0.000247830398890846
1441997 0.000360787424027827
1035974 0.000351542659348106
1129445 0.000143774287993118
1074586 5.7517711270935e-05
1539994 0.000107993673668998
1536520 0.000555560906945167
1398359 4.01560803428472e-05
1431150 5.5618717375596e-06
223250 7.30743730511822e-06
1537866 0.00089662163365901
1526772 0.000369793477972906
1022222 0.000327019928023582
1325553 0.000213109049104402
108555 2.11317716833695e-06
1080652 0.000677972983476163
1578599 4.13635013569758e-05
1134853 7.73298064292375e-05
209306 4.11712206412552e-05
1122088 1.07381347456897e-05
1235868 7.29142329150025e-06
1476112 7.9065893981197e-05
1417464 8.97411864890799e-05
1292160 0.000338327623223946
129420 6.89413654680408e-05
1443955 1.02722400544001e-05
146353 0.00035629303684626
1332315 5.21662415888416e-06
1233082 9.19139884162459e-05
445049 1.88828516045949e-06
1048390 2.41118592535293e-06
1511012 0.000255713556987174
1051181 0.0013673425077552
1560756 0.000433919962954449
1389020 1.49191926257939e-06
1059731 0.000109991149636875
1305766 8.98025754502189e-05
1151555 0.000247257200066258
1419261 5.03690257085764e-06
1573671 0.000198741585435153
1332664 0.000231885311756977
322627 0.000120680892506492
131298 9.20307282062305e-05
1499116 3.05907023501034e-05
1398257 8.32786621832147e-05
128158 0
1516330 1.49196386641862e-06
1156054 3.43547358602144e-05
1547018 8.73941207618838e-05
1439511 5.75818077764165e-06
1002293 0.000111752186148822
1349994 6.72806057609997e-07
199194 4.42058696448266e-05
1451790 3.24773930049732e-05
1545888 1.65492494050618e-05
1421590 3.17090065355947e-06
1285920 0.000365061318258052
1299728 3.21486009561059e-05
1351796 6.77243326599947e-06
1390969 3.29672925628028e-05
1376803 0.000144525398678307
1589610 4.77032972422005e-05
202722 9.92638276910661e-06
123188 0.000385394797574132
144140 3.31362254530032e-05
225094 2.08999984004356e-06
1271711 0.000174167721539459
1347789 1.11254233759958e-06
1489318 1.56558316828073e-06
1132046 4.45810793808944e-05
1321785 5.61569139240156e-05
1038922 0.000117198922683848
1425681 5.31226301857816e-05
1474124 8.78247063810502e-05
207235 0.000303251667760217
1411551 5.78418080301573e-05
1027926 2.78430352270604e-06
1274525 2.13032992191721e-05
1248174 0.000402828618060579
1297016 7.78223803837021e-07
132554 2.44226681938917e-05
1362397 7.52098370651251e-05
1279749 0.000137550558503247
279890 0.00176380579927124
1118395 0.000183657423201624
1081515 1.4417937131552e-05
1575445 1.65492494050618e-05
1093033 1.33867424319417e-05
1358286 2.98767865526204e-05
1492910 0.000887806844076815
146381 0.000149356034941467
1422187 3.5113495174222e-05
153949 1.31594583157387e-05
1225424 9.19476394262336e-06
11607 0.000309924355247087
1172879 0.000524327425214352
1169683 8.04520845679592e-05
1354434 0.000130801173666495
1477611 0
1515212 3.34414905572881e-06
1541960 0.000301878638288034
1314363 5.81073153796182e-05
190789 1.31390600318409e-05
217933 0.000342691209687144
1278875 4.9180093578551e-05
275093 7.95379619961887e-05
1300953 7.38583673979547e-05
1475673 5.42508708070753e-05
1465410 5.05824847220409e-05
1520346 9.0967576988484e-05
1353491 5.76312446685625e-05
14925 6.7768123014613e-05
1140528 5.8762716458031e-05
1335643 4.72705978531233e-05
291259 2.53473212384953e-06
1360782 2.48811501244737e-06
1034919 7.70542685682708e-06
1257940 4.2711961023591e-05
1506135 4.83827235509983e-05
147544 5.44470832448265e-05
1132199 7.55439158047909e-06
1272078 7.1361409129139e-05
1350828 0.000123526624335392
197726 3.25273369338575e-05
184711 1.14225544183912e-05
1257225 0.000180403107247531
1493173 0.000227299559487861
1306453 0.000145904398616965
410526 0.000144330527527526
1112993 0.0017470606273915
1129741 0
1538116 0.00018736278720858
1196094 8.34011679859897e-06
147022 4.011637493041e-05
1483416 9.91041029438357e-06
1503467 7.06611997576569e-05
1411290 0.000102165815123983
1005568 0.000532473349092759
1553101 3.64698767902676e-06
261903 3.30092375084992e-05
1521787 2.71770931169275e-06
1243109 0.000101253313776813
1109178 2.84442560147392e-05
1406495 0.000327332678105511
1144668 0.000184590508816386
1582785 2.13048907676276e-06
1432115 8.35448346031121e-06
1159609 0.000130296857843669
1516884 1.31765930158365e-08
211728 1.07364768061153e-05
1020887 2.57610112329378e-06
1255859 0.00012990784261984
192988 0.000128794831130953
1537236 0.00016048839125763
1496507 0.00016278638530263
1148506 0.000197542918141335
100903 0.000289705618204818
1450221 0.00018936897012743
1148767 0.000227171072014331
1415691 0.000185640757336991
1250283 0.00013984375999135
208019 3.95744516521083e-05
1405453 2.41601679004165e-05
1193577 6.3924391836282e-05
1591307 0.000167693585733146
219087 1.71824812302748e-05
1546442 3.11563839162593e-06
1037294 5.94760346569419e-05
100740 4.23704294335291e-05
135022 0.000371579923046588
1274699 1.79945207301334e-05
1420546 0.000139464605618138
1253850 6.86061493963948e-06
305607 3.12732242515236e-06
325683 3.65606641477604e-06
1253852 5.50001500459949e-06
1553415 4.69922531831409e-05
1346657 0
1345693 2.57174394835869e-05
252818 0.000118016020668894
255630 6.9532902337583e-05
229186 9.06791413395733e-06
1338740 0.000140882530621532
177811 3.33053741389689e-05
161960 1.73712983650275e-05
261580 0.000312094414892268
1044994 0
1266199 3.52921664738402e-06
1449349 0.000178406979396237
1148105 7.01441871787498e-05
1366219 8.35418610116139e-05
1073941 2.6663419695548e-06
426272 2.7626006569855e-05
1009218 0.000150623379525782
1402036 5.71623738908516e-06
1231129 0.00015837328267983
1357711 2.1095515667592e-05
349146 2.6663419695548e-06
170804 3.40534653926868e-05
1593220 5.20386477682416e-05
123343 4.33537314332689e-05
1432928 2.12866539819126e-05
153743 3.55195308283531e-05
1361983 5.83057416063809e-05
1424702 0.000121262559139572
1113803 0.000528281319584649
1169188 2.3939400577075e-05
1454844 0.000150149449493752
112205 2.6663419695548e-06
260806 0
155674 0.000613424342785842
1006803 0.000108644190699969
166976 8.2753693858688e-05
1546313 1.35549386649819e-05
141580 1.78857337354326e-05
1284388 8.43429893146686e-05
1524038 2.28087576956843e-05
1377874 2.6663419695548e-06
1113967 4.85490551109986e-05
104490 0
196240 0.000290881989405581
1544836 0.000399915306331858
208341 1.600652725298e-05
404401 0.000113612929652668
123360 1.39903540260038e-05
1515660 3.72704592765425e-06
1095417 1.9374462996522e-05
1439559 0.000741894893163657
1295084 1.02607296787182e-06
114273 2.22764380345256e-05
1507258 4.39559518250539e-06
154272 1.48838175538225e-05
1310340 0.000278210584936371
1511617 0.000356828047933556
1266400 4.66447076839244e-05
1280869 0.000926578020873621
296283 0.00027040215424646
1383882 1.39618243748046e-05
1183918 7.22002631946757e-05
113328 7.2030619016416e-06
1567139 1.9374462996522e-05
189967 8.41899238270407e-05
1385907 8.38483815758515e-05
1196424 1.9534232155857e-05
186001 2.73767567672569e-05
1570185 3.21306998124718e-05
1478436 0
1236736 0.000106115731069424
1364918 3.1798366367624e-05
1211726 3.38502702191831e-05
109697 5.90519103616801e-05
1159892 1.52433489386071e-05
127246 2.81073195926446e-06
1192867 5.57892728101979e-07
1244644 2.01828136920637e-05
1472737 3.0559253192582e-06
1003085 9.3432939732499e-05
1214541 7.32263729505668e-05
1149958 5.88861438918965e-05
1449357 1.22297938422841e-05
1050492 0.000108012497376201
1500669 1.92160908934299e-05
1384129 1.76419034575823e-05
1022284 2.41380958757509e-05
1450861 1.7267603588809e-05
1154767 8.33588642970117e-05
1338715 1.18768424645838e-05
1490505 0.000209906355683453
1512642 0.000346476901129017
1559269 2.49896320385057e-06
386194 3.15624041827726e-06
1245804 7.02398588762446e-05
1215309 0.000119520148359488
1083630 4.01406068115119e-05
299283 4.69064518864621e-06
255256 0.000174039005867252
232099 3.39321637567228e-06
441642 7.99959255104065e-05
165977 1.47863246720756e-06
1160151 1.0930847245581e-05
1326687 8.34592237504436e-06
1050543 1.41422098528294e-05
155023 6.27698774942605e-06
1418910 5.89407094533429e-06
10876 6.79618742865876e-06
1236706 3.30564341705611e-06
1567339 3.12732242515236e-06
29138 3.12732242515236e-06
1151164 0.000148616468091253
1462312 2.38270379723404e-06
1024858 5.47618571002826e-06
1040423 2.38270379723404e-06
1119355 5.04307658346391e-06
151004 0.000983521435656184
1090619 0.000185948080639484
1430793 0.000278210584936371
1544759 6.0559244553982e-06
1579926 3.05854727744171e-05
140877 0.000113148700611183
1069597 3.73508387586454e-05
385473 1.34176559033049e-06
1207743 2.58205327035193e-05
1514808 5.44875752490337e-05
284342 3.05854727744171e-05
1477259 9.5630462572481e-05
1069261 4.75151778125796e-05
1302258 3.10016920598895e-05
1129748 2.80429850906255e-05
1287938 8.30592908553396e-05
1418128 4.94213990741634e-05
1115842 3.38873934064022e-05
1019816 7.19163914884805e-06
1033020 2.80301247392569e-06
1430865 1.20053133246307e-07
1400874 1.02076838202498e-05
1001346 8.628494646773e-05
148763 5.73088812346225e-06
1142740 6.38910392278882e-06
164869 1.32953291192091e-05
1242329 6.34012004595182e-06
181958 2.28712218913885e-07
1283667 0.000133700660031717
1244074 8.42037624629917e-05
1042588 0.000102345882880273
1163972 6.62821849399878e-05
1355216 1.60293200422661e-05
1347574 4.12273190957122e-05
1545531 5.7171472202426e-05
1320532 0.000110115885302595
142407 9.91931710054403e-05
1349123 2.37682709397312e-05
1466170 7.27224731959799e-05
1234307 1.75758807390588e-05
1339331 7.86325119002427e-05
1105664 0.000113283359768093
1412253 5.95293222005416e-05
1208372 1.21853629686211e-05
301612 3.65620220675893e-05
1238810 6.31290282046253e-05
1529680 9.18835644945153e-06
347854 2.23355365692626e-05
1118328 2.61852101466754e-05
1045383 9.4128599071587e-05
1028849 6.31671201194196e-05
1038687 6.0840373864359e-05
1109025 2.49354334924712e-05
143144 4.16390200851893e-05
1034041 3.87745026712165e-05
1186778 0.000317081087653371
1433117 4.98431406913267e-05
1343993 9.35994244016968e-05
1149650 2.99124894055423e-05
1104372 0.000139791148089654
1488491 6.4478076394444e-05
1271351 4.5884797421289e-05
1568316 6.83605379052013e-06
1446562 6.94850963727204e-05
1557666 5.76974127012671e-05
155828 9.4322825198654e-05
1440131 0.000114930980718756
1171840 0.000109916498571316
1460287 0.000113675148530196
1016612 4.3284093420369e-05
1081483 3.05345623077498e-05
1487626 2.19692692107291e-05
1171769 0.000123345918863214
1423452 1.13069845529253e-05
222242 7.23659864299344e-05
1410441 1.46621039748173e-05
1230868 6.10390217931726e-05
294426 2.61776799775351e-05
1405675 6.65789100182759e-06
245754 4.09617816285309e-05
1429632 5.60120068157283e-06
1017640 2.64564174394908e-05
152498 3.3912148561223e-05
1146801 9.67042920812835e-05
1569401 2.38229992384858e-05
233550 9.49345387554955e-06
142771 1.81773852699743e-05
1500425 3.171199244311e-05
18558 9.58729974246822e-05
109405 1.5645039085503e-05
378092 0.000187673512163652
1411945 8.53357351088251e-05
1460193 0.000108849845842992
1330964 0.000115955491343847
1541884 5.15287492311018e-05
1270072 2.41296854531162e-05
1426904 2.73199093796718e-05
1196760 5.21848390609001e-05
134211 6.9510247686806e-05
125643 3.06200517477796e-05
1509819 3.09651206887521e-05
1107070 3.71246944136721e-05
293151 2.95087205382872e-05
1253557 5.0335993237285e-05
164261 3.32458384134923e-05
1411129 2.78045802815068e-05
133713 2.52315457629411e-05
1175128 2.51061457063807e-05
1547102 2.61639925959841e-05
1312259 3.70094621368699e-05
217203 3.56836584390928e-05
107936 2.77969728081731e-05
1280604 2.46267446645784e-05
1067984 6.82385700157012e-06
1451371 3.27125057965671e-05
1525689 2.59056610348233e-05
1023322 2.84459206181176e-05
247756 3.19858347123901e-05
1591713 1.27039353970066e-05
2017 3.37409991365345e-05
1557132 2.4565366875097e-05
160999 5.57184388086937e-05
1441358 0.000107034441318594
1191487 3.48115550339982e-05
1381182 3.76064005481601e-05
1390208 2.7596152184842e-05
10426 2.77575220181109e-05
125950 0.000115549363357891
1182879 2.54467011796472e-05
1494147 2.59648299470568e-05
1001080 4.75061245122861e-05
1579760 2.61966940425979e-05
1402872 2.56241330696589e-05
1304728 1.295462261954e-05
1103425 6.2426448126356e-05
1083215 7.72558080733588e-05
1369642 2.9450020243961e-05
1326062 0
1354623 2.85927667198866e-05
274596 0.000110960292543921
1406180 3.04087407954335e-05
1254220 3.04098825736719e-05
1340402 8.7249835471776e-05
1255676 2.61899743145725e-05
353060 0.000115011976545286
1042208 1.15173863291452e-05
199792 2.70121276750346e-05
1290647 2.02557558485049e-05
317506 7.76324524894537e-05
192011 3.25337532318515e-05
1295359 3.04098825736719e-05
1447040 3.47379969389665e-05
1210140 2.80769971024459e-05
1324105 2.83424636459815e-05
1398464 3.34935487051608e-05
219752 0.0001072662657932
5786821411026593 1.00652457978577e-05
5786821412026461 1.05133430634545e-05
5786821411027128 3.09860899012862e-06
5786821411022322 5.2001123947958e-06
345848 1.16639494512645e-05
1248113 2.83241949489009e-05
1149993 2.77575220181109e-05
1540415 1.00652457978577e-05
179106 3.28476804135912e-05
1383713 5.51006967955402e-05
5786821412028092 0
1468500 6.6849427460282e-05
231725 9.87016995007662e-05
1482933 4.64660291786885e-05
1433590 3.78909501627487e-05
121037 2.52870871717277e-05
1131262 4.02662948930892e-05
1544922 4.91236550935458e-07
1568126 9.68164662084198e-05
253402 2.60752602160037e-05
1436852 6.13822648794622e-05
1150001 3.28476804135912e-05
1170672 4.74420767892727e-05
1265428 9.65823925847493e-05
1370730 3.60770089971105e-05
1561322 8.98270973520302e-05
1409551 3.69581332365209e-05
1457931 3.04564410368034e-05
1201431 4.76756794751712e-05
118328 2.4967342228103e-05
1108569 1.50340802941514e-05
1518358 0.000127218314659635
1475562 0.000133455746272207
1271199 9.57374228525535e-05
1563978 7.76660746972332e-05
1399785 6.05056851329619e-05
1254574 3.04564410368034e-05
1559291 8.94273765327183e-05
1223611 8.75119933712032e-05
1360577 0.000111653820556111
1212973 4.92858095032824e-05
317770 2.01503456718946e-05
1311873 3.25673884842654e-05
150061 7.75468410228886e-06
1209063 0.000138956106504789
208512 2.89734010246063e-05
223346 5.69718658584527e-05
1439442 4.72425024151028e-05
1093855 4.09586834504044e-05
1471777 4.97493690194386e-05
1517183 4.76740500995867e-05
241788 8.2672656756564e-05
1415372 4.75389306723871e-05
1157705 9.03785689111531e-05
107238 4.11704712095381e-05
1283179 9.4441821653649e-05
1507902 1.45930351273699e-05
1007600 7.29561101369514e-05
172618 2.20784414999917e-05
1005795 6.6694611783963e-06
181881 8.53108813421609e-06
1352511 4.82436694052116e-06
1182550 4.34724782324859e-06
1322805 1.92052603566206e-05
1054607 2.61446811026207e-05
1576214 1.30409630027388e-05
1442503 8.93352980693249e-06
101270 4.30976760215526e-06
1094439 4.77194429126209e-06
1328244 4.33256254824009e-06
1415239 6.46211253907721e-06
309581 3.38321106179375e-05
1040834 6.26048392614581e-06
1081432 6.46908870798479e-06
1290601 6.26855456788731e-06
1550588 4.26740661452822e-06
1340491 1.45068972944106e-05
1516277 4.65536209038757e-06
310277 7.01802326163263e-06
1097980 1.14274787347998e-06
115396 6.20313239428293e-06
1184763 7.45036841715726e-06
1023071 1.86600762952273e-05
1097078 1.52416551699898e-05
1338320 7.07704334889416e-06
1313688 8.72900921114578e-06
1214601 1.33953081500737e-05
1272472 4.1026052784125e-05
568780 6.61007169243323e-07
116158 4.10793053088163e-05
1277495 1.83712865238952e-06
1368539 7.38824623536169e-06
1027771 9.11893908062018e-08
1307600 0
1524581 5.00202703923952e-06
1032231 1.38664947967497e-05
5786821411025693 1.89052354135174e-07
5786821412027444 4.31097780280718e-06
5786821411023754 7.85786660010054e-06
5786821411029962 4.0460307642056e-06
1366374 4.0151597347824e-05
1536548 9.4434045969484e-06
1452417 6.90602328237448e-06
1170611 1.00590250464052e-05
16390 4.02709583423595e-07
302627 3.15703931185497e-05
1073969 6.59869670347885e-06
1005112 2.14715198328949e-05
1321557 4.85016153374387e-05
410243 9.23668454159525e-06
1001676 5.89021374350081e-06
1308418 2.67120983474479e-06
1387844 1.67620209571272e-06
1495589 6.81396753623087e-06
27317 1.13043865486583e-06
1110310 3.17741053350336e-08
1230364 0
1078779 2.46433851785104e-07
255200 7.3964715465289e-06
1458417 1.09923009670367e-07
1281618 4.26921613713102e-06
1307422 0
1508806 2.88140952375093e-06
1037258 5.77685307120852e-06
1251486 4.58545436951109e-06
308856 8.37314971513358e-06
1261564 2.71251480467421e-07
1113453 7.51594066497591e-06
1309271 0
1436752 3.16238232380075e-06
1386581 9.48687897078455e-06
176512 3.41537290970481e-05
1255949 6.48288376379154e-06
1155710 0
370241 6.46287370539175e-05
1303796 0
1134094 1.68660390602707e-05
164200 6.87434704722816e-06
274588 7.1153602285517e-06
1177085 2.37178674285056e-06
1036883 7.1153602285517e-06
381781 2.03973659885149e-05
1307103 0
1215717 4.50173028985606e-05
305278 3.74742305370389e-05
183994 6.73822020499329e-06
1471384 2.92408341847899e-06
118775 7.08098361927981e-06
1364975 5.57329374165687e-05
14676 7.39997463769376e-05
1583265 2.91993301230936e-05
340364 1.6760626316144e-05
1265617 1.35440830287178e-05
1303520 0
274016 2.4579442511077e-06
1098325 1.35191844342482e-05
149692 9.48714697140226e-06
108493 0
211174 0
36505 0
1118742 0.000396681214233181
1046721 0
1513967 6.79312206733547e-05
1025019 2.75914785038294e-05
1535222 4.31497436539607e-05
1387953 0.000298111083205993
19466 3.74742305370389e-05
1267254 0
1049840 0.000220101809736532
1456316 0
1321708 9.10118041150802e-06
1124931 0
1148691 0.000367451677257475
1380592 0.00014290593336832
240692 8.61514834358535e-05
1141632 0
1137647 3.95297790475094e-08
1363225 4.98270715498572e-05
1222877 5.77226376077169e-07
1220433 1.00765000408379e-06
1374277 0.000263268328456413
1178874 0.000282599386959696
106310 2.12607245096376e-06
279873 7.41516910955134e-07
102308 5.39042441556947e-08
1461958 3.74742305370389e-05
158091 0
1518765 1.64081452805199e-05
1092025 0.000103313627560848
1059439 0.000333273898473021
1313832 0.000224785759597385
1174189 0.000657544874144984
226278 0.000537819987163895
1221073 1.5441729168421e-06
1305979 0.000162027104673926
235182 1.11163609781193e-05
1163854 3.12194965867907e-05
199087 0.000895744793216563
189988 0
1566214 0
1504909 0.00426375595254669
1400574 9.45159424562875e-05
1134277 6.60956727870127e-06
1331789 0.00116850706331529
1198151 0
1099130 0
1592409 0.00140476375718377
1277939 0
1299486 0
1011958 6.35194542373835e-05
1005444 0.000143543173822507
1551263 0
135528 0
1065174 0.000142817788553186
1422448 0.000266715826986893
23986 0.000143582114410559
1227158 0.00252731873531084
232588 0.00271294203317806
127551 0.00165978677498599
1075928 0.00460079869433758
1046243 0.00163414549031797
1316850 0.00313204171252772
1581563 0
1332280 0
1290715 0.000272629358878543
1257739 0
1392078 0.00022647014104071
1317495 0.000405164612091896
1464379 4.38525492944892e-07
1239234 1.40605381678405e-05
1161983 0.000176296541938715
276586 2.56317999505174e-05
19492 2.68188995546057e-05
1551153 8.23798560306309e-05
1217758 0
1515031 0.000846987123854765
1525824 2.93882687445837e-05
317365 7.39265770745885e-05
214862 0
1532353 1.25380035162693e-05
12292 2.56054109998667e-05
152856 0.000123172349217289
253885 0.000402435815614295
1292898 1.89185657574589e-06
1489884 4.47938270424313e-07
100015 2.66872675772122e-05
1050100 1.64518102968436e-06
181087 7.96582760271538e-05
1093919 7.48020804126632e-05
1086108 0.00309185987610964
1386726 0.000327755389533659
1378744 0.00748838526399356
1225327 0.000107468695591485
190554 0.0145852671523706
1396580 0.000359246631983766
1579426 0
166511 0
1766 0.00014037770182036
1348640 2.70616772578703e-05
1496409 0.000684448395085656
1237553 8.54484213011374e-05
1322164 0.000388298860574596
1209900 5.11084106921531e-05
1192297 6.29450994167983e-05
200223 0.000538395590627078
1108502 3.65024623390955e-05
157817 0.000233786593342207
1268386 0.000142756374027222
398052 1.37129808790583e-06
1435978 0.00014868729631762
1319992 0.000172172479903492
1533320 3.66551336725078e-06
1499973 0.000514154980339014
1468224 0
1120257 8.57925722507479e-05
122724 9.01602468788962e-06
1048851 4.3109990499008e-05
1501211 0
1323439 0.000190449757366416
1136972 9.30701844481525e-05
1107058 0
1251009 0
1112725 4.46452677972146e-06
1393782 9.0807464838081e-07
1091080 0
1576185 2.43757942984657e-05
1393214 2.30591677729941e-05
1325043 0
167272 0
312525 0.000225655206855581
143006 0.00322801117369396
1427191 4.39219767194549e-08
1406185 0.000284503651664402
1386195 3.8004705471539e-05
1320478 2.01739472984882e-06
1199660 2.80168871544098e-05
212298 0
1317273 3.13381788739871e-06
1229936 5.50113150925698e-06
1089770 3.40843113226266e-06
26625 1.57494576481826e-05
245064 0
354610 0
1283528 8.66731559649085e-07
1059866 7.27259898150668e-07
1489818 1.75059030995495e-05
192907 0
1378074 0
1405114 4.1892269859702e-05
1011706 0.000133014786948931
1140518 0
1145636 0
1333241 0
111580 8.42979353564843e-05
177744 0
1140748 0
1081308 0.000321767061062114
1319831 0.000564591651138525
10913 0.00108980620428343
1017594 0.000968794733766714
111826 5.64845796481801e-05
158049 0.000215789352702769
1130497 0.000911398585719377
1457982 6.6552995242024e-06
1129819 0
1321947 0.000156300826195518
1365009 7.69123760096636e-05
1368317 0
269065 0.0002523581094393
289829 3.18723165261375e-05
326788 1.49093406619788e-05
266606 8.80876269563477e-06
1105818 7.50610266903839e-07
1084710 0
148360 0
1459213 1.71643929937014e-05
1335361 0
1248270 0
1515563 2.36104214372766e-05
1463319 3.80691953376436e-05
1114981 0.00048121723420189
1338811 2.81637845946976e-05
1183060 4.08070322804403e-07
1517143 3.08630580981124e-07
176019 2.09253049778812e-06
155160 0
1108093 3.19192371809902e-05
1387486 1.05523483193723e-06
1413385 0
1106159 0
1108853 7.23813660091174e-05
1446128 5.21634871274323e-05
1459582 9.18048120025038e-06
1291980 3.97101107076676e-06
1229344 0
1424608 0
1585590 5.03690257085764e-06
176020 6.91285433227234e-06
1185437 9.99165105851983e-05
1051968 2.46524243554539e-05
1422402 0.000181417432019186
205440 1.9821878821823e-06
1203677 2.0062229351448e-05
1124355 8.53487065749955e-07
1252370 7.84404623036392e-05
118313 7.5878858227845e-05
1317764 4.05091081857654e-06
1175492 1.98221099943646e-06
1507310 2.42577012859013e-06
106963 2.34398093364808e-08
256906 0.000137306829709561
159517 4.99724972589062e-06
1317803 2.72412931939002e-06
1275309 2.70693487457222e-05
22219 2.04974629918137e-05
1210197 6.86061493963948e-06
1233761 0.000556895527221313
1023709 0
120783 0
1445720 2.39205994449825e-06
1557588 7.40450601109854e-06
1433673 0.000110685275236596
286962 5.8672105750595e-08
5786821411022183 4.91236550935458e-07
1027480 0.000100871256455094
1358273 1.18616921086697e-06
129572 1.43288655191526e-05
2449133523026789 1.83712865238952e-06
1407663 2.66924980612918e-05
135901 4.32527917735062e-06
