1364975 0.0
1475834 0.0
1070483 0.00394845115636
1033996 0.0
1413021 0.0
1081697 0.0
1036216 0.00206801540949
19492 0.0
1021301 0.0
1347789 0.0
1254740 0.0
1248174 0.00279907331454
1387953 0.0
1340235 0.0
256906 0.0
1474124 0.0
1345308 0.0
1292503 0.0
1075690 0.0
1322164 0.0
1457505 0.0
1193767 0.0
355452 0.0
37229 0.0
1301663 0.0
1273379 0.00744186046512
1313359 0.0
1284388 0.0
1456052 0.00216275122648
1074586 0.00101138755455
1210197 0.0
1331486 0.0
266289 0.0
261580 0.0
1020090 0.0
213208 0.0
141301 0.0
183994 0.0
1576187 0.0
1298932 0.0
1333438 0.0
167736 0.0
1496507 0.000312167334399
100963 0.0
1575523 0.0
1521621 0.0
1384664 0.0
1037294 0.0
165596 0.0
1073680 0.0
158091 0.0
1450990 0.0
1395052 0.000964666597124
1338811 0.0
1073840 0.0
1524262 0.0
305302 0.0
1073663 0.0
1308709 0.0
1286131 0.0
1302759 0.0
1202745 0.0
1242944 0.0
1458450 0.0
1453407 0.0
1429791 0.0
1404887 0.0
1347531 0.0
1328585 0.0
1409873 0.0
1500669 0.0
1306453 0.00106602495643
1040832 0.0
1334074 0.0
1005444 0.0
1257195 0.0
1121004 0.00756882550128
1219645 0.0
1519744 0.0
100015 0.0
1280233 0.0
1093567 0.0
1185437 0.0
11760 0.0
17253 0.0
253885 0.0
1505384 0.0
1537891 0.0
1396580 0.0
1084803 0.0
1020642 0.0
328648 0.0
1001346 0.0
1134277 0.0
1515212 0.0
1377974 0.0
1230138 0.16759410802
1514637 0.0
42631 0.0
1006803 0.0
1453576 0.0
1225863 0.0
1252370 0.0
154272 0.0
1073065 0.0
274016 0.0
1005133 0.0
1136405 0.000576550626203
1317495 0.0
1271199 0.00553678217145
1058515 0.0
390449 0.0
1032485 0.0
1494763 0.0
1092766 0.0
198127 0.0
1114981 0.0
1483882 0.0
1091499 0.0
120947 0.0
195339 0.0
1196252 0.00223119235378
1430604 0.00506899668719
1072422 0.0
1516277 0.0
1299699 0.00525262243709
202709 0.0
1163854 0.0
1158536 0.0
1480218 0.0
1118328 0.0027291700326
274588 0.0
123360 0.0
1548695 0.0
1270809 0.0
332756 0.0
1505701 0.0
1064699 0.0
1109178 0.0
349146 0.0
125246 0.0
1569401 0.00295057706009
299283 0.0
255256 0.0
1067380 0.0
1362934 0.0
1411551 0.0
1450861 0.0
1126824 0.0
1541911 0.0107603966493
1400258 0.0
1145422 0.0
1363407 0.0
142775 0.0
162813 0.0
1534597 0.0
142771 0.0
1007754 0.0
1529800 0.0
1050100 0.0
164869 0.00146160669067
1579521 0.0
187743 0.0
1557132 0.00319318988596
1425681 0.0
151635 0.0
10717 0.0
1553101 0.0
1215485 0.0
1060848 0.0
1174848 0.0
1292990 0.0
568780 0.0
176512 0.0
232133 0.0164949079241
1442290 0.0
1141632 0.0
142375 0.0
189967 0.0
1439734 0.0035560185821
1541002 0.0
1560756 0.000441882468679
1060285 0.0
347029 0.00737778417966
1192956 0.0
1513671 0.0
1223611 0.00461167439449
1578110 0.0
1546098 0.0
1177085 0.0
1420546 0.0
1514808 0.0
1193925 0.0
1398359 0.000831300894176
47691 0.0
151959 0.0
1181941 0.0
1498135 0.0
1525108 0.0
1530859 0.00924302690839
1410441 0.0
1397419 0.0
1193577 3.46096334903e-05
5786821412026461 0.0
1159609 0.000537591500709
1160004 0.0
182844 0.0
1277939 0.0
1124990 0.0
1499406 0.0
1408465 0.0
1532670 0.0
1330561 0.0
1129748 0.0
1100583 0.0
1202455 0.0
1081515 0.0
1237553 0.0
1089938 0.0
1591713 0.0
193218 0.0
5786821412028092 0.0
265118 0.00609319765853
26625 0.0
1189837 0.0
1343586 0.0
1281618 0.0
1569582 0.0
177811 0.0
1446626 0.0
1502826 0.0
174358 0.0
194793 0.000136165152763
305993 0.0
1322070 0.0106963309914
1415889 0.0
35936 0.0
406585 0.0
23126 0.0
1332664 0.0
1051745 0.0
345177 0.00379074686054
241198 0.0
1205975 0.0
1254730 0.00885857231277
1181363 0.0
155392 0.0
1369642 0.00415924016413
1587818 0.0013691091184
1231783 0.0
1317405 0.00184170888099
1241782 0.0
1325353 0.0
201735 0.0
1151133 0.0
154711 0.0
1409337 0.0
1082647 0.0
1057835 0.0
1061007 0.0
1376989 0.00136366761006
22278 0.000193024607752
1471645 0.0
1518358 0.00517892535579
1431150 0.0
277909 0.0
1273121 0.0
1329467 0.0
214249 0.0
1523001 0.0
1521826 0.0
1383618 0.0
1027433 0.0
1549007 0.0
1363881 0.0
1426017 0.00764016091467
1199660 0.0
1297912 0.0
1396829 0.0
1108820 0.0
1281446 0.0
205120 0.0
1169188 0.0
384547 0.00289358529481
1070302 0.00154827165073
153949 0.0
286827 0.0109528347386
1146731 0.0
1288722 0.0
1523162 0.0
1004274 0.0
11287 0.0
1489838 0.0
298013 0.0160419397117
1577171 0.0
1032072 0.0
186922 0.000254089769886
1579426 0.0
247075 0.0
386194 0.0
1242955 0.0014520633847
1249236 0.0
1156786 0.0
1383723 0.0
1383721 0.0
1538231 0.0
1496409 0.0
241532 0.0
1249784 0.0
1051968 0.0
1396912 0.0
1040423 0.0
1309480 0.0
1447040 0.00495423708065
154448 0.00849276254335
1175128 0.00244282165338
193540 0.0
11597 0.0
1474660 0.0
1515913 0.0
1536001 0.0
250164 0.000464744116763
1411303 0.0
105098 0.0
1483416 0.0
1551769 0.0
1375278 0.0
1392078 0.0
1267254 0.0
1538654 0.0
1421937 0.0
342059 0.0
240318 0.0
1089999 0.0
1145636 0.0
297602 0.0
124725 0.0
1058293 0.0
1148691 0.0
1204693 0.0023269500567
1083215 0.0
1408260 0.00711111111111
1525278 0.0
139581 0.0
1438576 0.00267138971747
1048778 0.0
1494975 0.0
1185643 0.0
16390 0.0
1470830 0.00138325123153
1520386 0.0
1116938 0.0
1463157 0.0
1203119 0.0
1307881 0.0
1131353 0.0078094082715
1379925 0.00971245261445
1534033 0.0
1370735 0.0
172376 0.0
1370730 0.00326381052118
1130110 0.0
154375 0.0
1251721 0.0
17756 0.0
1418128 0.00266998664915
1559295 0.0
1535222 0.0
131298 0.0
1515660 0.0
341391 0.0
409740 0.0
198159 0.0
410610 0.0
1378744 0.0
1532839 0.0
1440131 0.00421479314784
1320547 0.0
141064 0.0
1112722 0.0
1163784 0.0
139056 0.0
164261 0.00214245295317
1112725 0.0
2449133523026789 0.0
1118338 0.0
167870 0.0
1527934 0.0
163890 0.00113246753247
274596 0.00453039349354
1001813 0.0
152059 0.0
1035704 0.0
1396775 0.0
1471384 0.0
238887 0.0
1269814 0.0
1160200 0.0472629902215
1017362 0.0
1229363 0.0
1144945 0.00385640005279
1130599 0.0
1156431 0.0
1501211 0.0
1067172 0.0
113328 0.0
1400714 0.0
164468 0.0
1223991 0.0
1545507 0.0
1546106 0.0
1336725 0.00514441743917
1516766 0.0
1043399 0.00334653838898
1390208 0.0032611484792
1538116 0.00049401493966
143144 0.00255180705917
1373939 0.0
265963 0.0
1361655 0.0
187739 0.0
146865 0.0
305966 0.0
222309 0.0
1488050 0.0
129420 0.0
1334656 0.0
1490505 0.0
1201890 0.00770759529071
1281202 0.0
112205 0.0
1234042 0.0
1520503 0.0
1581388 0.0
226464 0.0
1012041 0.0
148267 0.0
264508 0.0
15451 0.0
1478833 0.0
1360874 0.0
229186 0.0
1149542 0.0
1433673 0.0
32079 0.0
1132199 0.0
1006765 0.0
1161336 0.0
1348831 0.0
1418449 0.0
1096712 0.0
1204041 0.00166837830957
205123 0.0
1208876 0.0
1435978 0.0
183520 0.0
1343954 0.0
688463 0.0
180960 0.0
1330531 0.0
1101196 0.0
1412253 0.0
179993 0.00137077744098
1435390 0.0
1147940 0.0
1356909 0.0
1304517 0.0
1443714 0.0
114273 0.0
1350403 0.0
1198505 0.0
1204019 0.0
1084710 0.0
1059803 0.0
201638 0.0
1359850 0.0
181087 0.0
1241227 0.0
1098278 0.0061313614793
1182879 0.00291782078402
1133807 0.0
154916 0.0
1132046 0.0
1008235 0.0496774193548
15050 0.000340378906616
1279381 0.0
1254464 0.00547634159279
21194 0.0
1115150 0.0
231134 0.00281209808493
110598 0.0
1352757 0.0
1074710 0.0
1402026 0.0
1051757 0.0
1469051 0.0277873728651
172618 0.00156299846714
1230364 0.0
253402 0.00300535823833
1544759 0.00157722648816
1407290 0.0
1088953 0.000503180610183
1366447 0.0
1065196 0.0
219087 0.0
1081432 0.0
1176007 0.0
1370132 0.0
1337671 0.0
1400874 0.0
181819 0.000465347016818
1039740 0.0113360991
1573747 0.0
1000325 0.000393842365144
241838 0.0
266606 0.0
1493173 0.000498764349017
1484681 0.0
1033841 0.002677496443
1532117 0.0
1575896 0.0
1329458 0.0
1288026 0.0
1578599 0.0
127723 0.0
1070205 0.0
116922 0.0
382373 0.0
1092960 0.0
206928 0.0245856407743
1087460 0.0
1239091 0.0
1288803 0.0
1421590 0.0
258226 0.0
1301935 0.00361910354395
1382593 0.0
1455353 0.0
1253974 0.0
1316504 0.0
231108 0.0041161830758
1000038 0.0
1271711 0.0
309581 0.0
1456408 0.00608908431135
1359107 0.0
1577161 0.0
308856 0.0
215210 0.0
1396219 0.0
1136972 0.0
1165878 0.0
1059112 0.0084461228924
1285748 0.0
1238433 0.00850378756184
1426466 0.0
1317273 0.0
1496416 0.0
1050406 0.0
1582634 0.0
1113967 0.0
1260190 0.0
1557666 0.00306658545825
320981 0.000896551141209
370241 0.0
286962 0.0
305607 0.0
253376 0.00258246013684
1339723 0.0
1289510 0.0
1345916 0.0
1307320 0.000567530979902
1427845 0.0
166595 0.0
1059731 0.00236388873597
1343227 0.0
101526 0.0
1088871 0.0
1036602 0.0
1375244 0.0
1164492 0.0
173785 0.0
1243968 0.0
1405114 0.0
1569026 0.0
128751 0.0
141580 0.0
1106618 0.0
1257467 0.0
1230116 0.00451795802415
1215717 0.0
1445738 0.0
1186030 0.0
1416694 0.0
1194977 0.000332576597166
1309585 0.0
1253557 0.00269355713925
345848 0.0
1576185 0.0
1371865 0.0
1021764 0.0
118313 0.0
1266311 0.0
1457982 0.0
1494962 0.0
1567768 0.0
1566105 0.0
1343311 0.0
1577647 0.00151763770007
1477259 0.00234359773351
140454 0.0
1301847 0.0
1387902 0.0
1393427 0.0
1175204 0.0
1280924 0.0
1206469 0.0
1360427 0.0
1229344 0.0
157011 0.0
1138673 0.0
1157208 0.0
149692 0.0
1445087 0.0
1432286 0.0
260093 0.0
1210224 0.0
1045383 0.00418643672416
1129741 0.0
1529384 0.0
106394 0.0
1520739 0.0
302627 0.0
1081479 0.0
1324786 0.0
251029 0.0
350978 0.0
1516111 0.0
139040 0.0
152064 0.0
1221743 0.0
138081 0.0
1441707 0.0
1159598 0.0
1386726 0.0
1327528 0.0
1063463 0.0
1005804 0.0
252946 0.0
1494147 0.00319046225374
355872 0.00208536939697
1173230 0.0
1436752 0.0
1335027 0.0
1092025 0.0
1324083 0.0
190778 0.0
1017640 0.00335475505897
135022 0.0
1362914 0.0
123949 0.0
1023071 0.0
29138 0.0
1565691 0.0
179053 0.0
1162234 0.0
204281 0.0
1222456 0.0
1111893 0.020603985097
1443955 0.0
109511 0.00707511081849
147503 0.0
30188 0.0
1537303 0.0
288191 0.0
1323174 0.00849902619121
1243178 0.0
1076438 0.0
1183918 0.0
1254899 0.0
1137774 0.0
1503644 0.0
1251555 0.0
1379402 0.0
1313688 0.0
1223858 0.000695087177748
174206 0.00188682495566
1398257 0.0
1275171 0.0
202722 0.0
1088012 0.0
1439442 0.00192869952341
1090175 0.0
1312259 0.00233439391948
18388 0.0
1134141 0.0
1530904 0.0
1022284 0.0
1141472 0.0
1115388 0.0
1017594 0.0
1353181 0.0
1424636 0.00102483802705
1451904 0.0
1417661 0.0
107116 0.0
1019991 0.0
1359927 0.0
1463965 0.0
1505506 0.00154376542919
1278389 0.0
1489488 0.0
1237155 0.0
1506079 0.0
142591 0.0
1144572 0.00476187755794
1468224 0.0
238457 0.0
1580281 0.0
129942 0.0
1583265 0.0
1125988 0.0
1517183 0.00234000439108
1060006 0.0
1276742 0.0
181958 0.0
1539840 0.0
1313832 0.0
1593166 0.0
1537236 0.000349365413604
1579713 0.000185578514871
1471782 0.0
1075448 0.0
140719 0.0
1094359 0.0
1122180 0.0
1291980 0.0
1237488 0.0
217203 0.00247845722949
217201 0.0
126665 0.0
1037994 0.0
1408536 0.0
1303692 0.0
1095223 0.0
1272879 0.0
1223614 0.0
107936 0.00437104133089
1514997 0.0
1530497 0.0
103917 0.0
1544749 0.0
184462 0.0
1533695 0.0
1312144 0.0
1445883 0.0
1205956 0.0
1351585 0.0
1300693 0.0
1046120 0.0
1303520 0.0
1533320 0.0
1417113 0.0
1055677 0.0191181818182
1088048 0.0
1018804 0.0145124716553
251729 0.00421507112895
1407663 0.0
5786821412027444 0.0
1407660 0.0
1211726 0.0
1338715 0.0
1289842 0.00140081965675
1512642 0.0
1179017 0.0
1391654 0.000747453826309
1383633 0.0
1247877 0.0
1014803 0.0104768684233
1348585 0.0
1454521 0.0
199792 0.00304313627548
1365009 0.0
131250 0.000926975668697
1400224 0.00326186543245
282340 0.0
154599 0.00309240932078
1032252 0.0
1384493 0.0
1567339 0.0
1373006 0.0
300469 0.0
163962 0.0
201409 0.0
1347665 0.0
1231437 0.0
1193640 0.0
1399263 0.0
1414970 0.0
1399442 0.0
237891 0.0
1257385 0.0
1422171 0.0
1374277 0.0
1335643 7.84284787029e-05
262892 0.0
1466327 0.0
141266 0.0
1134853 0.0
602097 0.0
1163511 0.0
1013460 0.0
139693 0.0
1406185 0.0
410243 0.0
101045 0.0
1321785 0.0
1152474 0.0
1553267 0.0
173619 0.0
1097078 0.0
1083370 0.0
254398 0.0
1220197 0.0
270381 0.0
154330 0.0
423096 0.0
1169948 0.0
1217378 0.0
1327660 0.0
20712 0.0
1445720 0.0
186389 0.0
137080 0.0
1360184 0.0
1171447 0.0
25564 0.0
1347274 0.0
1393782 0.0
1125102 0.0
134310 0.0
152856 0.0
1194949 0.0
1300873 0.0
1333602 0.144069264069
1058960 0.0
141669 0.00286277708218
1413121 0.0
1489818 0.0
1505990 0.0
11646 0.00129930115458
162575 0.00217180362967
128158 0.0
1476112 0.0
1191487 0.00221304956844
107478 0.0
1173333 0.0
1157180 0.0
1446287 0.0
1470814 0.0
190308 0.0
1070988 0.0
1256030 0.0
151004 0.0
1269999 0.0
1001269 0.00779529989741
1524038 0.0
1561322 0.0048456537643
1035540 0.0
1225614 0.00549019607843
154903 0.0
173971 0.0
226016 0.00156759143099
1334253 0.0
1309043 0.0
156259 0.0
1317803 0.0
190789 0.0
1559743 0.0
1376803 0.0
321577 0.0
1142293 0.0
1351031 0.0
5786821411029962 0.0
1287445 0.0
1297202 0.0
18558 0.00447550115819
14678 0.0
14676 0.0
265301 0.0
1096328 0.0
1378147 0.0349290121717
211580 0.0
1101352 0.0
1343612 0.0
106673 0.0
342496 0.0
1025670 0.0
1156804 0.0
1376231 0.0
1088609 0.0
232588 0.0
13088 0.0
1409551 0.0034778854717
1540415 0.0
467210 0.00348501914846
1049249 0.00252380874363
1150624 0.0
1457729 0.00123620047015
33421 0.0
1049080 0.0
1023709 0.0
204295 0.0
1045282 0.0
1431769 0.0
1087673 0.0
1222444 0.0
1225327 0.0
1255392 0.0128936225731
255515 0.0
1439897 0.0
447259 0.0
5786821411026593 0.0
255519 0.00114446929643
1121686 0.0
1446463 0.0
1494922 0.00318011612828
1259549 0.0
1460193 0.00241142879867
1550588 0.0
1539476 0.0
14217 0.000252464913167
1178823 0.0
1345628 0.0
1233007 0.0
1251563 0.0
1223864 0.0
1566860 0.0
180808 0.0
248220 0.00280693923462
1167707 0.0
1067027 0.0
1121141 0.0
174470 0.000207561481348
164200 0.0
1296643 0.00443658946833
1212905 0.0
160999 0.0
1097980 0.0
169016 0.0
263037 0.0
1455020 0.0
1362165 0.0
147159 0.0
285586 0.0
1392321 0.0056393981093
1311938 0.0
1155876 0.00428988503122
1292160 0.000648199399359
368357 0.0139763706671
650580 0.0
1497638 0.0
1529817 0.0
1459344 0.0
1136706 0.0
144991 0.0
1514333 0.0
1422448 0.0
1279244 0.0
1192297 0.0
1323096 0.0
1027884 0.0
1044156 0.0
217504 0.0
111377 0.0
1330555 0.0
1526914 0.0
1007546 0.0
123063 0.0
1152906 0.0
1340874 0.0
398052 0.0
1068697 0.0
159240 0.0
102308 0.0
1569576 0.0
1155274 0.0
231587 0.0
23066 0.0
1568563 0.0
1095581 0.0
1357091 0.0
1271390 0.0
280124 0.0
1275811 0.0
207235 0.000547122861597
22624 0.0
1487626 0.0
1394834 0.0
1288224 0.0012897379299
110510 0.0
1549610 0.0
1134939 0.0
159577 0.00193044562385
217438 0.0
1080949 0.0
1075625 0.0
1093747 0.00331918455226
166091 0.0
1000308 0.0
262252 0.0
1533352 0.0
1229936 0.0
1413375 0.00560367239155
155674 0.000371864195284
1451049 0.0
1074546 0.0
1090619 0.0
1048390 0.0
1192631 0.0
1199267 0.00209472317153
1535238 0.0
103347 0.0
145802 0.0
1515396 0.0
1190296 0.0
1475903 0.0
1250283 0.000667005454998
1339987 0.0
1575568 0.0
157817 0.0
228494 0.0
1587911 0.0
154585 0.0
318245 0.0
1510779 0.0
1405675 0.00182163199594
153743 0.0
274515 0.0
1349994 0.0
1474056 0.0
279890 0.00664287181996
1096926 0.00113580690375
1557392 0.0
1266646 0.0
1471777 0.00211276331704
241788 0.00495091902226
340316 0.0
1462965 0.0
1349442 0.0
177604 0.0
1425485 0.0
1230916 0.0
1538240 0.00928348301445
1059179 0.0
1036034 0.0
305348 0.0106547652169
1509057 0.0
100903 0.000419807327916
1450221 0.000336603053963
1339673 0.0
1454797 0.0
1210645 0.0
214169 0.0
404401 0.0
162219 0.0
1093523 0.0
1055245 0.0
1106159 0.0
1010589 0.0
1018144 0.00032737044202
1165707 0.0232252669318
1195157 0.0
153441 0.0
135528 0.0
1291840 0.0
140877 0.00251883055772
20700 0.0256
1301467 0.00353295591394
1392080 0.0
1251627 0.0
1576031 0.0
1456424 0.0
310061 0.00687515450052
1150001 0.00339167670272
1500138 0.0
1141860 0.0
315348 0.0
1153180 0.0
1041054 0.0
1360221 0.0
1255507 0.00171641440982
1169391 0.0
1283907 0.0
1512851 0.0
1271868 0.0
191318 0.0
1216633 0.0
122724 0.0
1474879 0.0
134123 0.0
293151 0.00572201438827
324474 0.0
1503217 0.0
1483596 0.0
120987 0.0
1294499 0.0
1269980 0.0
1590829 0.0
1363993 0.0
1433117 0.00267795597227
1034163 0.0
1282222 0.0
1404337 0.0
1109681 0.0
1175351 0.0
1048439 0.0
1189819 0.0
1142510 0.0
204112 0.00461614001561
1070605 0.0
1291539 0.0
1437691 0.00811430401096
344628 0.0127512839325
410526 0.00108571491195
202456 0.0
1271351 0.00281164596258
152080 0.0
121037 0.0
1276775 0.0
1154999 0.0
190204 0.0
1525656 0.0
1046721 0.0
172239 0.0
1096123 0.0
1234450 0.0
106064 0.0
1379795 0.0
1039277 0.0
164836 0.0
1367195 0.0
1263051 0.00116499695511
170804 0.0
1173326 0.0
321704 0.0
1547284 0.0
1280871 0.0
1504905 0.0
1158374 0.00230960132894
1504909 0.0
179704 0.0
12900 0.0
1047525 0.0
1417464 0.0
1007153 0.0
1344740 0.00133788870782
129385 0.0
180830 0.0
1019816 0.00233003018416
1222877 0.0
1237009 0.00162638541251
175606 0.0
1578276 0.0
1523576 0.0
1305766 0.00219009490672
156616 0.0
1367447 0.0
275099 0.0
1167716 0.00571221607078
278719 0.0010660175413
1384129 0.0
275093 0.000488935229097
278714 0.0
1305563 0.0
1347133 0.0
1298366 0.0
1362397 0.0
316630 0.0
1490539 0.0
1539994 0.00327336670198
1247434 0.0
1490531 0.0
123188 0.00122112154372
118775 0.0
340749 0.0024840691986
1359526 0.0
151746 0.0
1296852 0.0
1063625 0.0
1522324 0.0
1527275 0.0
1060939 0.0
1547865 0.0
24366 0.0
1425711 0.0
1121784 0.0
1215046 0.0
147099 0.0
1223476 0.00233032379349
1261564 0.0
1090651 0.0
1247509 0.0
1485194 0.0
1264580 0.0
1010832 0.0
1531501 0.00218328841097
1122032 0.0
12872 0.0
1124931 0.0
171671 0.0
282216 0.0
1241219 0.0
1159021 0.0
121331 0.0
1110662 0.0
1115453 0.0
1502577 0.0
1344364 0.0
160443 0.0
1226118 0.0151442307692
381160 0.0
1052214 0.0
1498000 0.0
1498007 0.0
1578087 0.0
1259378 0.0
231725 0.00519208105468
1279347 0.0
233550 0.00271696796354
1034919 0.0
126136 0.0
1015840 0.0
131435 0.0
1134941 0.0
1433590 0.00247608722766
1469411 0.0
1413290 0.0
1545888 0.0
170651 0.00832755031228
144140 0.000164841710665
1201431 0.00199122641931
1026701 0.0
1345693 0.0
1069156 0.0
1131262 0.0
1020970 0.0
1171840 0.00414764596583
1266628 0.0
12477 0.0
256636 0.0
1118729 0.0
1333344 0.0
1080417 0.00284478224279
1244569 0.0
1508806 0.0
145819 0.0
1269406 0.00109359221134
1496973 0.00115706374316
1146516 0.0
1014003 0.05472
1103094 0.0
1302258 0.0
180223 0.0033147916841
1475913 0.0
1472335 0.0
1050543 0.0
1387496 0.0
137627 0.0
1030294 0.0
1455969 0.0
114406 0.0
1058181 0.0
1092934 0.0
425950 0.0
411492 0.0
1433446 0.0
5786821411025693 0.0
1107301 0.0
344363 0.0
1488491 0.00316274702377
1394000 0.00314299336384
1179954 0.0
1104372 0.00271083532286
241975 0.0
1217607 0.0
1133998 0.0
1073187 0.0
1004783 0.0
1422117 0.0
1429609 0.0
1429272 0.0
226278 0.0
1210079 0.0
1021828 0.0186140372855
1137034 0.0072306152845
1272078 0.00057247179073
181120 0.0
261401 0.00138756253402
1572253 0.0
130748 0.0
1511012 0.000777537247181
114711 0.0
1134769 0.0496363636364
1509196 0.0
142407 0.00437857009147
1044994 0.0
1272472 0.0
1544006 0.0104068979026
1195638 0.0
1098091 0.0
22219 0.0
1359579 0.0
1227158 0.0
1380592 0.0
1194729 0.0
227463 0.0
381781 0.0
1551434 0.0
1521495 0.0
1536520 0.0091745199054
1379945 0.0
1532845 0.00356013163688
1542829 0.0
1199759 0.0
1472111 0.0
1214601 0.0
236683 0.0
261539 0.0
1500128 0.0
16373 0.0
233951 0.0
153877 0.0
1191820 0.0
233957 0.00581282832352
336327 0.0
1549118 0.0
310277 0.0
1517208 0.0
1404461 0.00113372488481
1339644 0.0
1077315 0.00435384615385
1022602 0.0
1495488 0.0
1280318 0.0
128882 0.0
167787 0.0
1423088 0.0
1400574 0.0
1299486 0.0
1230010 0.0
1411290 0.0002135871695
1483589 0.0
1328207 0.0
247291 0.0
17406 0.0
1353942 0.0
1423641 0.00450843767609
1239185 0.0
1325549 0.0
1139879 0.0
1340491 0.0
208341 0.0
1415281 0.0277526132404
1291352 0.0011854272631
235262 0.0
1076130 0.0
1113453 0.0
1489884 0.0
134200 0.0
1270072 0.0030393382835
1373444 0.0
1537866 0.0
1163972 0.0
1006300 0.0
10535 0.0
1162376 0.0
123343 0.0
1037399 0.0
158637 0.0
1453332 0.0
200649 0.0
347854 0.0
270181 0.0
1507310 0.0
510687 0.0015279059571
1139675 0.0
149336 0.0
1541960 0.000213856417102
1457319 0.0
1020017 0.0
1067099 0.0
1561941 0.0
1073969 0.0
1142166 0.0
231810 0.0
210777 0.0
1011958 0.0
1320345 0.0
1326910 0.0025240770082
1252673 0.0
176722 0.0
1284456 0.0
1017385 0.0
1382567 0.0
219752 0.00474022072016
1043605 0.0
1280869 0.0
1115842 0.00237356925094
1309271 0.0
1471346 0.0
1173170 0.0
1327357 0.0
1398464 0.0041755647615
1367276 0.0
1389712 0.0
235182 0.0
10913 0.0
269065 0.0
68655 0.0
1242614 0.0
1019808 0.0
125950 0.0
1385868 0.0
1063970 0.000542983162919
133005 0.0
1149958 1.78574072752e-05
1362560 0.0
225094 0.0
1052991 0.0
1251267 0.00432278833305
1123448 0.0
192907 0.0
1159631 0.0
1304951 0.0
119368 0.0
1402036 0.0
1356899 0.0
1161003 0.0
1012719 0.0
1049840 0.0
1424608 0.0
1052423 0.0
14306 0.0
1574189 0.0
5786821411027128 0.0
1148582 0.0
1093999 0.000252057493888
1052196 0.00147097935632
1024925 0.0
1159493 0.00666673861726
1151555 0.00028997934089
1312950 0.0
1517527 0.00494604270021
1568126 0.00516352994098
133263 0.0
1278875 8.78830091423e-05
1031248 0.0
1186778 0.00477425595491
1363389 0.000527807406495
1400531 0.0
284342 0.0
1319143 0.0
1563031 0.0
1147695 0.0
1238810 0.0023214361801
195877 0.0
145552 0.0
1016891 0.0
136563 0.0
1350332 0.0
1439340 0.0
1031881 0.0
1381182 0.00234855591301
1340815 0.0
147774 0.0
1283667 0.0
262873 0.0
1259344 0.0
1171769 0.0
1436974 0.0
1140383 0.0
25990 0.00196355075434
1388763 0.00441257663328
111826 0.0
1587118 0.0
136145 0.0
238950 0.0
1590938 0.0
219864 0.0
1115665 0.0
1586248 0.006062593313
1532176 0.00326378465631
1350533 0.0
126366 0.0
1451790 0.0
111597 0.0
1015476 0.0
217148 0.0
1284763 0.0
1197600 0.0
1119355 0.0
287297 0.0
1151164 0.0
1420261 0.0
159517 0.0
1283781 0.0
1308418 0.0
1479963 0.0
1255676 0.00519523450068
1078236 0.0
1203677 0.0
1457564 0.0
276003 0.0
352352 0.0
1253852 0.0
1549778 0.0
1253850 0.0
197188 0.0
1253856 0.0
1211460 0.0
1328986 0.00684431609346
1288448 0.000176463476533
245064 0.0
1215566 0.0
1034298 0.0
1103665 0.0
19484 0.0
1328681 0.0
1065337 0.00197375339401
1285568 0.0
1374791 0.0
223346 0.00246230353973
1486367 0.0
1248047 0.0
200905 0.000439356686495
1458417 0.0
1510710 0.0
1337124 0.0
1265428 0.0
1383882 0.0
1546820 0.0
361797 0.0
1446837 0.0
1333241 0.0
1108853 0.0
115942 0.0
542446 0.0
1095417 0.0
1214541 0.0
193301 0.0
1170108 0.0
1092308 0.0
245286 0.0
1471750 0.0
1033020 0.0
127246 0.0
1196424 0.0
1395216 0.0
150061 0.0021890038278
1427953 0.0
1506135 0.0
1520874 0.0
1551206 0.0
13728 0.00424415347569
1268386 0.0
1272593 0.0
400227 0.0
240692 0.0
1530448 0.0
1210442 0.0
1102682 0.0
154129 0.0
1514384 0.0
1104214 0.0
1238960 0.0
1572938 0.0
1149993 0.00326055172958
1093033 0.0
101270 0.0
1495589 0.0
1271773 0.0
1109531 0.0
1001676 0.0
1105818 0.0
1021727 0.0
1238365 0.0
1475673 9.52400991979e-05
195260 0.0
1257739 0.0
1097220 0.0
1465410 8.47290770022e-05
259130 0.0
1383373 0.0
1252515 0.00430253139021
26087 0.0
1266199 0.0
1258904 0.0
1538595 0.0
116496 0.0
1415563 0.0
1370080 0.0
1280325 0.0
120521 0.0
1324216 0.0
1070394 0.0
1210287 0.0
1336991 0.0
1017146 0.000531439039558
1306565 0.00492550927334
1528725 0.0
134693 0.0130881249268
128346 0.0
187595 0.0
1579760 0.00298432339578
1143973 0.0
1005202 0.0
1113603 0.0
1541884 0.0029733333763
1156628 0.00126337143383
281707 0.0
1424975 0.0
392682 0.0
1217239 0.0
1138642 0.0
1462033 0.00767492952244
1419261 0.0
134211 0.00250276008493
1320532 0.00454337069223
118220 0.0
222723 0.000350547902408
1376793 0.0
1355461 0.0
1335361 0.0
101307 0.0
152401 0.0
1482990 0.00127343031618
1253115 0.0
1137991 0.0
1321590 0.0
1077184 0.0
1035974 0.0
1056191 0.0
1386078 0.0
1196760 0.00241766734296
1212030 0.0
1106435 0.0
1449357 0.0
1446128 0.0
1566214 0.0
1396058 0.0
208246 0.0
1285958 0.0
1145352 0.0
1525824 0.0
1252643 0.0
1524033 0.0
236096 0.000493322275213
1380869 0.0
1256178 0.0
105226 0.0
1145489 0.0
146381 0.000911302157919
1397507 0.0
1239286 0.000613387740188
1076690 0.0
1548709 0.0
159683 0.0
1076476 0.0
1178874 0.0
1032206 0.0
30147 0.0
1359029 0.0
307304 0.0382836873894
329446 0.0
301705 0.0
1471356 0.0
122476 0.0
125331 0.0
1255859 0.000593427339062
1198992 0.0
1028814 0.0
1038922 0.0
1042588 0.00379931468328
1244644 0.0
189988 0.0
1186951 0.0
1566727 0.0
142622 0.0
143869 0.0
1566786 0.0
1534606 0.0
1046699 0.0
1362824 0.0
1039329 0.0
1444517 0.0
125643 0.00264942868841
1507258 0.0
1449349 0.0
1307463 0.0
1490511 0.0
1405660 0.0
1308223 0.0
1271232 0.0
1019950 0.0
1579926 0.0
1542287 0.0
1501824 0.0
1137607 0.0
1539730 0.0
1016463 0.0
464563 0.00176616396083
1279749 0.0
1244616 0.0
1354648 0.000503285401194
1499467 0.0
1169487 0.0
1507064 0.0587621873973
1310214 0.0
147544 0.000313187960466
238038 0.0
1401547 0.0
1128058 0.0
1310218 0.0
1479808 0.0
361768 0.0
1424702 0.0
169193 0.0
1471105 0.0
1333034 0.0
1417713 0.0
1498029 0.0
1236736 0.000573684580592
1084659 0.0
213898 0.0
1056137 0.0
1015868 0.0
151802 0.0
1174189 0.0
1494783 0.0
1118395 0.000794845689386
283565 0.0
21035 0.0
1580257 0.0
174023 0.0
1016261 0.0
385473 0.0
1072046 0.0
1094958 0.0
1095796 0.0
1060170 0.0
1244148 0.0
1544701 0.0
1144668 0.000647324792658
379945 0.0
27050 0.0
1168511 0.0
1279910 0.0
1136124 0.0
1266608 0.00820955774346
114398 0.0
1067984 0.00168106968305
108339 0.0
1075573 0.0
1295359 0.00368945648653
1345173 0.0
1105774 0.0153698479575
1115073 0.0
126755 0.0
1448968 0.0
1545461 0.0
1300800 0.0
1060596 0.0
1060597 0.0
1288476 0.0
1019225 0.0
276586 0.0
1413385 0.0
1249625 0.0100587437778
109697 0.0
1550529 0.0
1065325 0.0
1065323 0.0
1051181 0.002025121217
1426904 0.0030943214762
1486371 0.0
382452 0.00468265153677
1197900 0.0
1210896 0.0
257029 0.0
1240517 0.0
109110 0.0
1513967 0.0
1136231 0.0
1405273 0.0
1372774 0.0
1280604 0.00273776299143
1006449 0.0
1409228 0.0
197974 0.0
1050452 0.0
1394602 0.0
1264857 0.0
1377745 0.0
1055503 0.0
1214596 0.0
1466170 0.0027441303081
1267398 0.0
209519 0.0
1366219 0.0
1487158 0.0
1273500 0.0
1540118 0.0
158049 0.0
1262074 0.000944953604298
1336853 0.00206719317369
1482292 0.0
1075605 0.0
277618 0.0
1339407 0.0
214555 0.0
181881 0.0
1456229 0.0
10806 0.0
10876 0.0
165217 0.0
1328023 0.0
1032742 0.0
277166 0.0
1577069 0.0
1415372 0.00389350455349
1250653 0.0
1171069 0.0
1393214 0.0
1483905 0.0
1070945 0.0
1089770 0.0
1013889 0.0
1350828 0.00103889842883
1383185 0.0
1329116 0.0
1291363 0.0
1370435 0.0
104490 0.0
1555584 0.0
259122 0.0
1009218 0.0
1019879 0.00864535460968
1235510 0.0
227628 0.0
1184553 0.0
357468 0.0
1005568 0.00190516276602
1154721 0.0
1078779 0.0
1374502 0.0
1324229 0.0
14925 0.000327235416844
1324225 0.0
1188867 0.000166219912032
1157521 0.0
1058925 0.0
235461 0.0
252818 0.0
255630 0.0
1157701 0.0
1377874 0.0
1004612 0.0
1301506 0.0
1327754 0.0
1291102 0.0
1335646 0.0
322627 0.0
1397110 0.0
1002244 0.0
1083266 0.0
1183827 0.00200845040029
1149148 0.000310574637803
1340580 0.0143656586773
1125257 0.0
129213 0.00501639344262
138230 0.0
1014513 0.0
1402872 0.00320752215536
204123 0.0
1582785 0.0
1285759 0.0
1309640 0.0
1441358 0.00533752657453
1301431 0.0
1319831 0.0
349051 0.0
1175492 0.0
148393 0.0
1559923 0.0
1054165 0.0
260586 0.00713321332133
1163194 0.0
1494644 0.0
1235868 0.0
1104998 0.00135865639643
193854 0.0
1436787 0.0
1071460 0.0
1104991 0.0
1238160 0.0
1437942 0.0
1343653 0.0
232099 0.0
1079425 0.0
1242123 0.0
1073941 0.0
158491 0.0
1535468 0.0
1317770 0.0
269267 0.0
1129887 0.0
1246155 0.00215429149529
1093050 0.0
1099130 0.0
1422402 0.0
1431488 0.0
1404075 0.0
1416206 0.0
203040 0.0
1504689 0.0
1290367 0.00248355228751
1500360 0.0
1507401 0.0
1547018 0.0
1167072 0.0
236641 0.00534330319044
1340402 0.00324285545181
1310194 0.0
1441649 0.0
1108093 0.0
112817 0.0
1042208 0.0
14784 0.0
1314187 0.00308368608929
1390265 0.0
1142740 0.00194526734561
1091080 0.0
1173390 0.0
1553751 0.0
1250830 0.0
1411129 0.00271543296725
155828 0.00428814679424
1244074 0.00237759300798
223924 0.0
1020109 0.0
1527990 0.0
1411945 0.0022511466218
1076932 0.0
229969 0.000351976785715
1326375 0.0
1454844 0.0
380177 0.0
102659 0.0
1016078 0.0
1159618 0.0
1182550 0.0
1326159 0.0
1485529 0.0
1098432 0.0
1355157 0.0
1132188 0.00188603307906
264858 0.0
1539097 0.0
1243090 0.0
180900 0.00684098510185
1207743 0.00238054083109
1213874 0.0255639097744
1482933 0.00364433319216
1053 0.0
129758 0.0
1543100 0.0
1389020 0.0
1233932 0.0
1278373 0.0
129757 0.0
1569457 0.0
1290989 0.0
1468072 0.0
1114110 0.0
1114442 0.0
211728 0.0
1233420 0.0
107238 0.00204822198949
216388 0.0
263451 0.0
147022 0.0
1340389 0.0
1016612 0.00278086152693
1517071 0.0
103016 0.0
1170611 0.0
1593247 0.0
1135757 0.0
179914 0.0
1097819 0.0
1306992 0.0
1245952 0.0
1200629 0.0
1064792 0.0
1358273 0.0
1209900 0.0
1025019 0.0
1052242 0.0
1098325 0.0
1415812 0.0
1215162 0.0162822691451
273879 0.00573247861018
1389447 0.0
1315108 0.0
1271824 0.0
1510854 0.0
332679 0.0
23027 0.00198696941627
1402311 0.0
1390903 0.0
1245804 0.0
1530605 0.0
464077 0.0
1069431 0.0
165141 0.0
183657 0.0
1040834 0.0
1521875 0.0
1159945 0.00155753193452
192251 0.0
34492 0.0
1117827 0.0
1406631 0.0
1567472 0.0
1165033 0.0
1244550 0.0
205942 0.0
1312593 0.0
177429 0.0
1437855 0.000168159828437
1373760 0.0
1316328 0.0
1358169 0.0
1304063 0.0
1587263 0.0
1243072 0.0
151797 0.0
1064085 0.0
1245552 0.0
1236074 0.00320819272879
1439943 0.0
1249007 0.0
1284323 0.00835158401996
130374 0.0
19466 0.0
1213477 0.00364338437984
19462 0.0
1303796 0.0
310430 0.0
1108502 0.0
1089598 0.0
1402406 0.0
1344141 0.000801037083291
1030935 0.0
1344147 0.0
242914 0.0
276117 0.0
1487499 0.0
1224963 0.0
1103425 0.0
1505011 0.0
1074343 0.0
1385753 0.0
1477611 0.0
1094439 0.0
1413731 0.00346605034516
382595 0.0
1401335 0.0
1141649 0.0109936575053
1332018 0.0
1478436 0.0
221011 0.0
1214742 0.0
120783 0.0
1309419 0.0
1515031 0.0
1231390 0.00818736217461
1295084 0.0
1377738 0.0
1147327 0.002396911096
438777 0.0
1428665 0.0
1232609 0.0
1364918 0.0
1209063 0.00399237885762
1167856 0.0
1220656 0.0
1164346 0.00623903610356
161960 0.0
1027027 0.0
1355216 0.0
276753 0.0
5786821411023754 0.0
141955 0.0
1495902 0.0
305278 0.0
17238 0.0
408135 0.00135571000409
1291774 0.0
1275696 0.0
1258923 0.0
1184305 0.0
1258250 0.0
1348962 0.0
1334143 0.0
1458343 0.0
130158 0.0
1444667 0.0
153797 0.0
118328 0.00307676294614
1155605 0.0408221119773
1248716 0.0
1592409 0.0
43123 0.0
1341647 0.0
1123961 0.0
1249627 0.0
1288889 0.0
1465430 0.0
1551263 0.0
27317 0.0
1359436 0.0
308215 0.0
1195068 0.0
297079 0.0
1073373 0.0
153065 0.0
1524083 0.0
1083076 0.0
1305979 0.0
134676 0.0
1563978 0.00470013277904
1307648 0.00433445761619
1445628 0.0
1282470 0.0
1432425 0.0
1482867 0.0
1272150 0.0
1159892 0.0
118085 0.0
209306 0.0
1252400 0.0124427760483
1360577 0.00373031760817
162183 0.0
117238 0.0
1294058 0.0
1220472 0.0
1333789 0.0
1577487 0.0
1076100 0.0
1327962 0.0
1423452 0.0
1559269 0.0
162615 0.0
1072440 0.0
1387059 0.0
1386581 0.0
1137080 0.0
1387486 0.0
121078 0.0
1549112 0.0
1311907 0.0
1379593 0.00186899285034
1188806 0.0
157143 0.0
1158481 0.0
1378626 0.0
1317764 0.0
1246382 0.0250103200171
1492910 0.00160260911555
1361972 0.0
1299728 0.0
203078 0.0
1184763 0.0
1310340 0.0
1484040 0.0
1290647 0.00196674918229
1463652 0.00445758631753
1213746 0.0
1539401 0.0
1128851 0.0
1111184 0.0
125315 0.0
1158132 0.0
1435570 0.0
1012462 0.0
143848 0.0
325748 0.0
1002293 0.0
427679 0.0
1276480 0.0
426272 0.0
1019851 0.0
190245 0.0
1574680 0.0
102312 0.0
1480107 0.0
1270884 0.0
1106586 0.00118179746125
151542 0.0
179106 0.00339167670272
1485552 0.0
1467775 0.0
115396 0.0
1212992 0.0
29877 0.0
206162 0.0
136754 0.0
146983 0.0
194409 0.0
352740 0.0
1281924 0.119466666667
1511951 0.00631490457238
122528 0.0
1309339 0.0
1358286 0.0
29701 0.0
157321 0.0
1297297 0.0
1056150 0.0
301615 0.0
1119980 0.0
1334797 0.0
174604 0.00018123439356
242256 0.0
301612 0.00247933884397
1439511 0.0
1225424 0.0
1432115 0.0
1474502 0.0
1430865 0.0
30129 0.0
1020207 0.0
1170672 0.00403309984331
1080370 0.0
1385907 0.0
1247769 0.0
1223740 0.0
190554 0.0
137593 0.0
1418910 0.0
1148319 0.00762431233801
275327 0.0205714285714
1400584 0.0
1516884 0.0
1071141 0.0
1553415 0.0
1197684 0.0
1245944 0.0
1026982 0.0
1019738 0.0
1257940 0.0
1470462 0.00319194127065
1130776 0.0
1151458 0.0
183482 0.0
1546442 0.0
1460784 0.0
1442523 0.0
1121249 0.0
1287938 0.00335667085135
234069 0.0
1108990 0.0
228510 0.00261108040715
1239579 0.0
242724 0.0
166976 0.0
1206902 0.0
1380408 0.0
1521867 0.0
1068429 0.0
1161273 0.0
160572 0.0
1007484 0.0
1248270 0.0
155023 0.0
214953 0.0
1178707 0.0
1332315 0.0
162988 0.0
1211674 0.0
1559291 0.00444227727774
1496931 0.0
1214822 0.0
1097970 0.0
1155358 0.0
1130998 0.0
1112993 0.00479062483711
1232544 0.0196350545034
1453853 0.0
1499116 0.000203317357922
1549429 0.0
1335440 0.0
142016 0.0
1147242 0.0
1040221 0.0
221483 0.0
1202868 0.0
1465488 0.0
1040958 0.0
130569 0.0
1463319 0.0
239183 0.0
1575488 0.000306167548754
1178449 0.0176998477188
1367831 0.0151242341729
1040026 0.0
1069597 0.0
1231494 0.0
1112200 0.0
1325043 0.0
1271781 0.0
1153826 0.0230768463151
1082739 0.0
1351562 0.0
1479134 0.0152380952381
262328 0.0
1070416 0.0
127551 0.0
1059439 0.0
1263382 0.000163943713333
1014974 0.00154254240798
116535 0.0
1339331 0.00334206135263
109405 0.0
1285448 0.0
1544922 0.0
1307751 0.0
1041795 0.0
1454103 0.0
1231129 0.0
1536663 0.0
1030816 0.0
1249709 0.0
1284429 0.0
1591307 0.0
185792 0.0
1096511 0.0
1295401 0.00334201713054
177744 0.0
1302181 0.0
1500425 0.00211339620891
1126903 0.0
1165207 0.0
1092851 0.0
1203884 0.0
1511617 0.00119951510217
303176 0.0
1395402 0.0
193384 0.0
1250475 0.0
116289 0.00130976164846
260806 0.0
1329138 0.0
1521787 0.0
208019 0.000335040290449
1462312 0.0
1488180 0.0
1272325 0.0
1429632 0.0
223295 0.0
392501 0.0
1170955 0.0
1239004 0.0
1568591 0.0
1248724 0.00409695576412
325683 0.0
143006 0.0
1012612 0.0
158201 0.00243243243243
1133172 0.0
1055142 0.0
1558984 0.0
43914 0.000237908948295
1194072 0.0
1143540 0.000371532976827
1059183 0.0
1566423 0.0
1317979 0.0
1073036 0.0
1038800 0.0
1274643 0.0
1024106 0.0
1001080 0.00266156456175
1057439 0.0
138580 0.0
106305 0.0108137133237
1086108 0.0
1143891 0.00776946287945
1591127 0.0
1507642 0.0
129572 0.0
1050492 0.0
1069854 0.0
353060 0.00434591251153
1528647 0.000260042688518
1321708 0.0
101354 0.0
1492695 0.0
178892 0.0
1515334 0.000942764720211
203402 0.00307696921124
1326557 0.0
295751 0.0
1285920 0.000623143075115
101911 0.0
1324778 0.0
1268439 0.0
1394233 0.0
191652 0.0
1585007 0.0
1423113 0.000201586917013
1353873 0.0
1257416 0.0
222609 0.0
133604 0.0
1472737 0.0
1048684 0.0
1506915 0.0
1209412 0.0
1150486 0.0
1320478 0.0
190415 0.0
1408427 0.0
1180985 0.0
57397 0.0
1204670 0.0
1361983 0.0
229206 0.0
535781 0.0
1028823 0.00304443328602
168616 0.0
1067440 0.0
1547749 0.0
1348640 0.0
1124355 0.0
1067446 0.0
1050801 0.0
247563 0.0
210730 0.00127724261347
1286017 0.0
1063374 0.00532469452868
1371461 0.0
219036 0.0
1131331 0.0
1534090 0.0
293983 0.00224270179605
1251789 0.0
1410336 0.0
110870 0.0
1213584 0.0
5786821411022183 0.0
1304016 0.0
1228064 0.0
1129445 0.00289490123775
381332 0.0
1007077 0.0
1248113 0.00360138798309
1405453 0.0
291345 0.00180889037702
1043554 0.0
257797 0.0
1233082 0.0
1326687 0.0
1524709 0.0
1405180 0.0
1554961 0.0
1421503 0.0
1566957 0.0
247756 0.00493575018148
1499237 0.0
1203086 0.0
322510 0.0
1427352 0.0
255200 0.0
1473819 0.0
1114468 0.0
1298060 0.0
1109025 0.00329715087303
1516275 0.0
1290110 0.0
333675 0.0
1162664 0.0
229586 0.0
1532353 0.0
132554 0.0
156849 0.0
1261265 0.0
126093 0.0
1327810 0.0
188440 0.0
1104745 0.0
1005795 0.0
384691 0.0
108764 0.0
1541696 0.0
1189112 0.0
1046243 0.0
1352511 0.0
1080520 0.0
1275309 0.0
1148105 0.0
1111159 0.0
1140174 0.0
1236706 0.0
1181809 0.0
1380670 0.0
1525790 0.0
1309299 0.0355942622782
1430793 0.0
217247 0.0
1040031 0.0
144441 0.0
1124812 0.0
1363225 0.0
1384771 0.0
180787 0.029387755102
1590064 0.0
1257225 0.000674500259411
1145907 0.0
1354268 0.0
1148767 0.000345280288488
1406180 0.00401664140359
1022237 0.0
1354260 0.0
336355 0.0
1459213 0.0
1007727 0.0
1451993 0.00158196199775
127302 0.0
437682 0.0
1254574 0.0030558128792
206542 0.0
1446562 0.00332063920736
105927 0.0
1157705 0.00505003275085
1015909 0.0
1468500 0.00464665398315
1027821 0.0
1140518 0.0
1217758 0.0
180677 0.0
1542251 0.0
1209637 0.0
1100715 0.00144950981322
1388130 0.0
1027480 0.00459293903217
1003909 0.0
1165163 0.00223298902603
1058933 0.0
1060528 0.0
1432928 0.0
1152742 0.000808266960726
1040147 0.0
34740 0.0
283025 0.0
1348190 0.0
1351796 0.0
1307103 0.0
165421 0.0
1054607 0.0
195897 0.0
1477940 0.0
1325703 0.00439364560248
1464520 0.0
2252 0.0
1518048 0.0
1448682 0.0044503162688
24447 0.0
1075928 0.0
1396814 0.0
155160 0.0
199194 0.0
130953 0.0
25331 0.0
1509819 0.00245965964417
145088 0.0
1387821 0.0
1102483 0.0
276313 0.0
1474763 0.0
1447895 0.0
1277495 0.0
12634 0.0
166511 0.0
1295706 0.0
1338320 0.0
1510043 0.0
1003401 0.0
223250 0.0
104311 0.0
344029 0.0
1513804 0.0226486290075
1137240 0.0
294275 0.0
309831 0.0
1030304 0.0
1006694 0.0
1255949 0.0
1094074 0.0
187209 0.0
293931 0.0
1532518 0.0
392084 0.0
1079050 0.0
1198944 0.0
156548 0.0
1476832 0.00322526538035
1112043 0.0
111580 0.0
1329437 0.0
1428737 0.0
1069910 0.0
25020 0.00754000078495
214862 0.0
1301084 0.0
1306521 0.0
209492 0.00267343485618
149378 0.0
1518765 0.0
1224007 0.0
1545531 0.0
1451371 0.00495921468395
100740 0.0
116856 0.0
135073 0.0
1093855 0.00208355771452
1483280 0.0
293738 0.0
1521087 0.0
106310 0.0
1048851 0.0
135259 0.0
176113 0.0
1347574 0.0
1415239 0.0
1245270 0.0
1024858 0.0
1062226 0.00205836660049
235980 0.0
244591 0.0
12292 0.0
199659 0.0
1422187 0.000231371283335
1129503 0.0
1324541 0.0
124220 0.0212337662338
176019 0.0
140366 0.0
1250688 0.0
1009398 0.0
152770 0.0
270582 0.0
1077121 0.0
1005669 0.00235390863876
134818 0.0
1431310 0.0
1476053 0.0
1551153 0.0
1037258 0.0
200693 0.0
173985 0.0017661971831
1460287 0.0045465796344
1005392 0.0
1216259 0.0
1589595 0.0
1191562 0.00460726272502
1509805 0.0
346981 0.0
1315948 0.0
149181 0.0
1520346 0.000553463753018
1041213 0.0
1766 0.0
1515563 0.0
176020 0.0
102519 0.0
145395 0.0
1507902 0.0013178061554
1185612 0.0
2004 0.0
226794 0.0290516732587
1183060 0.0
1049648 0.0
1225754 0.0
146346 0.0
1184965 0.0
1424597 0.0
1158111 0.0
1151613 0.0430769230769
1536382 0.00215130081403
1297365 0.0
14913 0.0
380030 0.0
1520223 0.0
1072998 0.0
1233761 0.0
1104527 0.0
1109044 0.0
1035315 0.0
1072995 0.0
1552637 0.0
1505676 0.0
1379641 0.0
1475562 0.00484875493876
208512 0.00155326513724
148763 0.00165363873678
1032231 0.0
1313235 0.0138477151156
1290715 0.0
1222631 0.0
205440 0.0
321891 0.0
1035793 0.0
317365 0.0
1107878 0.0
11182 0.0
1480256 0.0
1480701 0.00283614525657
1326618 0.00225787024133
1489318 0.0
1504852 0.0
1169683 0.000381047621793
1137647 0.0
1212973 0.00231166711958
1173058 0.0
1441364 0.0
197726 0.000216601134257
1532929 0.00702005374531
133095 0.0
1552250 0.0
1259858 0.0236453736737
1151508 0.0
1464379 0.0
1080357 0.0
226766 0.0
211174 0.0
1268086 0.0
13765 0.0
333662 0.0
360189 0.0
1593272 0.0
109376 0.0
1192867 0.0
280581 0.0
1331901 0.0
1297016 0.0
1259316 0.0
137730 0.0
1259319 0.0
133894 0.0
1526942 0.00130689952817
1260079 0.0
1149650 0.00239988505788
106765 0.0
1527364 0.0
1233509 0.0
1162782 0.0029323479485
1424723 0.0
1067234 0.0
1000847 0.0
1545839 0.00150856897313
1221073 0.0
13902 0.0
483631 0.0
188081 0.0
1336 0.0
288646 0.00181739130435
1003085 0.0
1113803 0.0
1196094 0.0
1481076 0.0
308758 0.0
330082 0.000458743064588
1107058 0.0
1022222 0.0
1486001 0.0
1133941 0.0
1100524 0.0
1322750 0.00267953351599
1384894 0.0
207334 0.0
1498777 0.0
321573 0.0
1436852 0.0
1039631 0.0359059138913
1069261 0.00274729552481
373998 0.0
1478308 0.0
126551 0.0
1232562 0.0
106963 0.0
1425661 0.0
129271 0.0
1081069 0.0
23894 0.0
1170088 0.0
1030763 0.0
1061045 0.0
180089 0.0
22231 0.0
1152753 0.00481605170419
159279 0.0
1201384 0.0
1432913 0.0
1334884 0.0
1330520 0.0
1061916 0.00118106820801
1307422 0.0
296283 0.0
1170158 0.0
1572304 0.0
1353491 0.000209028157738
340364 0.0
116158 0.0
1372739 0.00293749144292
1295934 0.0
1452417 0.0
1544836 0.0
187361 0.0
150980 0.0
1423477 0.0
1038687 0.00234929857913
1586217 0.0
1081483 0.0
1231453 0.0
145098 0.0496551724138
196240 0.0
1230984 0.0
1419031 0.00117268074412
1288982 0.0
1426349 0.0
1489255 0.0
1477487 0.0
1209042 0.0
1369191 0.0
1567710 0.0046303494538
1254172 0.0
1560537 0.00160678954493
1568811 0.0
228889 0.0
1079998 0.0
109026 0.0
1369359 0.0
1369356 0.0
1477719 0.0
1306739 0.0
1526772 0.0
197809 0.0
1194276 0.00487020395376
224478 0.0
1211308 0.0
1533673 0.0
1307600 0.0
1179841 0.0
1208372 0.0
1374147 0.0
1282067 0.0
1013518 0.00346404100955
1217465 0.0
121997 0.0
1461958 0.0
1023322 0.00319713746004
1486807 0.0
139566 0.0
1316850 0.0
1515177 0.0
1198959 0.0
1101721 0.0
304040 0.0
1015576 0.000345338941727
1331697 0.0
257204 0.0
1265617 0.0
250250 0.0
1041686 0.0
1383713 0.00296810870871
1456316 0.0
1321091 0.0
1258205 0.0
287462 0.00427406578492
1419353 0.0
1082267 0.0
1230294 0.0
1411233 0.0
1457931 0.0030558128792
1169892 0.0
1154767 0.0
1395285 0.0
1156054 0.0
299371 0.0
1047922 0.0
1589610 0.0
1478841 0.0
1545422 0.0
1014791 0.0176600604623
1224109 0.0
1009039 0.0
1109859 0.0
364963 0.0
396532 0.0
294426 0.00338865798291
1185117 0.0
343300 0.0
1387844 0.0
441642 0.0
152768 0.0
128004 0.0
5786821411022322 0.0
280433 0.0
161881 0.0
138495 0.0
1120257 0.0
1411345 0.0
1328606 0.00730421759007
1041221 0.00256913714349
1354434 0.0005075211183
16842 0.0
1239234 0.0
1412835 0.0
353259 0.0
250747 0.0
190473 0.0
1342459 0.0
159292 0.0
2017 0.0023282608177
1471890 0.0015447068447
1070589 0.0
1326991 0.000576081066866
1321947 0.0
118858 0.0
1435003 0.0
1435000 0.0
1292907 0.0
1029795 0.0
480678 0.0
143835 0.0
316282 0.0
1220934 0.0
1002713 0.0
317770 0.000245479932609
1573211 0.000376629300548
1017211 0.0
1276478 0.0
1441040 0.0
1314039 0.0
1239838 0.00451923058789
270277 0.0
195345 0.0
1048488 0.00108362554265
36505 0.0
138014 0.0
1089861 0.0
142053 0.0
1188775 0.0
123352 0.0
1257238 0.0
1484212 0.0
1344665 0.0
1349123 0.00273789784944
1223570 0.0
1532934 0.0
1083630 0.0
1079208 0.0
1267984 0.0
1158155 0.0035237805378
1472529 0.0
1286431 0.0
1110310 0.0
1314784 0.0
1035076 0.0
1581563 0.0
1530196 0.0
1025093 0.0
137128 0.0
1461801 0.00316914043412
1044913 0.0
1105664 0.0
1247352 0.0
172937 0.00314354889097
1279743 0.0126084461333
1122088 0.0
1326062 0.0
199087 0.0
1168653 0.0
291259 0.0
1584731 0.0
1189428 0.0
1353002 0.0
1573578 0.000329131669602
138838 0.0
1533831 0.0
1189423 0.0
1159222 0.0
275377 0.00263720248252
1229264 0.00136536427032
1209949 0.0
157993 0.0
1243109 0.000464334169422
175073 0.0
1275324 0.0
1140758 0.0
316710 0.0
1166564 0.0
388438 0.000966545693966
1378074 0.0
266509 0.0
129682 0.00296151653772
1409384 0.0
1132156 0.0
1090024 0.0
1485745 0.0
1160151 0.0
1075096 0.0
1181595 0.0
1283528 0.0
1251009 0.0
138455 0.0
1226508 0.0
1153924 0.0
1457702 0.0
312525 0.0
1510886 0.00146698553082
1451605 0.0
1027926 0.0
1263088 0.0
222909 0.0
228076 0.0
171170 0.0
1343993 0.00403232525006
222903 0.0051564631687
1141593 0.0
1384335 0.0
1205830 0.00044594933534
1019092 0.0
173198 0.0
282066 0.0
1517143 0.0
1061050 0.0
1122718 0.0
1338740 0.0
104397 0.000838358739024
280931 0.0
188647 0.0
330672 0.0
1000097 0.0
1150853 0.0019439481052
1007525 0.0
1359890 0.0
1301864 0.0
180432 0.0
1161983 0.0
1005112 0.0
286982 0.0
1346928 0.0
1033951 0.0
1345215 0.0023997342534
1039580 0.0
1358638 0.0
1459582 0.0
117909 0.0
110604 0.0
1065174 0.0
1093767 0.0
1193812 0.0
1122748 0.0
1525689 0.0033384830443
1498439 0.0
1550798 0.0
279873 0.0
1014943 0.00685394040657
1124768 0.0
1487678 0.0
149953 0.0
163820 0.0
1413865 0.0530526315789
1344070 0.0
364996 0.0
1231596 0.0
1066871 0.0
1380903 0.0
1194794 0.0
1230868 0.0
1108942 0.0
1178561 0.0
1295213 0.0169899263738
1568533 0.00917017451647
1433566 0.0
1146341 0.0
1051392 0.0
1372412 0.0
1498233 0.0
1578749 0.0
1165956 0.0
1498549 0.0
1522750 0.0
1538577 0.0
1195683 0.0
1243850 0.0
165977 0.0
1395613 0.00445454545455
1412333 0.0
1458381 0.0
124153 0.0
1338165 0.0
1036125 0.0
1266400 0.0
1529680 0.0
1218147 0.0109039160579
1143530 0.0
222242 0.0
1207750 0.0
212298 0.0
159049 0.00496043460692
1540074 0.0
1384445 0.0
1255580 0.00354845753841
1354159 0.0
1529411 0.0
1275340 0.0
1155710 0.0
1495883 0.0
354610 0.0
1576214 0.0
1109442 0.0
1180713 0.0
1324105 0.00546962270857
1216302 0.0
198856 0.0
19950 0.0
352868 0.0
1047910 0.0160354801336
1156513 0.0
1129078 0.0
1246206 0.0
1391918 0.0
1065824 0.0
148360 0.0
1129074 0.0
1300953 0.000128701241204
1488678 0.0
1216413 0.0
1220433 0.0
1003851 0.0
1200814 0.0
1415691 0.000350397606709
1476451 0.0
153195 0.0
1367116 0.00408234071604
1353824 0.0
1005609 0.0
1235692 0.0
1322805 0.0
1437990 0.0
1052874 0.0
1251486 0.0
269563 0.0
1125378 0.0
1528699 0.000814061151357
172038 0.0
121506 0.0
1093945 0.0
1267062 0.0
1534322 0.0
1187856 0.0
1242329 0.00189349162814
1220547 0.00153489919726
1252594 0.0
1559001 0.0
1196837 0.0
10618 0.0
1076030 0.0
261903 0.0
327376 0.0
166008 0.0
1574240 0.0
1129819 0.0
1283095 0.0
29368 0.0
125352 0.0
1290601 0.0
1509822 0.0
18473 0.0
1328104 0.0
135901 0.0
1311873 0.00517479336566
371991 0.0
1280968 0.0
1366374 0.0
1203143 0.0
1076297 0.0
1032663 0.0
1130497 0.0
1274699 0.0
443613 0.00113224020565
419786 0.000167899350649
1062574 0.00364285649433
1308541 0.0
105488 0.0
1347330 0.0169202226345
1336186 0.0
198327 0.0
1330964 0.00251793472347
1400929 0.0
1148506 0.000338830602558
1265114 0.0
1014696 0.000400982275109
1017024 0.0
1546550 0.00110433696447
1520009 0.0
1091141 0.0
1354623 0.00555611069166
335424 0.0
146353 0.000842269714691
18583 0.0
1303993 0.0
1025424 0.0
26915 0.0
217933 0.00297404488551
192011 0.00521346714964
1134094 0.0
1257636 0.0
1020249 0.0
1314363 0.0
1546313 0.0
1381467 0.0
1087139 0.0
1390969 0.0
157611 0.0
1370811 0.0
284407 0.0
1481707 0.0
1091818 0.0
1328244 0.0
18726 0.0
1526988 0.0
1554485 0.0
108555 0.0
1461212 0.0
119081 0.0
1331789 0.0
289829 0.0
1549980 0.00128879726957
1353010 0.0
18294 0.0
1292898 0.0
18296 0.0
1012497 0.00415917122591
1093919 0.0
132364 0.0018127699205
1440655 0.0
2801 0.0
167272 0.0
133188 0.0
1254220 0.00368945648653
1427254 0.0
1193827 0.0
1046292 0.0
1392834 0.0
1140748 0.0
197701 0.0
1342711 0.0
1417681 0.0
1442503 0.0
233719 0.00267569310123
1056867 0.0
1516330 0.0
1268205 0.0
1555842 0.0
1197479 0.0
1536548 0.0
1015203 0.0
1401672 0.0
1427786 0.0
1007600 0.00362757875748
147473 0.0
1480500 0.0
1107070 0.00255750210522
1345110 0.0
1000551 0.000215618125182
15395 0.0
340905 0.0
1374805 0.0
1105710 0.0
1140528 0.000108566551863
1078012 0.0
1308026 0.0
1166355 0.0
188413 0.0
1186250 0.0
1046160 0.0
114800 0.000844549603175
267125 0.0078686045713
1084145 0.0
1176829 0.0
1034041 0.00255350417765
1244698 0.0
1524581 0.0
1084764 0.0
1319992 0.0
206861 0.0
1346657 0.0
1422887 0.06
1567886 0.0
35080 0.0
1575445 0.0
1568316 0.0016941883138
1288561 0.0
108694 0.000394584083125
123019 0.0
1018420 0.000696624501445
1338620 0.0
1011781 0.0
1332280 0.0
1304728 0.0
1028849 0.0
1198151 0.0
35225 0.0
1532305 0.00486269738372
460707 0.0
1383255 0.00255427525908
1231479 0.0
1020887 0.0
220084 0.0
424595 0.0
1081441 0.0
188744 0.0
1450832 0.0
1487881 0.0
556567 0.0
1406008 0.0
23986 0.0
1413857 0.0
1164332 0.0
1210140 0.00516339391575
1533653 0.0351109783881
1569837 0.000869486090586
1498479 0.0
1307623 0.0
1122389 0.0
1519936 0.0
1533658 0.00500658761528
262960 0.0
1082068 0.0
1497266 0.0
1273364 0.0
1011706 0.0
294955 0.0
1547102 0.00352767748542
184711 0.0
1146801 0.00426819451728
1357711 0.0
1499973 0.0
1535825 0.00314969011988
1036883 0.0
153765 0.00297716100085
1585463 0.0
167703 0.0
1265630 0.0
409279 0.0
1235022 0.0
1152527 0.0
1426034 0.0
1544562 0.0
1460994 0.0
1368539 0.0
1134676 0.0
1081308 0.0
1046170 0.0
1557588 0.00175468053801
1478628 0.0
1062406 0.0
1151933 0.0
1306044 0.0
1308726 0.0167885116233
21911 0.0
1314031 0.0
1004079 0.0
154069 0.0
239714 0.0044566934433
1371036 0.0
198824 0.0
1585590 0.0
133713 0.00302032293264
1234307 0.0
223681 0.0
1383734 0.0
28072 0.0
1574096 0.0
445049 0.0
1333704 0.0
101390 0.0
1470325 0.0
196082 0.0
1423808 0.0
1328441 0.0
1363059 0.0
200223 0.0
1521166 0.0
1368317 0.0
187989 0.0
1294775 0.0
1101906 0.0
1097418 0.0
1573875 0.0
1437478 0.0310788485607
1573870 0.0
1274525 0.0
1494595 0.0
152498 0.00269125761712
1472770 0.0
269577 0.0
158438 0.0
201933 0.0
1267077 0.0
189660 0.0
1048550 0.0
1360498 0.010551689604
1441206 0.0
1340544 0.0
126271 0.0
1048792 0.0
1184084 0.0
11607 0.00360086502258
1324131 0.0
1172879 0.00477593624565
1191333 0.0
1201198 0.0
1077028 0.0
1327446 0.00459029528017
1108569 0.00514815293936
1327115 0.0
326788 0.0
1397978 0.0031031894672
1371621 0.0
1399785 0.00426052938489
1503467 0.0
387848 0.0
1206411 0.0
186001 0.0
1280977 0.00977801268499
10426 0.00326055172958
1476415 0.0
1087548 0.0
1239832 0.0
1360782 0.0
1225090 0.0
1567139 0.0
1129480 0.0
1158892 0.0
1370713 0.0
1387551 0.0
1297559 0.0
1187334 0.0
139039 0.0
1078931 0.0
1139761 0.0
378092 0.00328831904097
1442085 0.0
156242 0.0
1439559 0.0
1522988 0.0
1308444 0.0
1573671 0.0
451266 0.0
1283179 0.00422539957426
1490321 0.0
1080652 0.0
1142704 0.0
1400732 0.0
1172609 0.0
210942 0.0
1467435 0.0
1125810 0.0
275427 0.0
1292038 0.0
365165 0.0
1325553 0.0
1593220 0.0
1207618 0.0
1153651 0.0
1308149 0.0
1229409 0.0
146806 0.0
250177 0.0
1494007 0.0
1488075 0.0
1345667 0.0
1215309 0.0
1570185 0.0
1481599 0.0
187754 0.00160808805115
1263558 0.0
1481603 0.0
108493 0.0
1045713 0.0
192988 0.000279196369421
115324 0.0
1118742 0.0
1386195 0.0
1189719 0.0
1160595 0.0
1161517 0.0
1427191 0.0
1108709 0.0
1178752 0.0
317506 0.00501072960693
15479 0.0
169058 0.0
1031984 0.0
1406495 0.00122019335526
1264793 0.0
1453884 0.00961501801126
1006748 0.0
1303018 0.0
1229710 0.0
1585643 0.0
1130964 0.0
245754 0.00262964647469
1063656 0.0
1119911 0.0
1021106 0.0
1457770 0.00200770560839
197773 0.0
126052 0.0
111842 0.0
1262825 0.0
1330511 0.0186432561852
1443075 0.0
121734 0.0
1278488 0.0
1059866 0.0
1136249 0.0
1321557 0.00304849213347
1027771 0.0
1323439 0.0
1440465 0.0
1553335 0.158709833697
1497587 0.0437588697282
1441997 0.0
1095492 0.0117082700239
1095490 0.0
1303397 0.0
1303395 0.0
1338611 0.0
28971 0.0
1482791 0.0
