1520386 0.00200811277561
650580 0.00320281278136
1215566 0.00253022209727
1396058 0.00266339168134
1075573 0.00266339168134
1185117 0.00320281278136
1060939 0.00351419735732
1308026 0.00351419735732
128346 0.00351419735732
214555 0.00377645089145
1428665 0.00316277762159
1224109 0.00328600272373
1549610 0.00351419735732
1025093 0.0036146029961
1559001 0.00351419735732
191318 0.00266339168134
344029 0.00312373098429
1486001 0.00266339168134
1540074 0.00210851841439
1383734 0.00221949306778
1100583 0.00324387448368
175073 0.00220019312806
1010832 0.00172123952195
107478 0.0018203036671
1087673 0.00330615687377
1153924 0.00266625554336
1288722 0.00187140955119
1297559 0.00258293505763
1167072 0.00375699644747
1377745 0.00438870381474
1111184 0.00259645827783
297079 0.00387440258645
1064699 0.00399938331504
235980 0.00304247565071
1156786 0.00399938331504
21911 0.00311901591865
1077028 0.00375699644747
1498233 0.00390490969343
105488 0.00381479639281
1465488 0.00359364877584
165141 0.00216560493915
1019092 0.00207499385383
1252643 0.00245506698547
137128 0.00163132740482
1247352 0.00427520285401
1273500 0.00344391341018
260093 0.00399938331504
464077 0.00399938331504
1212030 0.00359364877584
1384335 0.00423866265868
1320547 0.00390490969343
1217465 0.00427520285401
1034298 0.00253022209727
1043554 0.00304247565071
1006300 0.00187140955119
1069431 0.00214685511284
1150486 0.00322028266926
1420261 0.00399938331504
1007727 0.00266625554336
1308541 0.00220410458251
118085 0.00288778314878
1097220 0.00266763824506
1145352 0.00121653032443
1060170 0.00179181725496
324474 0.00279287947722
1156513 0.00267965463355
1111159 0.00196981234652
1001813 0.00196981234652
535781 0.00283277775547
427679 0.00256415227865
1128851 0.00198294442883
1260079 0.00267965463355
172038 0.00197635657358
1551206 0.0021870710612
125246 0.0018136686849
217201 0.00121653032443
1164332 0.00133681646887
1036125 0.00161653078437
1166564 0.00247868053603
1273121 0.00240843452894
1460784 0.00271636223127
1247769 0.00265572914575
180432 0.00174452589046
13765 0.00233287579862
145819 0.00173435372784
26087 0.00197635657358
129757 0.00197635657358
1370435 0.00222802744812
1559923 0.00196981234652
1189112 0.00171436117766
1470325 0.00222802744812
1093050 0.00162536428592
1548709 0.00242809521897
133005 0.00245819557292
1226508 0.00256415227865
1071141 0.00245819557292
238950 0.00260913740635
1064085 0.0021870710612
1088871 0.00640831211616
1095796 0.00862190341562
1309419 0.00861257739787
1205956 0.00870199760036
1498439 0.00782538359148
1539401 0.0078446579353
1527990 0.0070682004477
1051745 0.00862190341562
332679 0.00640573435586
1353181 0.00860792195063
265963 0.00865941033641
1225614 0.00870199760036
1401672 0.00866412165868
1031984 0.00869249760298
1093945 0.00860792195063
1151613 0.00969242581172
153065 0.00869724500746
1098432 0.00784079547448
1235510 0.00868301832533
1336991 0.00782923087938
1113603 0.00706506460011
1392834 0.00871151838548
1092766 0.00862657400252
1233420 0.00640315866854
139566 0.00538540940435
275099 0.00870675539019
1443714 0.00781386438109
1217239 0.00870675539019
1330561 0.00860792195063
1333789 0.00780237903413
1143530 0.00865000304653
163820 0.00781386438109
1335440 0.00708077172461
1529411 0.00868775537843
1004783 0.00781386438109
1280924 0.00868301832533
1529817 0.00870675539019
1118729 0.00869724500746
1215046 0.00870675539019
1385753 0.00867355969971
1166355 0.00870675539019
1479134 0.00872583868968
197809 0.00869724500746
1428737 0.00870675539019
1348962 0.00771543391892
1499467 0.00405467546251
1167856 0.00434068991422
1016261 0.00430496407131
1000847 0.00241594981369
1076690 0.0029220845512
1328023 0.00434068991422
1537891 0.00443265368359
1510710 0.00367054831343
1068429 0.00288183545269
217247 0.00396252374745
255515 0.00252682673751
1006748 0.0037494848363
1070988 0.00386017073553
1186250 0.00423524805396
1298932 0.00317001899796
205942 0.00441395050349
1424975 0.0037494848363
1374805 0.0028660445735
1336 0.00316044190129
1258250 0.00243280527751
1340874 0.00276017485311
138081 0.00445151603969
1351585 0.00321878852101
1358169 0.00222575801985
299371 0.00357032856426
1460994 0.00410237752678
1207750 0.00335290470938
1267984 0.00443265368359
1566786 0.00203522620492
1327962 0.00165523143881
1309640 0.00251467853204
332756 0.00251467853204
308215 0.00251467853204
336355 0.00360726299768
121997 0.00327932999789
1534606 0.00416775406107
217504 0.00364496957954
1058933 0.0042012299973
1163784 0.00325889803529
1151508 0.00325889803529
1076932 0.00326908209165
222609 0.00316044190129
167787 0.00227909862599
148393 0.00257661642692
329446 0.00215248203565
1273364 0.00192298946568
1056150 0.0029220845512
1482292 0.00304987250533
1195638 0.00304987250533
30188 0.0085386893344
1270809 0.0105882018675
1192956 0.00907905108818
180808 0.00535102675022
480678 0.0104905504668
1426466 0.00696312007375
154585 0.00852954237207
1451605 0.0100218096971
1052242 0.00535102675022
125315 0.00634195762989
1180713 0.0119464783261
1373006 0.00946769061157
602097 0.00768193710017
1294499 0.0106164370724
126093 0.0089464357352
556567 0.0113991808222
171170 0.00724836395478
116535 0.00694793002123
352352 0.00797029810243
1539097 0.0089464357352
1506079 0.00692978921178
138014 0.00673346960197
1130599 0.00547803770508
438777 0.00922099340397
1231494 0.00768193710017
122528 0.00773416979537
1326159 0.00717326829219
297602 0.0106164370724
159240 0.012193457587
1254740 0.0094117349933
1538595 0.012297031358
1502826 0.00595759656141
1051392 0.00595759656141
1470814 0.0105882018675
1230010 0.00834188350375
1275340 0.0117265505218
101045 0.00812482429013
1477487 0.00673631793937
1308149 0.00765608442724
151746 0.0123065344735
1076030 0.0109222603626
1187856 0.012297031358
270582 0.00767823317679
68655 0.00852954237207
1005392 0.010476747111
1063625 0.0095072570798
259122 0.00595536858963
193384 0.012297031358
1521166 0.0105531183623
1339673 0.00633438966136
1526988 0.00747636413552
1304517 0.0106590733659
201735 0.0126990874072
425950 0.0119464783261
1341647 0.00695096272748
1019991 0.0125886605602
1285748 0.00946769061157
1259549 0.00921032713051
1059179 0.00812482429013
1028814 0.00580979774121
1317770 0.012268609868
1291840 0.012297031358
1498000 0.0108923772973
42631 0.0095072570798
1530904 0.0111595344139
1094958 0.0108998327232
101354 0.0122780690892
1409228 0.00854785593594
1334074 0.00838139768877
1331486 0.0094117349933
1254899 0.0094117349933
1124990 0.00942845210696
1060596 0.00850221869122
1308444 0.00942845210696
1429272 0.00717326829219
1271824 0.012268609868
1203884 0.0117007021371
340905 0.0101820048649
1030763 0.0104905504668
1007546 0.010476747111
1245270 0.0106519435509
1266628 0.0106377124974
1333438 0.00511389069
223681 0.00709971271006
103347 0.0108257346082
1202745 0.00778331163669
1224963 0.00709971271006
1239004 0.00551981130283
1076476 0.0108257346082
154069 0.00954715564068
1129078 0.00510242089351
380177 0.00651315157818
1417113 0.00691474407671
1019808 0.0104218950318
181120 0.00712193900208
1058181 0.00858009461673
1275324 0.00713790031764
1396829 0.00785626818385
146865 0.00598896412511
1119911 0.00552364051636
1502577 0.0110129015274
1050406 0.00778331163669
213898 0.00597772357682
1275171 0.0102607317066
1383373 0.00551981130283
396532 0.00511553344319
1577161 0.0078446579353
1090024 0.00724836395478
688463 0.00551026145628
275327 0.0124801376243
1147940 0.0103005534338
1494783 0.00948460727139
1139675 0.00786402746107
1155358 0.00841683700246
1108990 0.00878844128513
1270884 0.00971608029814
110604 0.00953572192135
1058515 0.00552555711612
154711 0.0104287201105
1160595 0.0104355541341
1359107 0.00971608029814
1022602 0.0095072570798
129758 0.0110129015274
1533831 0.00958739049287
1520009 0.0113342744546
1114442 0.0110281548536
1353873 0.0110281548536
1006765 0.00870675539019
1039277 0.00551407742682
193854 0.00649455775231
1448968 0.00949025959992
17406 0.00953572192135
1259316 0.011937522945
1246206 0.00716681170507
1231453 0.00709971271006
1394233 0.00786402746107
1541696 0.00709654884521
1080520 0.00769307034235
1380408 0.0105601164514
206542 0.0105601164514
169058 0.0106377124974
1329467 0.0095072570798
190778 0.00947896167182
1498007 0.00949025959992
1242614 0.00949591866944
169193 0.00878359382717
1130776 0.00951293644484
129942 0.00946206512695
18583 0.00949591866944
30129 0.00958162190653
1250688 0.00948460727139
1146516 0.00841239070716
1165207 0.00873062259247
1573870 0.00840351219454
1206411 0.00851585861426
1033996 0.00842128800035
1329116 0.00841683700246
1070605 0.00713150721391
424595 0.00701217772288
1453407 0.00701217772288
1157521 0.00701217772288
1526914 0.00673346960197
1213584 0.00748339079354
1020249 0.0137410634131
1453332 0.0116294507999
22624 0.0134705940578
1018804 0.0140442530548
1417681 0.0143503691693
1406631 0.0108733489486
1329437 0.013473086489
1031881 0.0116294507999
1035315 0.0116294507999
1079208 0.0134965605054
1070394 0.0139276697981
2801 0.0137410634131
187209 0.0134925591533
130748 0.0120613269792
119368 0.0134885601731
1162376 0.0125088715795
1184965 0.00987558565095
1190296 0.00987531778761
318245 0.0138587498075
197974 0.0138534765113
1027433 0.0134920591511
171671 0.0105080586525
241532 0.010181013288
1413021 0.013473086489
1292038 0.0134920591511
355452 0.0129913725671
173971 0.0129867385837
35936 0.011635025444
1413857 0.0108606991079
238887 0.0120589300541
23066 0.0133324745933
10618 0.0136080439616
1395216 0.0116331666356
198127 0.0136187333057
1480218 0.0105129133805
1135757 0.0116294507999
1207618 0.0116294507999
1095223 0.012989518577
164836 0.0134935592689
1380670 0.0125075824038
1288982 0.0112399115891
1093767 0.0112478981802
1181809 0.0108652366885
1241219 0.0136080439616
1479808 0.0105211159137
1245944 0.0129867385837
138495 0.0139340662174
20700 0.0139058596056
140366 0.0134885601731
1283781 0.0134930591926
199659 0.012989518577
1159631 0.0120589300541
1457319 0.0128324833002
1494975 0.0101892761724
1175351 0.0116365129185
1035793 0.0116435836193
1371621 0.0134920591511
1073187 0.0134920591511
182844 0.0129867385837
1498549 0.0128022510002
1202868 0.0134810684709
1173170 0.0125127407016
1291363 0.0138587498075
1015203 0.0135030677667
1534090 0.0129867385837
258226 0.0135030677667
1063463 0.0125110207963
254398 0.0135030677667
1590938 0.0129867385837
1060006 0.0136080439616
27050 0.01420812551
1279244 0.01420812551
131435 0.0130650309037
1193767 0.0145983647231
1393427 0.0146165328272
165421 0.0145983647231
1019950 0.0143515005004
1200629 0.0138587498075
308758 0.0143396304133
1125102 0.0138714221128
1273379 0.014464966873
1051757 0.0143441500352
180787 0.0148575072921
1516275 0.0138587498075
193540 0.0143441500352
1220656 0.0143435849267
1510779 0.0138587498075
1542829 0.0134965605054
1106618 0.013491559186
1534033 0.0134920591511
1321590 0.0120613269792
123063 0.0134875607985
1067234 0.0133324745933
1334797 0.0128022510002
330672 0.0137410634131
111842 0.0123113385924
1362824 0.0123113385924
286982 0.0152585061897
1587118 0.0129960098588
1061045 0.0134343092946
316710 0.0134920591511
1501824 0.0125037164707
1041795 0.0142492746348
1199759 0.0125037164707
1474879 0.0134387721908
151797 0.0142020290292
1271781 0.0152336073721
1203119 0.0125131707518
1363993 0.0134343092946
1003909 0.01209377898
1532839 0.0135271490319
130158 0.012964541402
1195157 0.0142020290292
1362914 0.0138862357906
15451 0.0130313617593
276313 0.012963618166
229586 0.0125131707518
1214822 0.0118915379101
1433446 0.0128315787761
237891 0.0129987938232
1328104 0.0152591456913
1241782 0.011892314754
1397507 0.012963618166
1125257 0.0129631565974
1440655 0.0123472450976
1222631 0.012347663847
1429791 0.0134278681195
364963 0.0129640797676
1498135 0.012346407684
1408260 0.0152950435302
1475834 0.0157169529978
1339723 0.01209377898
1223864 0.0134905593669
1301506 0.012964541402
1425485 0.0138809415606
214249 0.0125131707518
1462965 0.0158317700654
1078012 0.0129631565974
316282 0.0129631565974
1094359 0.0118899845267
102312 0.0147163789892
1251789 0.0114671879116
1178752 0.0114686327787
1386078 0.0135231295247
194409 0.01599451813
250747 0.0125136008315
1535468 0.0129640797676
1030294 0.0140085885415
1312144 0.0135407325273
10806 0.0129626950615
1544562 0.0142020290292
149953 0.0142828141773
1112200 0.0161671055148
1087548 0.012963618166
1210442 0.0155518011274
1169892 0.0143475416217
1366447 0.0140037392282
111597 0.0158317700654
120947 0.0134387721908
13088 0.0129139579397
1053 0.0161656698425
1360184 0.0125671608227
1312950 0.0125032870701
1008235 0.0166514162448
1222456 0.0125127407016
1297297 0.012963618166
1483905 0.0152585061897
1158536 0.013008082325
1523576 0.0130006504622
1411303 0.012466468625
1050801 0.0125131707518
1489838 0.0147420017084
1361655 0.0147641206891
262252 0.0118930916994
1269980 0.0128347451685
1169487 0.0128361026722
1472770 0.0128333879518
269577 0.0142020290292
1524083 0.0142020290292
1396219 0.0134318311884
21035 0.0133500739291
1325549 0.0138862357906
1286431 0.0128320310222
1181595 0.0134318311884
1387821 0.0159973292409
1137991 0.0158317700654
1579521 0.0142755338846
1170955 0.0135407325273
145098 0.0130753534277
1383721 0.0135311709293
1295934 0.0130313617593
146983 0.0135316738346
1146731 0.01209377898
33421 0.0141013678374
275427 0.0142604369666
1265114 0.016484050174
1142166 0.0213350844532
12634 0.017246137852
1321091 0.0215689109119
177429 0.0197581383944
1234042 0.0190141642048
1453576 0.0214557850311
409279 0.0218694867968
162988 0.0185557930887
1075448 0.0236248923622
1141649 0.0242237668791
124220 0.0247406371428
1242944 0.0236218267822
145802 0.0192199343395
1505011 0.0180812085913
1517208 0.0226758355875
1339407 0.0185539018597
1002713 0.0151455225339
1243850 0.0232433105333
1353002 0.0218892091741
1445087 0.0230082922266
1294775 0.0236218267822
1130998 0.0143900721787
1073036 0.0205140419311
144441 0.011656257922
1151933 0.0236356281611
1327357 0.0129622335586
1041686 0.0151153408973
142375 0.0165439731083
281707 0.0195124720614
1015476 0.0158579736135
236683 0.0164669025868
129271 0.0164885293326
1137607 0.0174939081392
1136706 0.0155564525805
1290989 0.0236218267822
170651 0.0236832899365
1544701 0.0242269906969
1249784 0.0242318280328
157321 0.0202425895804
16373 0.0192229786797
1061050 0.016552999145
1404075 0.0180265988114
1138642 0.0169546063236
1326375 0.0192575487249
157611 0.0172387886455
133095 0.0169743678583
1243968 0.0125667270535
1494007 0.017639690707
1189819 0.0214570495163
1169948 0.0158579736135
1072440 0.0230272099294
1372774 0.014627102816
1409873 0.0142582031014
1000308 0.0187343427083
301615 0.0200078703189
1512851 0.0226758355875
1409384 0.0224410266391
1048684 0.0151423729909
1082068 0.0178192646923
257797 0.0160050648933
136145 0.0151638157515
1056867 0.0213126041207
214169 0.0200078703189
17756 0.0236356281611
207334 0.0224576373176
1345667 0.0155564525805
1189719 0.0178857936821
1189837 0.017675658617
157993 0.0136529499454
1369191 0.0150927834927
1359579 0.016021968676
183657 0.0158579736135
1419353 0.0149995145303
1533673 0.0171317154241
1025424 0.0143889347585
188647 0.0146329816403
1345173 0.0164676473922
1134676 0.016484050174
1471346 0.0135755701627
1192631 0.0236218267822
294955 0.0174939081392
342059 0.0195124720614
1387551 0.0207964366364
1041213 0.0182005207055
1090651 0.0147713086739
1330520 0.0142587615021
1035540 0.0116570043285
1088609 0.0169735765125
1117827 0.0151638157515
128004 0.0202707653356
1267062 0.0209303372345
1411345 0.0135755701627
1020970 0.0135786079959
1388130 0.0140355904469
1533695 0.0155737537939
1178823 0.0171430085787
1019225 0.0218878932424
179704 0.015858664352
1268205 0.0197217494282
138455 0.0135755701627
1363407 0.0180812085913
1077121 0.0195124720614
1249236 0.0226758355875
1326557 0.0236356281611
321577 0.0202707653356
305966 0.0207703357974
204295 0.0190290710392
1396775 0.0120961897802
1257467 0.016007879713
1288561 0.0213350844532
1244698 0.0197581383944
1383723 0.0135786079959
1043605 0.0129617720885
1303692 0.0151430027947
1286131 0.0152476428593
156849 0.0133800013301
1358638 0.0180821065902
142775 0.0135760763738
1079998 0.0236003899782
21194 0.0230403250344
158637 0.0207703357974
1005804 0.016552999145
206861 0.0235988602666
1489255 0.0236294922244
1056137 0.0214368356214
1569026 0.0180444672743
1423088 0.0187700786819
25564 0.018236987387
270381 0.0160057685054
1563031 0.0165372100379
1289510 0.0165432213828
142053 0.0143889347585
1303018 0.0143900721787
1540118 0.0143872289652
1370713 0.0148375261306
1104214 0.0236356281611
1347330 0.0237931784207
1500128 0.0236356281611
107116 0.0130304289823
1400714 0.0137007306462
1422117 0.0132630219735
364996 0.0135755701627
1316504 0.0135755701627
1115073 0.0137007306462
1477719 0.0135760763738
1048792 0.0197270923382
316630 0.0205059541647
1189428 0.0205140419311
1331697 0.0151140859394
1217378 0.0150094082613
1381467 0.0120961897802
1017362 0.0125684623099
1248716 0.0125675946218
180830 0.0129622335586
1396912 0.0241178601082
238038 0.0222395220935
126136 0.0234877244174
1566423 0.0241626769441
1235022 0.0240939194093
1123961 0.0231708277346
360189 0.023469555611
1474502 0.0231885367934
1418449 0.0241546617258
1065196 0.0231546181756
411492 0.0234786364992
1378626 0.0241114712711
114398 0.0241178601082
1095581 0.0241594702185
1121784 0.0230170196102
1310194 0.0231870600047
282216 0.0231796788816
1136231 0.0241146652665
1413121 0.0225536279622
1055245 0.022608247404
1433566 0.0176542314985
1032485 0.0241546617258
283565 0.0225928151532
174358 0.0205024899309
1004274 0.0230301231067
1083266 0.0234725817931
1480107 0.0176730846169
1007077 0.0211393610981
1104991 0.0241578671749
344363 0.0241194578465
1474763 0.0198097402575
1481603 0.0234559474419
1551769 0.0241578671749
1426349 0.0240891369719
1136124 0.0240588922351
1223570 0.022608247404
223924 0.0240255520782
1344364 0.0241530593202
1275696 0.0234665302091
1343954 0.0219684556926
1569582 0.0241530593202
315348 0.0230812232911
1066871 0.024087543248
1234450 0.0240271376093
1496416 0.0230461587665
1530605 0.0234801506638
282340 0.0240811704606
1044913 0.0241594702185
183520 0.0210793895434
162813 0.0230199302095
1211308 0.0186901035007
30147 0.0176722267835
1278373 0.0241162625815
136754 0.0231281423068
1017385 0.0186757228106
1309043 0.0215204643689
149181 0.0226096513813
293931 0.0234725817931
1080357 0.0186920225995
238457 0.0234604817445
231810 0.0234740951769
1229710 0.0241402477253
1280325 0.0231384312802
1214596 0.0241162625815
229206 0.0241146652665
1514384 0.0225844064384
1052214 0.0176568000094
1193827 0.0225312962555
1157208 0.0225215400342
1272593 0.0219340451951
382595 0.0210732891239
1505676 0.0218905252642
352868 0.022608247404
167870 0.0241578671749
1251563 0.0241578671749
1400929 0.0230592954711
1239579 0.0205429789648
257204 0.0241162625815
1328207 0.0240843564327
409740 0.0241002989471
147159 0.0240811704606
143848 0.0225928151532
1552637 0.0230272099294
1009039 0.0231634569407
1100524 0.0204990268675
1549778 0.0218892091741
151635 0.0226574905839
264858 0.0234393366506
1240517 0.0225354800813
300469 0.0240923250525
1457564 0.0222368054842
1332018 0.0235271868299
1059803 0.0210720694637
227463 0.0198216036691
1082739 0.0240636626698
361768 0.0240779853312
1247877 0.0234756087558
220084 0.0241578671749
121078 0.0231443148047
309831 0.0225886100132
1559743 0.0176730846169
1360874 0.0240763930825
1497266 0.024103489983
1375244 0.0241514571273
1170108 0.0241098745907
1314039 0.0240795777906
1569576 0.0215102928154
1169391 0.0234953030584
11182 0.0232151511951
142622 0.0210793895434
1093567 0.0221529185393
1245552 0.0230578350977
264508 0.0197828306995
198856 0.0234604817445
1108709 0.020343253964
1055503 0.0241402477253
1441206 0.0222599178401
242724 0.0225131842811
1282470 0.0176713690333
1339987 0.0225900115526
1151133 0.0231413726685
1176829 0.0222585569599
277909 0.0240923250525
1101196 0.0186776389572
1469411 0.0234544363972
19462 0.0176730846169
1441707 0.0234438645327
1527934 0.0231354906395
1475913 0.0240779853312
1301847 0.0241546617258
1327528 0.023490755287
1379945 0.0241578671749
156616 0.0234786364992
1056191 0.0235302278933
277618 0.0231340205994
1016078 0.0231340205994
1472529 0.0240430044373
1122389 0.0240525345969
1005133 0.0231354906395
101911 0.0240588922351
1330511 0.0250884244896
1348585 0.0234877244174
235461 0.0231325507461
1249709 0.0240716175996
138580 0.0234771225299
231587 0.0241610734749
1308223 0.0234877244174
1329138 0.0241002989471
1152527 0.0240779853312
1139761 0.0234408457503
1159618 0.0226166738845
1439897 0.023436319034
153877 0.022608247404
1392080 0.0234589701156
239183 0.0234438645327
1532934 0.0234423550443
262873 0.0197828306995
25331 0.0210769489518
282066 0.0218905252642
1525278 0.0225872086478
261539 0.0225928151532
1327660 0.0230973302159
1178707 0.0231134596365
373998 0.0226617214113
1380869 0.0230432415312
1009398 0.0225354800813
1024106 0.0219552081163
165596 0.0219499135584
152064 0.0225104004077
1266646 0.0210854934959
288191 0.0222340895385
1575523 0.0230636777013
1058925 0.0186766808348
1083076 0.0186910630008
1411233 0.0186766808348
1039329 0.0198075847992
129385 0.0211074970255
173619 0.0202021538227
1374502 0.0196674166051
1101721 0.0209207157498
1413865 0.0222205197555
266509 0.0207183301766
1337671 0.0195030649343
280581 0.0204921042491
1092934 0.0197860559857
1483882 0.020720688418
1471105 0.021280216038
1415563 0.0209231202916
115942 0.0204048207248
1295706 0.0212739988427
201409 0.0196897526469
103016 0.0204036772133
1058960 0.0183973328041
163962 0.0214267429492
1471750 0.0197281612676
1446626 0.0183871125798
117238 0.0218340759336
1349442 0.0196876232192
1542251 0.0183917567283
1376231 0.0207147938207
1507401 0.0194957545485
128882 0.0209231202916
1089999 0.019308613502
1384771 0.0215255537539
43123 0.0218222977819
1216302 0.0205071091694
1159598 0.0218380048101
1072046 0.020720688418
1517071 0.0215676332085
1133172 0.0193034948409
1593247 0.019505154623
1527275 0.0197882067609
1503644 0.0185662017437
1587911 0.0184010520668
1283095 0.0196908175334
1370735 0.0185747266054
1213874 0.0208285592788
1469051 0.02248121125
22231 0.0194988868998
203078 0.0185699896049
1314031 0.0185718841152
1415812 0.0203705710397
1159021 0.0209183117606
195260 0.0216009027703
1244148 0.0218366950275
328648 0.0214760346955
156259 0.0218262224203
1121686 0.0203273528108
336327 0.0196610441837
451266 0.0214747679718
152080 0.0218288396303
1191333 0.0209243227697
1067172 0.0205059541647
1445738 0.0207171512572
1244569 0.0205105749644
1343227 0.0196897526469
1455020 0.0214722349725
1070205 0.0215842551692
1519744 0.0184010520668
1578087 0.0197871313149
1129074 0.0196578595213
1458343 0.0214191796796
197188 0.0205151978472
384691 0.0214722349725
1395285 0.019743138452
1479963 0.0215331923464
1497638 0.0205175100701
1481707 0.0215970587373
1345110 0.0197592106911
1548695 0.0200784876299
1250653 0.0204782730296
287297 0.0196578595213
263451 0.0197484929591
1384894 0.0184001221101
1152474 0.0195585934028
1532518 0.0216073125337
108339 0.0197409974621
1125810 0.0194915796452
1079050 0.021835385402
153797 0.0214836381775
269563 0.0203455275883
116496 0.0197185450711
259130 0.0196483117212
1535238 0.0215612469616
1015868 0.0215638010065
1445628 0.0215191923987
57397 0.02032167985
173785 0.0212727558395
1436787 0.0201909503213
1451904 0.0203671523939
1030816 0.0196557369861
134200 0.0212727558395
1431310 0.0197871313149
1271390 0.0220589649314
1228064 0.0197860559857
1121249 0.019267740061
344628 0.0208059441221
200649 0.0181968820568
160572 0.0204794249181
11597 0.0197817558377
1437478 0.0216948645092
1013460 0.0197849807735
133263 0.0215230087605
1105774 0.0217311218929
1276775 0.0215064809613
1532117 0.0196652920057
119081 0.0197849807735
1069910 0.0213940072978
1530196 0.0196525540426
242256 0.0196780464919
1269999 0.0216098775044
1049648 0.0201507204003
1383633 0.0214292652262
114406 0.0215880946453
1054165 0.0196578595213
1067440 0.0197100052075
155392 0.0196982749658
1369356 0.0205290790072
1303395 0.0197839056781
1073373 0.0197335076528
1000038 0.0197078713973
1195068 0.021514106021
1239091 0.0215970587373
1209412 0.0197806810928
1346928 0.0216060302767
1014003 0.0197796064646
1104527 0.0197817558377
1354260 0.020486338971
1134939 0.0196706043651
241838 0.0196546758904
1394834 0.0200641031739
1529800 0.0197763832805
1350403 0.0197068046654
1353942 0.0197078713973
1338611 0.0215663556565
169016 0.0197281612676
1259344 0.0214191796796
1359029 0.0196102130881
1464520 0.0204633102627
1319143 0.0195428457431
1344665 0.019749564209
221011 0.0216098775044
1170158 0.0197731611467
1239185 0.0197774575584
1209042 0.021514106021
298013 0.0207089025763
1026982 0.0184001221101
1574096 0.0201875916936
1040958 0.0197806810928
157143 0.0195208415738
1257195 0.0204587107324
1569457 0.0196727301126
1554485 0.0192555117513
1330555 0.0196334780087
1310218 0.0196652920057
114711 0.0197796064646
1285568 0.0218301484706
1370132 0.0215689109119
1465430 0.0196652920057
1257416 0.019273860042
1032072 0.0196430113943
1164492 0.0196578595213
1415281 0.0206361285605
1155605 0.0197645739207
1185612 0.019749564209
1339644 0.0215561406864
1161273 0.0211811749487
1412835 0.0214267429492
1285958 0.021178710732
1087139 0.0211824072721
1387496 0.021183639739
1463157 0.0197860559857
1055677 0.0229416015245
1078236 0.02032167985
133188 0.0201909503213
1091499 0.02032167985
1268086 0.0215932160722
1461212 0.0216047481719
1405273 0.0203318934603
216388 0.0201050978074
1302759 0.0195355055102
1359927 0.0195271234215
1133998 0.0195596441492
1522988 0.0228480210978
1047525 0.0228480210978
1427352 0.0233386677047
180960 0.0207407551665
1152906 0.0235180683543
1154721 0.0224382605814
1114110 0.0221515707102
1020017 0.023694078888
1188806 0.0216651720436
1109531 0.0237110528293
233951 0.023237376576
1163194 0.0237234127969
1225090 0.0228408542154
154903 0.0217557942153
1072998 0.0164721176398
1324786 0.0237017913022
1487678 0.0178009688649
1131331 0.0233386677047
1399442 0.0229300425868
190245 0.0179678831463
1320345 0.0206302819693
1247434 0.0211959722998
1094074 0.0230900061005
219036 0.0240461803179
1490321 0.0237652229891
1335027 0.0229937612854
176113 0.0238852729904
1292503 0.0229242674848
1541002 0.0229300425868
1238365 0.0207383923555
1232609 0.0228594974693
1068697 0.0228465873615
1371036 0.0229473853645
1427953 0.023332684965
1060848 0.0237095087388
1586217 0.0233267052917
1198505 0.0228365562437
179914 0.0233371717322
1263558 0.0194094901479
1165033 0.0244959440351
1252594 0.0228480210978
120987 0.0221569630108
1376793 0.0179678831463
1472111 0.0228379887212
1538654 0.0211861051029
1387059 0.0226645428407
1538231 0.0207407551665
392501 0.0249868379791
1397419 0.0236771292315
1345628 0.0224479447681
1229363 0.0240795777906
1566105 0.0236034499963
247075 0.0242012241554
1105710 0.022673011346
123019 0.0199039588997
357468 0.0229937612854
1574240 0.0239292288001
1017211 0.0214659050878
1200814 0.0207336683481
1405660 0.0238852729904
187595 0.0228609328264
1048550 0.0221556146896
247291 0.0228508891102
1212905 0.022849455014
400227 0.0221569630108
1151458 0.0244942960302
145088 0.0194229509839
1101352 0.0228365562437
1555584 0.0233386677047
1075605 0.0213475940307
13902 0.0233866403002
1288803 0.024533909447
1224007 0.0250470016644
201638 0.0224520976932
1338165 0.0221515707102
1525656 0.0230944000123
1422887 0.0182132674434
1244616 0.0211959722998
1122718 0.0233386677047
1327754 0.0240843564327
1136249 0.0249868379791
1248047 0.0238492870558
152401 0.0240541236914
35080 0.0227722802223
1254172 0.0239292288001
1407660 0.018846837985
1106435 0.0221556146896
166595 0.0219830465036
118858 0.0173298689225
1271232 0.022293994011
210942 0.0227608912349
305302 0.0239638791676
1432425 0.0230973302159
1408427 0.020494411269
24447 0.0233341803623
1223991 0.0240827633413
172376 0.0207301267547
184462 0.023515030433
156242 0.0207383923555
20712 0.0228480210978
1484681 0.0241980071908
12477 0.0232611306027
1486367 0.0233851381716
1012041 0.0230724471605
1134769 0.0238539747228
18726 0.0233746286719
392084 0.0211959722998
1400531 0.0212169706406
1359436 0.0227765540315
154330 0.0176893992903
1475903 0.0184701306916
105098 0.018355594464
1589595 0.0179678831463
224478 0.0173298689225
1280233 0.0229502783783
1074546 0.0219830465036
1377738 0.0224520976932
145395 0.0229531721216
1266311 0.0220003151969
1077184 0.0228365562437
1488050 0.0228623683638
1147242 0.0230929351892
1153651 0.0231502013221
137593 0.0231354906395
47691 0.0218497999276
1437942 0.0213475940307
1478833 0.0214798357636
1395402 0.0221515707102
1408536 0.0221556146896
1112043 0.0221515707102
11760 0.0221542665324
1565691 0.0221542665324
1171447 0.0221515707102
1327115 0.0241322473781
234069 0.0250452786815
203040 0.0242302153729
1555842 0.023286422526
1485529 0.0235363123792
1566860 0.02491502198
1003401 0.0249834087829
217438 0.024351763507
1494962 0.0239638791676
1374791 0.023962301974
1344070 0.0235912146824
1040221 0.0194395438194
1035704 0.0207159724719
124725 0.0206466607799
276003 0.0205244498672
1416694 0.0216819447471
1186951 0.0206443193578
1210645 0.0216858190597
1304063 0.0206665843329
1359890 0.0204909509339
1485745 0.0205128861453
1500360 0.0197624282795
137080 0.0216625939307
1170088 0.0204897977485
1156804 0.0216871108049
1509196 0.021193504639
1020207 0.0216625939307
1062406 0.0177152207179
1080370 0.0217531944909
123949 0.0209075006428
1587263 0.0205140419311
1021106 0.0216252801255
145552 0.0229011961375
228494 0.0186508486345
1045282 0.0175292833988
1347531 0.0186604077799
1353824 0.0206959536263
247563 0.0206888973857
1352757 0.0195145637666
1515913 0.0206983067762
121734 0.0176379816003
1280968 0.0167425373031
1412333 0.0183954737365
1005202 0.0196007115044
1073840 0.020660720474
222909 0.0216613051043
1142293 0.0227324685435
1551434 0.0205232929083
1581388 0.0195114263769
1091818 0.02064080822
1483589 0.0196780464919
1219645 0.0207159724719
1013889 0.0206115951196
1202455 0.0176808088672
1276478 0.020638468125
1256178 0.0205163538935
1334143 0.0186613642334
1543100 0.0176662242803
204281 0.0206712778171
1245952 0.0194821926473
1210287 0.0206888973857
151802 0.0178018392428
10717 0.01930963756
1195683 0.0206877218134
1314784 0.0184663834547
1074343 0.0195145637666
141301 0.0194967985538
1257636 0.0217609955289
1478308 0.0207089025763
177604 0.0195156097874
1367447 0.0206443193578
1483596 0.0205917773991
1360427 0.0206747993296
150980 0.0208955013885
1084803 0.0223035540427
1123448 0.0206291130485
365165 0.0174027635483
1489488 0.0194936668733
1280318 0.0167340725373
117909 0.0211910375527
1505990 0.0205117304898
1340544 0.0176354185611
1229409 0.0176354185611
1142704 0.0183417237377
1129887 0.0200111694071
1035076 0.0216948645092
188440 0.0176893992903
1194949 0.0176200559548
153195 0.0206069286956
1138673 0.0219538842374
1521087 0.0195166559203
1340815 0.0176320023339
1004612 0.019488449641
1377974 0.02256341201
1514997 0.0206936010113
195339 0.0195135178579
1509805 0.0195124720614
1371461 0.0195617459807
1194729 0.0183833989494
103917 0.017693697633
1168653 0.0227211193331
1279910 0.0193270631805
1285448 0.0193075895526
1026701 0.0211381337781
1304951 0.0206361285605
1215485 0.0182388145573
1298366 0.0227211193331
352740 0.0205836282335
1284429 0.0206104283155
1340235 0.01745700116
146806 0.0206525166597
1350533 0.0183936150446
221483 0.0186451178467
1150624 0.0195135178579
1350332 0.0212417278993
185792 0.0186632774346
135073 0.0227211193331
1015909 0.0211959722998
1096712 0.0216625939307
1268439 0.0167386886209
1137774 0.0183945443436
153441 0.0188448869665
1333034 0.0209038994197
1342459 0.0184560863889
1030304 0.0194905361988
1075096 0.02066423839
1027821 0.0195114263769
1568563 0.0194894928641
137730 0.0195166559203
379945 0.0188448869665
1211674 0.0193055419796
1302181 0.0188458624253
176722 0.0186518041083
18388 0.0193055419796
1109681 0.0193075895526
1306739 0.019308613502
1484212 0.0176542314985
1128058 0.0186518041083
283025 0.0176542314985
161881 0.0186508486345
341391 0.0176568000094
1161517 0.017655943756
1305563 0.017681667534
121506 0.018667105014
1133807 0.0184645104064
134818 0.018462637738
1230984 0.0184645104064
1506915 0.0184860734295
1084764 0.0184663834547
109110 0.017704022183
325748 0.0177152207179
1440465 0.0184663834547
1480500 0.020724226787
1158481 0.0207254065118
1203086 0.0207313071514
1108820 0.0167371496434
1007153 0.0176354185611
1024925 0.0167402278814
1454797 0.0176354185611
1249627 0.0176354185611
1585463 0.0176362728247
1069854 0.0186374822725
134310 0.0186623207849
1454103 0.0194821926473
1148582 0.0195438947981
1060528 0.0185624154274
1235692 0.0194644862974
1370811 0.0194988868998
1046160 0.0195145637666
1494644 0.0194894928641
126551 0.0183954737365
1534597 0.0186327132136
1258205 0.0168012559388
1070589 0.016761035641
1578749 0.0159720647595
1130110 0.0233043087879
1139879 0.0184560863889
1162234 0.0184617015462
245286 0.0193270631805
213208 0.0195135178579
1073663 0.019563848264
235262 0.0184560863889
1230294 0.0205256069564
1258904 0.0184103568059
1399263 0.0183417237377
1130964 0.0174636999325
1238960 0.0197645739207
130569 0.0197624282795
1173333 0.0196070448701
1567472 0.0182132674434
1145422 0.0203911070397
1115150 0.0217570943106
1312593 0.0183936150446
1446463 0.0183945443436
1441364 0.0183945443436
1141472 0.0348346714667
1072422 0.0360843457794
1162664 0.0358432477007
1093523 0.0356842976
1064792 0.0320973638165
1214742 0.0357318344085
1417661 0.0346546473247
162183 0.0347894903104
1545507 0.0358432477007
392682 0.0356684800922
1297365 0.0288622995294
198327 0.0320334757516
1161003 0.0355738687392
1486807 0.0342417408885
1459344 0.0309254769746
1253856 0.0338527938948
1157701 0.0347444262038
1089938 0.0352775497975
1370080 0.0356842976
1007484 0.0356842976
1500138 0.0310088982998
1456424 0.0313960558283
1095492 0.0311047897518
1446287 0.0311047897518
1280977 0.0323424803408
18294 0.0345060424906
1485194 0.0244658227692
382373 0.0333615634693
1297912 0.0356053500389
23894 0.0357635960391
1203143 0.0347594345952
1357091 0.0357954141851
1400732 0.0244807091841
1032663 0.0359072249389
141064 0.0354484982767
1389447 0.0313349264361
1529384 0.0310328156915
1215162 0.0373575167539
1367831 0.0385753073289
154599 0.032355484957
1052423 0.0356842976
130374 0.0309492658031
14784 0.0357635960391
1400258 0.0241139020342
172937 0.0335144069504
148267 0.0287797178426
1520739 0.0361167374722
160443 0.0293786385863
333675 0.0308543294049
1132156 0.035293022407
180900 0.0327638807362
1251555 0.0284239106634
1269814 0.0312254913031
163890 0.0316678831515
200693 0.0243179483493
1513804 0.0369289082552
263037 0.0347894903104
14913 0.0309492658031
1522324 0.0309492658031
1467775 0.0346845220207
173985 0.0326045749951
159683 0.0347294307674
1482990 0.0338101223059
162615 0.0353395217778
1315108 0.0210925533651
1116938 0.032591369416
1070416 0.0332512773091
250177 0.0358432477007
1439943 0.031237613
1348190 0.0347144482692
1141593 0.0294108520058
1525790 0.0245479228456
1204670 0.0247213797505
12872 0.0358113444984
1415889 0.0354172936127
154916 0.0358592206274
1278389 0.0310807613318
1375278 0.0309017246882
1306565 0.0307012938146
1242123 0.0348045376678
274515 0.0315932827201
1058293 0.0354797579753
1065824 0.0357001291429
1007525 0.0348346714667
1520223 0.0294216055166
1568591 0.0358592206274
1110662 0.0315932827201
1593166 0.0312861940467
1429609 0.0310328156915
106765 0.0361329551361
244591 0.0307952893563
1175204 0.0345504899476
1084659 0.0320334757516
159292 0.0287900147005
1250830 0.0291445458486
1441649 0.0309611739469
1328986 0.0385753073289
1504852 0.0319952648461
1505384 0.0350318202386
1226118 0.0360358670345
1301084 0.0361167374722
1002244 0.0357794980382
1554961 0.0359072249389
1395613 0.0330872085066
211580 0.034849757942
1272150 0.034849757942
1106586 0.0337392415463
219864 0.0335423472647
1351031 0.0310088982998
1300693 0.0293357969697
1567886 0.0307012938146
1220934 0.0315561141522
1516111 0.02885195091
1284456 0.0245479228456
1282067 0.0291445458486
1233932 0.0351542556086
1410336 0.0339241530725
1552250 0.0357001291429
1359850 0.0357318344085
1077315 0.0323294861744
260586 0.0320717780343
1180985 0.0346099316508
1092960 0.0320334757516
1252400 0.0363123154729
1484040 0.0357635960391
124153 0.0358113444984
1309480 0.033141717911
1307881 0.0289245474795
1425661 0.0355110728544
1082647 0.0309135962689
1577171 0.0347444262038
1524033 0.0344174897725
1372412 0.0343880731145
1098091 0.0345504899476
1060597 0.0320079916818
102659 0.031237613
1568811 0.0309492658031
1292990 0.0293786385863
1354268 0.0294862920806
1474660 0.0294539132826
1494763 0.0352620907485
233719 0.0319698415129
154375 0.0307599736575
37229 0.0358113444984
1034163 0.0358272889973
1447895 0.0243252996034
262960 0.0245479228456
1553751 0.0311891825922
1421937 0.0308661645907
158201 0.0352466452422
288646 0.0318307322342
209492 0.0330736091607
153765 0.0333754007001
1470830 0.0335843451953
1098278 0.0327905831654
1406008 0.0356842976
1576031 0.0345801852548
1532670 0.0355267510322
152059 0.0356684800922
1179954 0.0356684800922
276753 0.0357794980382
158491 0.0358113444984
209519 0.0293251060816
1074710 0.0242519864641
1504689 0.0210925533651
1355461 0.0284138739717
1527364 0.0290813484236
17238 0.0310687610378
1107301 0.028841609709
1274643 0.0320207286462
1538240 0.0331690400198
1043399 0.0335004542415
105226 0.0320079916818
1523001 0.0319952648461
1560537 0.0321872364352
1533658 0.0330464439786
1476451 0.0351849982895
355872 0.0335004542415
1014943 0.0310927708995
1325353 0.0310807613318
1126824 0.0322259075242
1080417 0.0340533605959
1006449 0.0295404152305
193301 0.0358912092275
266289 0.0293786385863
1307320 0.0320334757516
1373760 0.035047078
1048778 0.0357635960391
1134941 0.0357794980382
1334884 0.0347594345952
1124812 0.0358592206274
1254730 0.0387611228748
1333704 0.0312497441118
1582634 0.0290603434771
1373939 0.0305150136852
1530497 0.0290603434771
1162782 0.0322905662472
1521495 0.0308543294049
1184553 0.0244807091841
1021301 0.0210925533651
172239 0.0326575045
1539840 0.0291762476751
1230138 0.0308780088596
228889 0.0300815293787
188744 0.0196455300508
1055142 0.0279500142716
151959 0.0196455300508
1304016 0.0301491536486
167703 0.0313349264361
1553267 0.0313349264361
280433 0.019650327494
195897 0.0278725635913
1441040 0.0334169813488
1505701 0.0196455300508
1109859 0.019650327494
1198992 0.0322259075242
126665 0.0291551054667
1070945 0.0342855096242
1590829 0.0292717683114
1324083 0.0307012938146
34492 0.0321358191246
1281446 0.0334169813488
1427786 0.0322259075242
1067099 0.026253863324
1427254 0.0313349264361
1061007 0.0335843451953
168616 0.0282245145872
12900 0.0289557722519
1476053 0.0224959717886
226464 0.0289349482517
361797 0.0342417408885
18473 0.0350776334298
152770 0.0309611739469
196082 0.0309611739469
1536663 0.023736900026
19950 0.0268854296986
1359526 0.0250757529099
1137240 0.0342855096242
1490531 0.0297149523959
1324131 0.0306195171568
1572938 0.0335983678864
1181363 0.030342417454
198824 0.0262453004201
241198 0.0342271761327
1216413 0.0314574241939
1483280 0.0279306112766
1291539 0.0278918859924
1288026 0.0313349264361
29877 0.0305265899423
32079 0.0305497688261
1363881 0.0291656727394
1496931 0.0283938218377
139693 0.0292717683114
1017024 0.0285044601799
198159 0.0334586657331
1367276 0.019650327494
284407 0.0303653173917
1550529 0.0307130118656
138838 0.028987064513
1133941 0.0314328480812
154129 0.019650327494
1573875 0.0283938218377
1328441 0.0321358191246
1402026 0.0334447593882
390449 0.0307012938146
1407290 0.0291445458486
1455353 0.0314574241939
1499406 0.0273980562097
1271868 0.0300815293787
1345308 0.0280474350254
1101906 0.0225211561959
1404461 0.033668657359
1046120 0.0196455300508
1167716 0.0314328480812
321891 0.0196215779293
1231596 0.029261124032
202709 0.0262453004201
1333602 0.0314328480812
1379641 0.0291234495432
1081697 0.0286159641138
1287445 0.0285854675268
1539476 0.0284742006681
1243178 0.0289245474795
1134141 0.028976626247
293738 0.0302967210422
1038800 0.0274260705821
1454521 0.0262624318172
100963 0.0262453004201
406585 0.0305265899423
1031248 0.0303653173917
1578276 0.0310567700069
1379402 0.0302967210422
1324225 0.0310447882284
192251 0.0270208499288
1176007 0.0309850177466
1306044 0.0303653173917
303176 0.030342417454
1547865 0.030342417454
1079425 0.0334586657331
1122032 0.0334169813488
190308 0.0357635960391
1424723 0.0350776334298
1046170 0.0309611739469
28971 0.0334865131452
1262825 0.030126578468
1343586 0.0306895847018
14678 0.0291762476751
1298060 0.0291762476751
1390265 0.0315190329369
1567768 0.0315066918904
1272879 0.0307130118656
1191820 0.0298140389359
1307463 0.0313349264361
29701 0.0310447882284
1334253 0.0290184244818
1249007 0.0278918859924
1267077 0.0279597258819
1022237 0.0279306112766
143869 0.023736900026
1281924 0.0281455372816
1037399 0.0209279820775
381160 0.0242959212222
14306 0.0797921657173
1384445 0.0753755681955
1284763 0.0764107437445
1088012 0.0990502443708
214953 0.0933522437358
1027884 0.0933746249978
447259 0.0870119662346
1243072 0.0764707561095
1472335 0.0676272896103
1090175 0.0933970169942
1474056 0.0698092061061
1119980 0.093576540333
201933 0.0754485782383
1249625 0.105431933099
1275811 0.0930400288738
1402406 0.0676978204182
1194072 0.076395755368
321573 0.0989495835533
1000097 0.0574432980628
1188775 0.0781902350664
19484 0.0910178922332
1157180 0.0744391362511
1261265 0.0718438592263
1300873 0.0943244274318
1107878 0.0751428826675
307304 0.102869931555
1161336 0.0911456964348
1057835 0.092465707708
1118338 0.0798085165709
1335646 0.0798576093635
1354159 0.0697841893686
1217607 0.0748540382214
1097819 0.0752881424446
1103094 0.0905523275671
1421503 0.0759192126444
146346 0.0792724528528
1253115 0.0697466978628
1160004 0.0942559440624
1033951 0.0872263294213
1328585 0.0930622606609
183482 0.100068232494
1084145 0.0781902350664
1490511 0.0765158272821
1073680 0.0754339649169
269267 0.0991511102001
127723 0.0989495835533
1037994 0.0984991302139
1265630 0.100455393569
241975 0.0753901588978
1165707 0.106498649403
1355157 0.0795964767762
1231783 0.0969060863065
1450832 0.0791757594767
1316328 0.079143580749
1468072 0.0788391823615
1503217 0.093711636397
1343653 0.0970509745492
1238433 0.0979541149059
1481076 0.0764557441825
251029 0.0781588522709
1414970 0.0764857739328
1025670 0.0943244274318
133894 0.0774901633239
1593272 0.0870703243608
24366 0.0763807728703
1257238 0.0928625562389
206928 0.104079519205
217148 0.0764407381484
1334656 0.0751138979491
178892 0.0870897944691
1231479 0.0926416652868
1507064 0.1236006223
1516766 0.0918117776676
129213 0.0863751521104
1336186 0.0983747312114
10535 0.0909753704429
1284323 0.109863345801
1198944 0.089925089094
1039740 0.112464788006
232133 0.112725198514
1340580 0.113878818967
1313235 0.113150947375
1081479 0.0905312786764
1360498 0.111626701309
1069156 0.0873437005754
1231390 0.109002395988
1047910 0.114717396426
1137080 0.0893884693289
151542 0.0908056798475
1165956 0.0768631460166
188413 0.0768025164397
1547284 0.0747965355994
1057439 0.077629172985
1080949 0.0764407381484
1258923 0.0764257380035
1380903 0.0941875600643
1338620 0.0697466978628
142591 0.0935315948285
1488678 0.0766966445187
106305 0.112173260618
1549007 0.0759192126444
1216633 0.078679911286
1521875 0.0799067625905
190473 0.0754485782383
1432913 0.0992268944881
1193925 0.093084503075
1186030 0.0764857739328
1490539 0.0931958748184
1342711 0.0976593683214
122476 0.0747247814401
1478628 0.0847770049773
1402311 0.0997862057048
1076297 0.0931735791545
1129480 0.0925976131398
1553335 0.118630996304
173198 0.079417936555
1566957 0.079417936555
1435003 0.0822698692154
1204019 0.0793855607146
1371865 0.10017118335
384547 0.102087958287
109026 0.0766513601389
1580257 0.0747965355994
1201198 0.0984991302139
1137034 0.105317890986
1530448 0.0987488744589
310061 0.107231707287
1102682 0.0797105118432
1417713 0.0793855607146
126366 0.0798085165709
1044156 0.0986988243451
1050452 0.0931958748184
1511951 0.09927748174
1039631 0.104107340515
1220472 0.049044901255
1291102 0.0976838627705
1584731 0.0904892102384
1457505 0.0873241167861
1401547 0.0906155330074
1065323 0.0969060863065
1409337 0.0767117512046
239714 0.107025435797
1303397 0.069078673442
1220197 0.0765007976558
1076100 0.0574432980628
1444517 0.0585574441236
1075690 0.0904471808792
1036602 0.0913166613988
1208876 0.099991158117
1362934 0.0690909279521
1278488 0.075259045578
1153180 0.0748109029708
1344147 0.0691399895022
1362560 0.0691031868108
166091 0.0793855607146
106673 0.0984493328781
1097418 0.0880347108648
1040147 0.0932404981723
159279 0.099025059971
1014791 0.105718121842
1276742 0.0690541774585
1347665 0.0764257380035
1172609 0.091509765241
1324778 0.091963532672
1576187 0.0574348268494
138230 0.0706705789994
29368 0.0926637070821
1578110 0.0991511102001
1580281 0.079417936555
1498777 0.0971235812633
327376 0.0802856237613
1328681 0.0991006516198
1125378 0.0754339649169
1231437 0.0984991302139
1067446 0.0691154500206
1014803 0.11259484269
1435390 0.0871287608201
1322070 0.0865094537685
1251627 0.0774131506392
1040832 0.0765007976558
1309299 0.103608821725
1345916 0.0794341343802
1213746 0.0989244503088
110870 0.086818002868
257029 0.0904261808372
116856 0.0872067982234
1524262 0.0490387258708
1513671 0.0574432980628
1019851 0.0585662497543
130953 0.0691031868108
1239832 0.0574094281937
1391918 0.0498803228568
167736 0.0574517717755
1343612 0.0691277175836
1019738 0.0498739353139
1572304 0.0574009669662
123352 0.0573755982419
142016 0.0691277175836
1356909 0.0574263581342
195877 0.0573840519914
1324541 0.0975126592053
1451049 0.093576540333
1032252 0.0765007976558
1181941 0.0926416652868
1577487 0.0941875600643
1156431 0.0977574198961
1179841 0.0983995858681
368357 0.105232521174
467210 0.0901958223404
1092308 0.0986488249407
304040 0.098974729572
1549429 0.0983995858681
1521826 0.0988993298288
101526 0.0983498891076
1073065 0.100119681457
139039 0.0984244530872
1153826 0.0946453367839
1283907 0.0988491271233
1223740 0.0983498891076
157011 0.0879750532789
293983 0.0895323128427
1104745 0.0882741525081
1533653 0.103416240272
1241227 0.0822004138594
542446 0.0804348535452
1014513 0.0782059359168
125352 0.0794017453345
28072 0.0703895826615
1404887 0.0706193220065
483631 0.0135104249644
1067027 0.0274635123167
1141860 0.0205275742571
180089 0.0219558229435
134123 0.0242009296505
179053 0.027979169363
193218 0.0155885492228
1330531 0.0275481311496
1486371 0.0221066184308
1442290 0.0148164410031
1067380 0.0148164410031
134676 0.0237509123636
1237488 0.0168802372746
1291774 0.0152113593739
1257385 0.0234464134872
1076438 0.0219199376431
101390 0.0193386424148
1112722 0.0205432961675
256636 0.0228148826447
1480256 0.0168873223689
1504905 0.0273980562097
1575896 0.0148137133814
140454 0.0278918859924
1331901 0.0242227847947
1539730 0.0228084158413
126052 0.0209606905673
1423808 0.0182550115898
223295 0.0219199376431
1232562 0.014854733448
1015840 0.0278918859924
1426034 0.0221066184308
1544749 0.0187658794515
1477940 0.0155885492228
387848 0.0237509123636
1572253 0.0168837790785
1313359 0.023828276899
166008 0.0135058897429
1343311 0.014854733448
1309339 0.0182219409167
187361 0.0260836599961
112817 0.0272035466829
222309 0.0228084158413
1059183 0.0151941259607
1082267 0.0182508711926
1285759 0.0277093977576
371991 0.0223646723424
147774 0.0152171125356
1216259 0.0249436116206
1495488 0.0219199376431
206162 0.0192323353461
1142510 0.0152027377835
116922 0.0216428432189
110598 0.0260330284982
139581 0.0187658794515
105927 0.0278051455038
1324229 0.0278725635913
250250 0.0199623148321
322510 0.024244679448
1456229 0.0237719619167
1103665 0.0278918859924
1337124 0.0228084158413
1016891 0.0280083853421
125331 0.0182550115898
277166 0.0168731581229
437682 0.0188626561388
1011781 0.0182591538661
197701 0.0192323353461
1327810 0.0188361636442
1078931 0.0192415330196
1495883 0.0188317554617
126755 0.0135058897429
26915 0.0242885877114
305993 0.0182550115898
1439340 0.0182301973466
147503 0.0156036631933
301705 0.0186441360259
1173058 0.0274916607749
17253 0.0219498339029
1032206 0.0253522656232
226766 0.0235769384963
1373444 0.0204805525803
1173326 0.0152171125356
1521867 0.0188449862033
1382567 0.0199771824945
108764 0.0250056218421
1109442 0.0251777506533
1174848 0.0274822715464
1004079 0.0212485057006
1514637 0.0188449862033
1423477 0.0212428962746
1264793 0.0141594388682
1247509 0.0203974882352
1206902 0.0192231464615
1097970 0.0129557383816
1566727 0.0129557383816
1184305 0.0203974882352
1187334 0.0182674440608
156548 0.0247061992901
1006694 0.0148109867638
1046292 0.0192323353461
1379795 0.0246607695642
1367195 0.0182550115898
1205975 0.0148028129301
1212992 0.0275481311496
1047922 0.0278918859924
280124 0.020739198734
1416206 0.013496828428
1184084 0.0163652818971
1030935 0.0237509123636
1124768 0.0205432961675
1485552 0.027351492552
333662 0.0271484787746
149378 0.0275292819323
187739 0.0221066184308
1210079 0.025408301575
1362165 0.0135058897429
141955 0.0243695006323
1422171 0.0135058897429
128751 0.0267869810546
135259 0.0253123910311
1473819 0.0182715919818
190415 0.0163752729117
1178561 0.0147973687179
1088048 0.0278339989927
147099 0.0176775244042
1173230 0.0173012451275
1032742 0.0163752729117
1102483 0.0219378656183
1577069 0.0219498339029
1545461 0.0192415330196
1509057 0.0228148826447
1280871 0.0155885492228
1390903 0.020739198734
1020090 0.0182550115898
164468 0.0273700990095
1524709 0.0270390091021
1471645 0.0275481311496
1039580 0.0270390091021
1196837 0.0237509123636
1317979 0.0230171885263
340316 0.0249745782396
180677 0.0163686108804
1404337 0.0163686108804
202456 0.0163752729117
1382593 0.0164120112356
1424597 0.0163719412183
349051 0.024751796705
1471782 0.0217952576078
1049080 0.0238777718362
1210224 0.0242885877114
1290110 0.0242227847947
1300800 0.0255779056224
1233509 0.0278339989927
149336 0.0279986399054
1361972 0.02369496204
1230916 0.02369496204
1458450 0.02369496204
1145489 0.0135058897429
1585007 0.0239559663852
1288889 0.0282741008742
1507642 0.0170881484578
215210 0.0249204370046
165217 0.0232566737249
1457702 0.0257415518516
1445883 0.0232633972501
1095490 0.0134855188684
262328 0.0247289769785
1189423 0.024935881961
1060285 0.109677713564
13728 0.117132499509
1237009 0.117698870011
1492695 0.0958330612367
1264580 0.10983236347
1573747 0.105175684814
1196252 0.11830667098
114800 0.103333924348
186922 0.0994041758208
1126903 0.100068232494
1549980 0.118019866929
187754 0.119578004564
174206 0.117521291752
1585643 0.0783632919247
136563 0.0967856761595
200905 0.0933970169942
1457729 0.110424032001
1432286 0.108395647333
1242955 0.119467963456
1259319 0.102302485124
1269406 0.10475136118
261401 0.118019866929
1496973 0.116921513319
1000325 0.0794665498604
1510886 0.119394715164
1232544 0.105632102215
1374147 0.100351857992
408135 0.117876985734
1062574 0.111053766999
181819 0.0787913333736
1344740 0.112367443989
1059112 0.110769499677
464563 0.117770051668
1065337 0.117379614486
1528725 0.0922466984524
1201384 0.0957153012696
280931 0.106790666538
1309585 0.0957859224953
321704 0.105746826192
1394602 0.105948193924
1538577 0.105861799637
1315948 0.110549407001
1295213 0.101635062856
1542287 0.0938471231002
1435000 0.0958566480103
419786 0.102195109123
1000551 0.100741221124
1143891 0.10995639776
187989 0.0961168708948
1301431 0.100145425782
1384664 0.088716528671
1021764 0.104498406457
106064 0.0945993589667
1264857 0.0902376183656
1458381 0.0922466984524
1519936 0.105317890986
1435570 0.0958802463973
388438 0.115705751891
229969 0.112076420393
1223858 0.115022315672
222723 0.102168300332
1072995 0.105919380165
1306521 0.105775546134
1326991 0.112464788006
320981 0.110518036568
134693 0.118594872371
1437855 0.100689131558
1171069 0.0775055842519
1376989 0.110990470466
1029795 0.10472319464
1515396 0.100533185562
1063374 0.123915227765
126271 0.10325173936
15050 0.10249093707
273879 0.118163094923
1165163 0.120279666728
1536382 0.119431328079
159049 0.125149601821
1121004 0.117415001768
253376 0.124549267946
1392321 0.125593537848
1236074 0.12543174263
1517527 0.112497273503
1263382 0.102517915469
1146341 0.104498406457
1579713 0.102680084594
43914 0.100377721873
1590064 0.0932404981723
262892 0.102356257783
1129503 0.0958330612367
265301 0.0955040610265
1121141 0.102734255042
1379593 0.101265096429
231108 0.125149601821
139056 0.099811778797
1388763 0.103060481838
1515177 0.0845010980399
460707 0.0968097342446
1549112 0.0991763587639
1096511 0.0911883776319
1016463 0.100377721873
343300 0.105232521174
1114468 0.0913166613988
1591127 0.107349934087
1223476 0.111435067487
1246155 0.10690792228
120521 0.105489046822
227628 0.10690792228
1013518 0.0933522437358
1076130 0.0905523275671
1574680 0.109185747369
1436974 0.104526452192
1333344 0.106586086718
1310214 0.0937793308129
335424 0.093711636397
189660 0.0901749388437
2004 0.100145425782
1012462 0.0893474560371
345177 0.101265096429
381332 0.0913166613988
1425711 0.0903213267314
1296643 0.103471190453
133604 0.0922904172668
1545422 0.0921811978381
267125 0.111022109711
190204 0.104190893758
1144572 0.112399873266
1199267 0.110298941055
1522750 0.0830063002698
1498479 0.0783002735959
1089861 0.0964740056641
1260190 0.0957388301047
1159945 0.110895660839
1387902 0.0920287242122
1145907 0.0927519792488
1505506 0.112562300828
1201890 0.101186168061
270181 0.105718121842
1385868 0.103663976808
1308726 0.125270363739
1487881 0.103940635406
1155274 0.103691576375
1442523 0.104470375769
188081 0.0904471808792
132364 0.109400438445
1494922 0.123053889689
1470462 0.12274363721
1322750 0.12285979838
305348 0.12543174263
382452 0.1212155496
1345215 0.120689668691
1515334 0.103416240272
1209949 0.0958566480103
1450990 0.104442360114
342496 0.0892042054205
1326910 0.103306514819
1052874 0.0920287242122
1348831 0.108971897276
162575 0.111371335678
1158374 0.111339497103
1255392 0.116293090733
1279743 0.119358124691
1494595 0.103746819623
340749 0.115705751891
265118 0.116327825826
1007754 0.0812402087747
1251267 0.104023921171
1467435 0.10652777923
1197600 0.092224854574
228510 0.103940635406
1211460 0.0900290247032
1369359 0.104582588847
1340389 0.086818002868
1225863 0.10058511386
1466327 0.0866056395076
1109044 0.0856344680884
1383618 0.0844461320178
204123 0.0938245147834
423096 0.102734255042
294275 0.0900915014726
174604 0.0868761010185
1499237 0.0808523065945
1143540 0.0933298732006
121331 0.104920679113
1405180 0.105431933099
1329458 0.0948066117006
1296852 0.0948066117006
248220 0.117202997552
1238160 0.0958566480103
104311 0.0969784763112
1487158 0.0908268565452
1526942 0.111022109711
1148319 0.114683616274
1462033 0.111085442346
347029 0.111148847279
1426017 0.11464985601
1150853 0.117876985734
109511 0.111403192467
25020 0.115090295764
1476832 0.0931512941559
14217 0.0945763868057
1535825 0.105033862154
1144945 0.105260962396
152768 0.104892421456
1040026 0.104920679113
141669 0.117238278406
1018420 0.11159471658
1347274 0.107915090293
1158111 0.0902585309075
191652 0.0892042054205
1194794 0.0901749388437
140719 0.104695043244
1205830 0.0939150134714
1528647 0.10155555694
1575568 0.0949916002112
11287 0.0929512078439
1438576 0.105005543507
106394 0.100196954172
197773 0.110580795249
1254464 0.109646835829
1089598 0.0844461320178
1014696 0.0781274946572
231134 0.105147289651
174470 0.0943930103892
1267398 0.0953637514363
1288448 0.0772749128702
1122748 0.0904681906773
1413375 0.0937567551435
1091141 0.0909966263705
1251721 0.0937341903408
1533352 0.0991006516198
1453884 0.112986817774
240318 0.0960931559008
1442085 0.081837688772
1520874 0.105062196079
1379925 0.105260962396
1308709 0.100689131558
1093747 0.117273580508
1532929 0.0972205593774
1041054 0.0948527912484
1156628 0.108275107274
1456408 0.102788482678
1259858 0.112855856524
1307648 0.0934642574672
1510043 0.0920940082445
1222444 0.104610679792
1178449 0.111851108807
1427845 0.104442360114
1299699 0.130125479741
1325703 0.129778594091
233957 0.126326811828
1437691 0.110895660839
1019879 0.109863345801
1239838 0.130256040423
1230116 0.131265777171
204112 0.130430529426
236641 0.12727632708
1463652 0.130430529426
1194276 0.131487360184
222903 0.130737012711
1532305 0.130517949352
1336725 0.12824022419
1155876 0.130386863363
1327446 0.119285010985
1191562 0.121442332668
1397978 0.119541301678
1256030 0.0957859224953
350978 0.0926637070821
1482791 0.0959984128336
1027027 0.0958802463973
1297202 0.0924437599967
1401335 0.0895323128427
1546098 0.111435067487
1010589 0.102463972867
1063656 0.0893884693289
1198959 0.0911670320379
291345 0.113613057429
1048439 0.103774463327
1577647 0.109987450117
1336853 0.108516456079
1160200 0.122166110686
1498029 0.108064806012
1497587 0.11766331144
179993 0.109523498556
1541911 0.107855320096
1266608 0.107113740612
194793 0.0766513601389
22278 0.0939150134714
139040 0.0766362772267
110510 0.0930622606609
228076 0.100481310853
1221743 0.102114724926
187743 0.104190893758
1246382 0.119614729996
1356899 0.0954104754694
1244550 0.0787594663025
1437990 0.0882941647848
1188867 0.102302485124
1197684 0.0972691210954
1218147 0.107172691488
1367116 0.0957623705104
1546550 0.111148847279
1021828 0.105746826192
1164346 0.106324204441
1096123 0.104526452192
1158155 0.118486632451
510687 0.115431405117
1252515 0.110675067026
275377 0.117132499509
1384493 0.0785371165287
1046699 0.0785371165287
1394000 0.0915743148051
1168511 0.0845377818246
1132188 0.107825459819
1480701 0.0956213014647
1586248 0.108880503457
1307623 0.103608821725
1096328 0.10097629268
1158132 0.103663976808
1163511 0.101396917695
1140758 0.100637095831
115324 0.100637095831
1546820 0.0794827675237
1587818 0.11587788184
1323174 0.112108681884
1400224 0.106615264403
1396814 0.079580212682
286827 0.121366644084
1062226 0.111851108807
1070302 0.104274581222
276117 0.0959984128336
1487499 0.103719190643
1314187 0.105890582073
1255580 0.101449742346
1289842 0.115774542469
1488180 0.106150330026
1248724 0.106324204441
1081069 0.0960931559008
1041221 0.0981021563894
205120 0.10097629268
1360221 0.10943117754
1083370 0.101081121429
1423641 0.119211986797
1071460 0.0896766200474
1395052 0.11397880037
252946 0.102924302554
1306992 0.107557459505
1052196 0.112464788006
1378147 0.114886596126
154448 0.104610679792
1514333 0.0947374266276
1204693 0.111339497103
1003851 0.101449742346
1528699 0.108335343774
1545839 0.116015954979
1451993 0.106092498193
1311907 0.105632102215
1482867 0.0896353419714
1052991 0.103968382506
1045713 0.103940635406
1574189 0.0919852529206
141266 0.101582045088
287462 0.113546810748
1400584 0.100793364613
1448682 0.107676406101
1015576 0.109492707581
1423113 0.102707162676
1225754 0.0901958223404
1456052 0.0982010995628
1471356 0.10773597811
1276480 0.108154835009
1197900 0.0987989753592
1136405 0.10758717151
1115453 0.106324204441
1430604 0.116956624885
1143973 0.106295185826
278719 0.110361451081
1389712 0.101449742346
1523162 0.102924302554
1014974 0.109554306854
1446837 0.102410087001
1001269 0.119175508221
1495902 0.112757834646
1036034 0.107885196916
1147327 0.106966646763
1301864 0.106179269593
1263051 0.108214937723
1122180 0.101449742346
1573578 0.104864179016
1279347 0.0984493328781
1544006 0.118378589929
1204041 0.116119725959
1158892 0.105489046822
205123 0.106673667726
1028823 0.108335343774
1005609 0.107825459819
1518048 0.100196954172
1193640 0.092465707708
1209637 0.0985240477779
1115665 0.0982258665488
158438 0.0920069834316
1140174 0.106005868499
1111893 0.0958330612367
18296 0.100145425782
137627 0.0989495835533
1159493 0.109124561744
1471890 0.0997350988133
1547749 0.109925362931
1439734 0.123015022383
1326618 0.120689668691
203402 0.123053889689
1372739 0.1212155496
1461801 0.120502958189
1532176 0.123053889689
236096 0.115946877305
1070483 0.124708793105
1295401 0.121974807662
129682 0.121822196079
353259 0.111947559892
23027 0.117984114167
1263088 0.101396917695
1478841 0.101529082603
270277 0.0994295534506
1537303 0.107795616071
1546106 0.0914453066133
1179017 0.102842767591
278714 0.099025059971
1347133 0.105746826192
147473 0.103608821725
1108942 0.100793364613
1147695 0.0993788111421
186389 0.106208224943
1206469 0.102544908074
1173390 0.106179269593
255519 0.111371335678
1301935 0.0958566480103
1531501 0.11549986977
1568533 0.120502958189
1509822 0.0987989753592
330082 0.107706183868
1344141 0.108880503457
1575488 0.103940635406
1559295 0.0907210717135
1194977 0.104190893758
1100715 0.106411355428
1573211 0.106732135069
15395 0.10303321716
1383255 0.113546810748
1018144 0.106732135069
1017146 0.106878584211
1569837 0.111339497103
1463965 0.0873241167861
159577 0.107765788839
1152742 0.10909399464
1457770 0.112529777771
1183827 0.112562300828
1131353 0.121253287941
1213477 0.110832544356
116289 0.112302641541
1317405 0.112464788006
1561941 0.100689131558
443613 0.111883240697
104397 0.109400438445
1262074 0.111883240697
1104998 0.111212324633
1291352 0.11197974723
210730 0.0953637514363
1005669 0.0981516030408
1167707 0.0872654180744
251729 0.115056295677
1036216 0.107379531532
1383185 0.0832369226044
1525108 0.111947559892
226794 0.116397358298
310430 0.0801039820785
1165878 0.083201358869
1455969 0.0831658255105
1453853 0.111530802081
1040031 0.0938245147834
1557392 0.0988240448784
1271773 0.0628474359958
1443075 0.098126873486
1294058 0.102061205678
1272325 0.102087958287
1253974 0.0472136696407
250164 0.0986488249407
1012612 0.0472022252898
108694 0.104358403233
1279381 0.079580212682
1159222 0.0573164916653
1092851 0.0794827675237
1281202 0.0579820695051
1185643 0.0458518437563
1351562 0.0915312716489
1081441 0.101186168061
1413731 0.117912673589
380030 0.0495251221854
1020109 0.091725285178
1488075 0.111722765595
1259378 0.0988240448784
346981 0.0765158272821
1510854 0.0628372960416
111377 0.101107362634
174023 0.062857579223
1197479 0.112823163634
1033841 0.101874329287
1252673 0.0431349607781
15479 0.111754823778
131250 0.093711636397
144991 0.0832191369372
1550798 0.111244090507
1363059 0.0490140398774
1152753 0.10066310697
1220547 0.0951773120396
180223 0.102221931986
1431488 0.0827945495038
1328606 0.101954335305
1233007 0.0937793308129
1290367 0.117062086224
1292907 0.103333924348
1536001 0.0979541149059
1363389 0.107825459819
118220 0.0864710392686
1408465 0.0971235812633
1549118 0.0531041124715
285586 0.0986738183091
1476415 0.100559143007
11646 0.105890582073
1558984 0.0939603283151
295751 0.0919852529206
35225 0.101317783784
109376 0.0929955971504
1301663 0.0899043307631
1532845 0.102275619975
1020642 0.0909966263705
143835 0.0929733971988
1149542 0.101317783784
1140383 0.0573164916653
16842 0.0490263797666
102519 0.0495377207919
127302 0.102978731059
1521621 0.0531113542705
1567710 0.100715169606
1093999 0.105033862154
1012497 0.100793364613
1354648 0.108425824295
1424636 0.094553425799
1301467 0.101608547056
1282222 0.0851290843423
1096926 0.101714693358
1288476 0.0851849433215
1061916 0.101954335305
1530859 0.102517915469
1049249 0.113712572516
226016 0.101502622066
1048488 0.0934642574672
1012719 0.090890445943
1087460 0.0892042054205
25990 0.101396917695
1419031 0.110424032001
1520503 0.0686766991476
1311938 0.0687130488472
242914 0.068700928006
1065325 0.0530751650131
1149148 0.108214937723
1063970 0.10857696149
1088953 0.108516456079
1397110 0.0530607031152
1391654 0.0948527912484
162219 0.0880347108648
410610 0.0981516030408
1075625 0.0628474359958
1288224 0.105948193924
1237155 0.101344148027
1255507 0.104470375769
1534322 0.100403599089
1444667 0.0977083695098
1413290 0.0975859586234
1125988 0.0801204609887
1229264 0.105460482227
1239286 0.102761361706
195345 0.083201358869
1324216 0.0766513601389
2252 0.0983995858681
210777 0.0982258665488
208246 0.0980774517416
1303993 0.100793364613
34740 0.0696095729876
1353010 0.0579820695051
1431769 0.0961643360163
1154999 0.0695846991006
1286017 0.101107362634
1223614 0.0573080578084
1021727 0.100871681136
1193812 0.0489955416865
101307 0.0831658255105
175606 0.0980280797548
1210896 0.0873632931507
1115388 0.0975126592053
1250475 0.0831480702105
1243090 0.0458356550389
1481599 0.0794827675237
1307751 0.0765609516151
1323096 0.0799888192372
23126 0.0766061292026
1441997 0.076621200249
1035974 0.0799067625905
1129445 0.102195109123
1074586 0.0947835387846
1539994 0.101954335305
1536520 0.109308324689
1398359 0.094553425799
1431150 0.0872654180744
223250 0.0870703243608
1537866 0.0766815437814
1526772 0.0653027432706
1022222 0.0628474359958
1325553 0.0628474359958
108555 0.0874221236512
1080652 0.0653246495917
1578599 0.108758883235
1134853 0.113085238347
209306 0.113712572516
1122088 0.105489046822
1235868 0.105147289651
1476112 0.11321673281
1417464 0.101847688511
1292160 0.108971897276
129420 0.100923959799
1443955 0.0923122922176
146353 0.109032911777
1332315 0.101238773295
1233082 0.104498406457
445049 0.0936215290543
1048390 0.0959038564063
1511012 0.107290788117
1051181 0.110142975358
1560756 0.104386373858
1389020 0.0830416974128
1059731 0.0916605226797
1305766 0.0915312716489
1151555 0.102383165317
1419261 0.0881143802864
1573671 0.0549006993045
1332664 0.0549006993045
322627 0.053118598045
131298 0.110392732672
1499116 0.0973907379009
1398257 0.110330187214
128158 0.0918550851099
1516330 0.0855592181164
1156054 0.104864179016
1547018 0.110267712589
1439511 0.0959747562508
1002293 0.109987450117
1349994 0.0907633560629
199194 0.104554512984
1451790 0.105090545296
1545888 0.0989998883747
1421590 0.090890445943
1285920 0.108064806012
1299728 0.104442360114
1351796 0.0961643360163
1390969 0.10198103191
1376803 0.109677713564
1589610 0.0970509745492
202722 0.0972448341738
123188 0.0917036875126
144140 0.103802121766
225094 0.0907845130224
1271711 0.106353238904
1347789 0.0898006826991
1489318 0.0903422780946
1132046 0.105746826192
1321785 0.108275107274
1038922 0.110080712512
1425681 0.104554512984
1474124 0.106586086718
207235 0.10773597811
1411551 0.109554306854
1027926 0.100533185562
1274525 0.100819456605
1248174 0.0952005770877
1297016 0.0887569646458
132554 0.10198103191
1362397 0.10472319464
1279749 0.106586086718
279890 0.115260598066
1118395 0.108941415627
1081515 0.0985739207456
1575445 0.0989998883747
1093033 0.10058511386
1358286 0.102141505603
1492910 0.096378510484
146381 0.105005543507
1422187 0.0974394698188
153949 0.0926637070821
1225424 0.092224854574
11607 0.0970751647223
1172879 0.0981763450632
1169683 0.111915391053
1354434 0.112367443989
1477611 0.0859937206593
1515212 0.0878559803442
1541960 0.102788482678
1314363 0.10812480868
190789 0.0972448341738
217933 0.11766331144
1278875 0.109185747369
275093 0.112108681884
1300953 0.109155145983
1475673 0.109185747369
1465410 0.109339012034
1520346 0.112302641541
1353491 0.109894345617
14925 0.110549407001
1140528 0.109124561744
1335643 0.109369716615
291259 0.100481310853
1360782 0.0884144292545
1034919 0.101133617467
1257940 0.105317890986
1506135 0.102924302554
147544 0.0974394698188
1132199 0.0972205593774
1272078 0.0979294847538
1350828 0.105775546134
197726 0.0974150977654
184711 0.100611098131
1257225 0.114852716268
1493173 0.106996033205
1306453 0.106295185826
410526 0.106324204441
1112993 0.100377721873
1129741 0.0982754380181
1538116 0.102788482678
1196094 0.0965457513302
147022 0.100351857992
1483416 0.100145425782
1503467 0.108971897276
1411290 0.109063444656
1005568 0.0912738600576
1553101 0.0878956354922
261903 0.0973663902165
1521787 0.0857287168976
1243109 0.097561513243
1109178 0.0973177313508
1406495 0.0977574198961
1144668 0.0974638540705
1582785 0.0856533012681
1432115 0.0902585309075
1159609 0.0975859586234
1516884 0.0829709332906
211728 0.100326007436
1020887 0.100507241514
1255859 0.105861799637
192988 0.108941415627
1537236 0.108941415627
1496507 0.106469535502
1148506 0.099811778797
100903 0.102707162676
1450221 0.106208224943
1148767 0.102951509613
1415691 0.103142362517
1250283 0.109863345801
208019 0.10983236347
1405453 0.102653020787
1193577 0.0939150134714
1591307 0.0867213451049
219087 0.0926857593684
1546442 0.066666477382
1037294 0.103169684998
100740 0.100119681457
135022 0.050137173129
1274699 0.0757862543035
1420546 0.0867406594356
1253850 0.0956917839965
305607 0.0830239950684
325683 0.092356073243
1253852 0.0751138979491
1553415 0.0926857593684
1346657 0.0447661564214
1345693 0.106498649403
252818 0.0855780182083
255630 0.103224373407
229186 0.0918550851099
1338740 0.0674516038909
177811 0.0997606457136
161960 0.0713176269668
261580 0.0841541834196
1044994 0.0612849033621
1266199 0.0830416974128
1449349 0.092224854574
1148105 0.0854465907999
1366219 0.103361348425
1073941 0.09250963441
426272 0.0751718897637
1009218 0.0856721427334
1402036 0.0928404197535
1231129 0.103224373407
1357711 0.0705042651821
349146 0.09250963441
170804 0.104948951998
1593220 0.0881941940367
123343 0.0926196339752
1432928 0.0766061292026
153743 0.0928182938193
1361983 0.0924876658432
1424702 0.0919852529206
1113803 0.0926637070821
1169188 0.0927519792488
1454844 0.0879750532789
112205 0.09250963441
260806 0.0830771247581
155674 0.104414359481
1006803 0.084208769917
166976 0.0925536028674
1546313 0.0921593849659
141580 0.0737205301658
1284388 0.102410087001
1524038 0.0988993298288
1377874 0.09250963441
1113967 0.102924302554
104490 0.0435497663945
196240 0.0923998958163
1544836 0.107143207941
208341 0.0759044164619
404401 0.0880546147108
123360 0.0760081110199
1515660 0.0925536028674
1095417 0.0750849355824
1439559 0.0717776558912
1295084 0.0916173984629
114273 0.105090545296
1507258 0.0927298954443
154272 0.0757420382859
1310340 0.0613138477434
1511617 0.0975859586234
1266400 0.102897109872
1280869 0.0914667827304
296283 0.107025435797
1383882 0.0920069834316
1183918 0.10097629268
113328 0.0821830683406
1567139 0.0750849355824
189967 0.0921593849659
1385907 0.105546222457
1196424 0.106324204441
186001 0.0822698692154
1570185 0.0937567551435
1478436 0.071685175937
1236736 0.105833032844
1364918 0.100689131558
1211726 0.106586086718
109697 0.0854653414233
1159892 0.0713829840297
127246 0.0917901392566
1192867 0.0915527881678
1244644 0.0756978738321
1472737 0.0829355964365
1003085 0.0854653414233
1214541 0.0854278484023
1149958 0.0937793308129
1449357 0.0916605226797
1050492 0.101900984005
1500669 0.0938923724363
1384129 0.0756978738321
1022284 0.0713960698196
1450861 0.0756684594649
1154767 0.0854653414233
1338715 0.0735951551145
1490505 0.0922685526809
1512642 0.092465707708
1559269 0.0917468930191
386194 0.0918550851099
1245804 0.0941647874434
1215309 0.0920940082445
1083630 0.0733318698674
299283 0.0808187509579
255256 0.0937567551435
232099 0.0789990995671
441642 0.0890410518669
165977 0.078679911286
1160151 0.082548868348
1326687 0.0824614780576
1050543 0.082653981508
155023 0.0810036524264
1418910 0.0830771247581
10876 0.0830948497687
1236706 0.0829532611003
1567339 0.0830239950684
29138 0.0830239950684
1151164 0.0827417805111
1462312 0.0829002896692
1024858 0.0830239950684
1040423 0.0829002896692
1119355 0.0839003793335
151004 0.0749548808441
1090619 0.0517630995303
1430793 0.0613138477434
1544759 0.0292248920935
1579926 0.0277382660689
140877 0.0339772681634
1069597 0.0217904897188
385473 0.0161539324072
1207743 0.0315332051502
1514808 0.0199438380477
284342 0.0277382660689
1477259 0.034448447537
1069261 0.0350973978831
1302258 0.0214147916202
1129748 0.0173310406601
1287938 0.0383482717865
1418128 0.0350973978831
1115842 0.0347159044278
1019816 0.0289598995486
1033020 0.0163428672891
1430865 0.0143498346929
1400874 0.0166968203521
1001346 0.0267109228811
148763 0.0292248920935
1142740 0.0293399507238
164869 0.0313563007735
1242329 0.0292248920935
181958 0.0145553661794
1283667 0.0260875641208
1244074 0.0348783813596
1042588 0.0392228814939
1163972 0.0273313477402
1355216 0.0281574841958
1347574 0.0211514119693
1545531 0.0209531794297
1320532 0.0380869547726
142407 0.0373239439925
1349123 0.0339257093346
1466170 0.0353750671701
1234307 0.0167971768982
1339331 0.0381519495759
1105664 0.025290772004
1412253 0.0214558948671
1208372 0.0288106217159
301612 0.0346084248475
1238810 0.0348783813596
1529680 0.0284440743658
347854 0.0176039704343
1118328 0.0340289839445
1045383 0.0390175260934
1028849 0.0206627009718
1038687 0.0349875468725
1109025 0.034237431013
143144 0.0348783813596
1034041 0.0346084248475
1186778 0.0335188042751
1433117 0.0350973978831
1343993 0.0390175260934
1149650 0.0320761010782
1104372 0.0337210293386
1488491 0.0371997378561
1271351 0.0357712679224
1568316 0.0290728770501
1446562 0.0374489823308
1557666 0.0367714514005
155828 0.0386800042414
1440131 0.0392228814939
1171840 0.0392918145018
1460287 0.0385466249164
1016612 0.0354311290832
1081483 0.0169371533724
1487626 0.019855277488
1171769 0.0253768926805
1423452 0.0286261747138
222242 0.0270994453958
1410441 0.0284440743658
1230868 0.0212721621803
294426 0.034237431013
1405675 0.0291486863774
245754 0.0351525824709
1429632 0.0165362740026
1017640 0.0342899424103
152498 0.034237431013
1146801 0.037076355641
1569401 0.0341328892389
233550 0.0289598995486
142771 0.0278072667307
1500425 0.0337210293386
18558 0.0365311151168
109405 0.0282642761713
378092 0.0334185985822
1411945 0.0346084248475
1460193 0.034448447537
1330964 0.0341328892389
1541884 0.0362939000836
1270072 0.0341328892389
1426904 0.0341850802011
1196760 0.0350423862876
134211 0.0314445041512
125643 0.0340289839445
1509819 0.0340808573956
1107070 0.0345016087215
293151 0.0337719674494
1253557 0.0352634738983
164261 0.0338230596846
1411129 0.0340808573956
133713 0.0341850802011
1175128 0.0339257093346
1547102 0.0341328892389
1312259 0.0343426151329
217203 0.0343954499254
107936 0.0331706861298
1280604 0.0339772681634
1067984 0.0292248920935
1451371 0.0334686264244
1525689 0.0343426151329
1023322 0.0354873689706
247756 0.0353191823878
1591713 0.0289974610266
2017 0.0322612445188
1557132 0.0341850802011
160999 0.0201960636418
1441358 0.0345016087215
1191487 0.0339257093346
1381182 0.0345016087215
1390208 0.0353191823878
10426 0.0353750671701
125950 0.0257273215783
1182879 0.0341328892389
1494147 0.034237431013
1001080 0.0351525824709
1579760 0.0340289839445
1402872 0.034237431013
1304728 0.0289224352542
1103425 0.0204547506418
1083215 0.02696868812
1369642 0.0337719674494
1326062 0.0140345527003
1354623 0.0341850802011
274596 0.0390175260934
1406180 0.0353191823878
1254220 0.0353750671701
1340402 0.0339772681634
1255676 0.0333687200769
353060 0.0388143098116
1042208 0.0281220659767
199792 0.0354311290832
1290647 0.0316224079936
317506 0.0358861034535
192011 0.033619612709
1295359 0.0353750671701
1447040 0.0353750671701
1210140 0.0346084248475
1324105 0.0339772681634
1398464 0.0354311290832
219752 0.0315777435756
5786821411026593 0.0289974610266
5786821412026461 0.0282285889539
5786821411027128 0.0302122195291
5786821411022322 0.031984323965
345848 0.028736558421
1248113 0.0353750671701
1149993 0.0353750671701
1540415 0.0289974610266
179106 0.0356003860693
1383713 0.0275672533311
5786821412028092 0.0225828711631
1468500 0.0343426151329
231725 0.0349875468725
1482933 0.0360016786659
1433590 0.0347698949479
121037 0.0171845061118
1131262 0.0173310406601
1544922 0.0241176293975
1568126 0.0335188042751
253402 0.0354311290832
1436852 0.020777920494
1150001 0.0356003860693
1170672 0.0360597458895
1265428 0.0264893867909
1370730 0.0356571649944
1561322 0.0361764440963
1409551 0.0357141253219
1457931 0.0355437876812
1201431 0.0271983484811
118328 0.0353191823878
1108569 0.0291867394928
1518358 0.0314445041512
1475562 0.0307102231477
1271199 0.0354311290832
1563978 0.0339257093346
1399785 0.0361180007294
1254574 0.0355437876812
1559291 0.0329749888665
1223611 0.0329264248181
1360577 0.0390857385516
1212973 0.0270339086475
317770 0.0208944321977
1311873 0.0211514119693
150061 0.0292248920935
1209063 0.0392918145018
208512 0.0245143009337
223346 0.0267428737458
1439442 0.0255217379583
1093855 0.0248687902686
1471777 0.0260875641208
1517183 0.0234596458043
241788 0.0355437876812
1415372 0.0360597458895
1157705 0.0323546200456
107238 0.0235833781134
1283179 0.0359437981535
1507902 0.0240916405727
1007600 0.0349875468725
172618 0.0235585273462
1005795 0.0298890941865
181881 0.0294559189084
1352511 0.0309226036674
1182550 0.0303352000699
1322805 0.0270339086475
1054607 0.0272979761313
1576214 0.0291867394928
1442503 0.0299692258063
101270 0.030171447303
1094439 0.0302940954627
1328244 0.0304591859012
1415239 0.0291486863774
309581 0.028051496175
1040834 0.0291867394928
1081432 0.029611976757
1290601 0.0293014973152
1550588 0.0304591859012
1340491 0.0289974610266
1516277 0.0299692258063
310277 0.0295337416797
1097980 0.0209335603479
115396 0.029611976757
1184763 0.030171447303
1023071 0.0245952062173
1097078 0.02851663578
1338320 0.0298890941865
1313688 0.0300902321016
1214601 0.0286261747138
1272472 0.0275672533311
568780 0.0207201505575
116158 0.0278766115355
1277495 0.0210716705481
1368539 0.0298093899353
1027771 0.019926062791
1307600 0.0193065996991
1524581 0.0309226036674
1032231 0.0207586280887
5786821411025693 0.0242484191448
5786821412027444 0.0302122195291
5786821411023754 0.0299692258063
5786821411029962 0.0322147585757
1366374 0.0253194138749
1536548 0.0299692258063
1452417 0.0294559189084
1170611 0.0293785051925
16390 0.018446404663
302627 0.0263024028841
1073969 0.0294171611204
1005112 0.0258762065411
1321557 0.023001072481
410243 0.02926314457
1001676 0.0290728770501
1308418 0.0197326058707
1387844 0.0193065996991
1495589 0.0299291063608
27317 0.0321221874303
1110310 0.0180153444412
1230364 0.0168351223279
1078779 0.0184311974044
255200 0.0205298828756
1458417 0.0183254446324
1281618 0.00253022209727
1307422 0.00163240135308
1508806 0.00316277762159
1037258 0.00351419735732
1251486 0.00294211871776
308856 0.00258185928293
1261564 0.0018203036671
1113453 0.00308027037929
1309271 0.00163132740482
1436752 0.00259645827783
1386581 0.00384436845787
176512 0.00300559715797
1255949 0.00250466429831
1155710 0.00186437417694
370241 0.00290186989584
1303796 0.00245819557292
1134094 0.00179181725496
164200 0.00257525250497
274588 0.00196981234652
1177085 0.00239872309939
1036883 0.00210206123197
381781 0.00147248348675
1307103 0.0021870710612
1215717 0.00704630779144
305278 0.0058546527973
183994 0.00865941033641
1471384 0.00703075302811
118775 0.0037494848363
1364975 0.00405467546251
14676 0.00367054831343
1583265 0.00276747690298
340364 0.0029220845512
1265617 0.00325889803529
1303520 0.00222575801985
274016 0.00331046287762
1098325 0.00227909862599
149692 0.00182885711421
108493 0.00275291123507
211174 0.00173196402207
36505 0.00260225440131
1118742 0.0105043902432
1046721 0.00535102675022
1513967 0.00767453282345
1025019 0.00632432708843
1535222 0.0108998327232
1387953 0.012268609868
19466 0.00812482429013
1267254 0.0054761539232
1049840 0.00651581653382
1456316 0.0054761539232
1321708 0.009194373908
1124931 0.0061225127292
1148691 0.0112066541933
1380592 0.0103946838177
240692 0.011294081992
1141632 0.00919968550471
1137647 0.00510896875478
1363225 0.00777571074642
1222877 0.00700600774688
1220433 0.00511882211786
1374277 0.00712193900208
1178874 0.00861723788347
106310 0.00711557444533
279873 0.00842128800035
102308 0.00950158449204
1461958 0.00748339079354
158091 0.00673346960197
1518765 0.0137410634131
1092025 0.011635397277
1059439 0.0139340662174
1313832 0.0143435849267
1174189 0.0112357491727
226278 0.0120657238175
1221073 0.0101756069367
1305979 0.0133056761391
235182 0.0133324745933
1163854 0.0136080439616
199087 0.0133319863852
189988 0.0123113385924
1566214 0.0142053537336
1504909 0.014016678198
1400574 0.012963618166
1134277 0.0129130418937
1331789 0.0143718950063
1198151 0.0141545453772
1099130 0.0120346152842
1592409 0.0133598714294
1277939 0.0142020290292
1299486 0.01209377898
1011958 0.0130313617593
1005444 0.0123468263766
1551263 0.0152380704053
135528 0.0136514141805
1065174 0.0146053921772
1422448 0.0139042664195
23986 0.0169553959015
1227158 0.0210343298974
232588 0.0172396049147
127551 0.0221165846309
1075928 0.0202425895804
1046243 0.0190250935984
1316850 0.0236003899782
1581563 0.0236264254506
1332280 0.0236340938782
1290715 0.0125680284509
1257739 0.014435144564
1392078 0.015836590526
1317495 0.0174930676113
1464379 0.0143475416217
1239234 0.0135755701627
1161983 0.0241514571273
276586 0.0225844064384
19492 0.0230213857852
1551153 0.0225312962555
1217758 0.0198302405334
1515031 0.0198108181627
1525824 0.0215319188712
317365 0.0215319188712
214862 0.0202021538227
1532353 0.0196536149092
12292 0.0196876232192
152856 0.0216009027703
253885 0.0213814432813
1292898 0.0196525540426
1489884 0.0200685269647
100015 0.0196727301126
1050100 0.0196091569017
181087 0.0197474218253
1093919 0.0192565301842
1086108 0.0229502783783
1386726 0.0218668598314
1378744 0.0237079648495
1225327 0.0221569630108
190554 0.0250452786815
1396580 0.0173637550645
1579426 0.0156662313336
166511 0.0168635116347
1766 0.017693697633
1348640 0.0211959722998
1496409 0.0233851381716
1237553 0.0230053845693
1322164 0.0244482417535
1209900 0.0240223816438
1192297 0.0213425884397
200223 0.0200210732028
1108502 0.0216651720436
157817 0.0206045962758
1268386 0.0206291130485
398052 0.0206361285605
1435978 0.0197645739207
1319992 0.0186537153496
1533320 0.0193004249466
1499973 0.0186651910281
1468224 0.020258358346
1120257 0.0176388361123
122724 0.0183833989494
1048851 0.0188400111872
1501211 0.0227211193331
1323439 0.0194957545485
1136972 0.0176550875858
1107058 0.0167641226721
1251009 0.0176200559548
1112725 0.0182388145573
1393782 0.0159720647595
1091080 0.0167164011108
1576185 0.0358432477007
1393214 0.031237613
1325043 0.0210925533651
167272 0.0211368770917
312525 0.028841609709
143006 0.0332787804334
1427191 0.0291656727394
1406185 0.0320973638165
1386195 0.0315561141522
1320478 0.0303195520301
1199660 0.0320717780343
212298 0.0173985061812
1317273 0.028687376502
1229936 0.0279015572427
1089770 0.0285956258308
26625 0.030342417454
245064 0.0223584582073
354610 0.0237719619167
1283528 0.0280964005196
1059866 0.0238565345651
1489818 0.0274822715464
192907 0.023597680671
1378074 0.0209279820775
1405114 0.0803021774981
1011706 0.0911456964348
1140518 0.0889800230445
1145636 0.0878758034445
1333241 0.0490140398774
111580 0.0690419359805
177744 0.0134945649988
1140748 0.0135058897429
1081308 0.0275292819323
1319831 0.0182715919818
10913 0.0232633972501
1017594 0.024244679448
111826 0.0168696207732
158049 0.0253123910311
1130497 0.0163719412183
1457982 0.0237509123636
1129819 0.0138213828732
1321947 0.0216486658832
1365009 0.0237509123636
1368317 0.0182550115898
269065 0.0141669174451
289829 0.024443527062
326788 0.0223584582073
266606 0.0238919510356
1105818 0.0176775244042
1084710 0.0203974882352
148360 0.0119318047284
1459213 0.02369496204
1335361 0.0123892365032
1248270 0.0892042054205
1515563 0.0923122922176
1463319 0.103608821725
1114981 0.104977240126
1338811 0.0980774517416
1183060 0.0785212824326
1517143 0.0712263278833
176019 0.0840089648115
155160 0.0732766812542
1108093 0.108335343774
1387486 0.0927961784289
1413385 0.074212187665
1106159 0.0813420135476
1108853 0.10066310697
1446128 0.107379531532
1459582 0.102463972867
1291980 0.0907633560629
1229344 0.0795964767762
1424608 0.0869925309059
1585590 0.0881143802864
176020 0.101291433255
1185437 0.111117135768
1051968 0.0939376654283
1422402 0.0800216891033
205440 0.093711636397
1203677 0.0988993298288
1124355 0.0458680439131
1252370 0.103719190643
118313 0.10097629268
1317764 0.0932628258778
1175492 0.088494787745
1507310 0.100455393569
106963 0.0848878729002
256906 0.084354680716
159517 0.0919852529206
1317803 0.0829532611003
1275309 0.091963532672
22219 0.104977240126
1210197 0.0956917839965
1233761 0.0590457187486
1023709 0.0435497663945
120783 0.0517562207131
1445720 0.0788551449415
1557588 0.0292248920935
1433673 0.0263644368532
286962 0.0143314374689
5786821411022183 0.0241176293975
1027480 0.0384802796067
1358273 0.0310946348421
129572 0.0295728074755
2449133523026789 0.0210716705481
1407663 0.0263333833351
135901 0.0201052540032
