1520386 3.37362946303e-05
650580 0.000112454315434
1215566 6.74725892606e-05
1396058 7.8718020804e-05
1075573 7.8718020804e-05
1185117 0.000112454315434
1060939 0.000123699746978
1308026 0.000123699746978
128346 0.000123699746978
214555 0.000134945178521
1428665 7.8718020804e-05
1224109 7.8718020804e-05
1549610 0.000101208883891
1025093 8.99634523475e-05
1559001 0.000123699746978
191318 5.62271577172e-05
344029 6.74725892606e-05
1486001 5.62271577172e-05
1540074 5.62271577172e-05
1383734 6.74725892606e-05
1100583 0.000123699746978
175073 1.12454315434e-05
1010832 3.37362946303e-05
107478 4.49817261737e-05
1087673 0.000118077031206
1153924 5.06044419455e-05
1288722 6.74725892606e-05
1297559 5.06044419455e-05
1167072 0.000118077031206
1377745 0.000219285915097
1111184 6.74725892606e-05
297079 0.000134945178521
1064699 0.000202417767782
235980 6.74725892606e-05
1156786 0.000202417767782
21911 6.74725892606e-05
1077028 0.000118077031206
1498233 0.000185549620467
105488 0.000168681473152
1465488 0.000134945178521
165141 5.06044419455e-05
1019092 1.68681473152e-05
1252643 1.68681473152e-05
137128 5.06044419455e-05
1247352 0.000219285915097
1273500 0.000151813325836
260093 0.000202417767782
464077 0.000202417767782
1212030 8.43407365758e-05
1384335 0.000202417767782
1320547 0.000185549620467
1217465 0.000202417767782
1034298 3.37362946303e-05
1043554 6.74725892606e-05
1006300 6.74725892606e-05
1069431 3.37362946303e-05
1150486 0.000118077031206
1420261 0.000151813325836
1007727 5.06044419455e-05
1308541 3.37362946303e-05
118085 0.000103083122481
1097220 0.000103083122481
1145352 4.12332489926e-05
1060170 8.24664979852e-05
324474 6.18498734889e-05
1156513 0.000144316371474
1111159 0.00016493299597
1001813 6.18498734889e-05
535781 0.000144316371474
427679 0.000144316371474
1128851 8.24664979852e-05
1260079 0.00016493299597
172038 0.000185549620467
1551206 6.18498734889e-05
125246 2.06166244963e-05
217201 4.12332489926e-05
1164332 6.18498734889e-05
1036125 6.18498734889e-05
1166564 6.18498734889e-05
1273121 6.18498734889e-05
1460784 0.000123699746978
1247769 0.000123699746978
180432 0.000123699746978
13765 6.18498734889e-05
145819 8.24664979852e-05
26087 0.000185549620467
129757 0.000185549620467
1370435 0.000185549620467
1559923 0.00016493299597
1189112 2.06166244963e-05
1470325 0.000185549620467
1093050 8.24664979852e-05
1548709 0.000144316371474
133005 0.000123699746978
1226508 0.000144316371474
1071141 0.000123699746978
238950 0.000103083122481
1064085 4.12332489926e-05
1088871 9.37119295286e-05
1095796 0.000654296691969
1309419 0.000630868709587
1205956 0.000654296691969
1498439 0.000374847718115
1539401 0.000398275700497
1527990 7.02839471465e-05
1051745 0.000654296691969
332679 2.34279823822e-05
1353181 0.000630868709587
265963 0.000677724674351
1225614 0.000845469028207
1401672 0.000701152656733
1031984 0.000794864586262
1093945 0.000630868709587
1151613 0.00100384218911
153065 0.000641551869553
1098432 0.000398275700497
1235510 0.000586074407272
1336991 0.000374847718115
1113603 0.000140567894293
1392834 0.000724580639115
1092766 0.000654296691969
1233420 7.02839471465e-05
139566 2.34279823822e-05
275099 0.000865148533408
1443714 0.000498547465092
1217239 0.000677724674351
1330561 0.000630868709587
1333789 0.000451691500328
1143530 0.000515790460126
163820 0.000498547465092
1335440 0.000163995876675
1529411 0.00077143660388
1004783 0.000498547465092
1280924 0.000748008621498
1529817 0.000701152656733
1118729 0.000641551869553
1215046 0.000677724674351
1385753 0.00056264642489
1166355 0.000677724674351
1479134 0.000942929434917
197809 0.00077143660388
1428737 0.000865148533408
1348962 0.000210851841439
1499467 0.000231093618218
1167856 0.000231093618218
1016261 0.000231093618218
1000847 7.70312060725e-05
1076690 0.000102708274763
1328023 0.000231093618218
1537891 0.000231093618218
1510710 0.000205416549527
1068429 0.000256770686908
217247 0.000154062412145
255515 0.000179739480836
1006748 0.000231093618218
1070988 0.000256770686908
1186250 0.000231093618218
1298932 0.000102708274763
205942 0.000231093618218
1424975 0.000231093618218
1374805 0.000205416549527
1336 7.70312060725e-05
1258250 0.000102708274763
1340874 0.000102708274763
138081 0.000205416549527
1351585 0.000205416549527
1358169 0.000128385343454
299371 0.000205416549527
1460994 0.000179739480836
1207750 0.000128385343454
1267984 0.000231093618218
1566786 7.70312060725e-05
1327962 2.56770686908e-05
1309640 0.000154062412145
332756 0.000154062412145
308215 0.000154062412145
336355 0.000179739480836
121997 0.000154062412145
1534606 0.000231093618218
217504 0.000231093618218
1058933 0.000231093618218
1163784 0.000231093618218
1151508 0.000231093618218
1076932 0.000256770686908
222609 0.000205416549527
167787 7.70312060725e-05
148393 0.000128385343454
329446 5.13541373817e-05
1273364 5.13541373817e-05
1056150 0.000102708274763
1482292 0.000102708274763
1195638 0.000102708274763
30188 0.00019285915097
1270809 0.00019285915097
1192956 0.000165307843689
180808 8.26539218443e-05
480678 0.000247961765533
1426466 0.000247961765533
154585 0.00019285915097
1451605 0.00019285915097
1052242 8.26539218443e-05
125315 0.000165307843689
1180713 0.00057857745291
1373006 0.00019285915097
602097 0.000275513072814
1294499 0.000217679424877
126093 8.26539218443e-05
556567 0.000358166994658
171170 2.75513072814e-05
116535 0.000220410458251
352352 0.000110205229126
1539097 8.26539218443e-05
1506079 0.000165307843689
138014 5.51026145628e-05
1130599 0.000110205229126
438777 0.000165307843689
1231494 0.000220410458251
122528 8.26539218443e-05
1326159 8.26539218443e-05
297602 0.000217679424877
159240 0.000272782039439
1254740 0.000303064380096
1538595 0.000523474838347
1502826 0.000165307843689
1051392 0.000165307843689
1470814 0.00019285915097
1230010 0.000110205229126
1275340 0.000495923531066
101045 0.000110205229126
1477487 8.26539218443e-05
1308149 0.00019285915097
151746 0.000551026145628
1076030 0.000495923531066
1187856 0.000523474838347
270582 0.000247961765533
68655 0.000220410458251
1005392 0.000220410458251
1063625 0.00019285915097
259122 0.000137756536407
193384 0.000523474838347
1521166 0.000247961765533
1339673 0.000165307843689
1526988 0.000110205229126
1304517 0.000220410458251
201735 0.000520743804972
425950 0.00057857745291
1341647 0.000247961765533
1019991 0.000548295112254
1285748 0.000165307843689
1259549 0.000137756536407
1059179 0.000110205229126
1028814 0.000137756536407
1317770 0.000495923531066
1291840 0.000523474838347
1498000 0.000413269609221
42631 0.000220410458251
1530904 0.000551026145628
1094958 0.000413269609221
101354 0.000523474838347
1409228 0.000247961765533
1334074 0.000137756536407
1331486 0.000275513072814
1254899 0.000303064380096
1124990 0.000247961765533
1060596 0.00019285915097
1308444 0.000247961765533
1429272 8.26539218443e-05
1271824 0.000355435961284
1203884 0.000468372223784
340905 0.000137756536407
1030763 0.000247961765533
1007546 0.000220410458251
1245270 0.00061231374754
1266628 0.000174946785011
1333438 0.00014578898751
223681 0.000379051367525
103347 0.000320735772521
1202745 0.000379051367525
1224963 0.000379051367525
1239004 0.000204104582513
1076476 0.000320735772521
154069 0.000379051367525
1129078 5.83155950038e-05
380177 0.00014578898751
1417113 0.00014578898751
1019808 0.000408209165027
181120 0.000116631190008
1058181 0.000233262380015
1275324 0.00014578898751
1396829 8.74733925057e-05
146865 0.000233262380015
1119911 0.000262420177517
1502577 0.000379051367525
1050406 0.000379051367525
213898 0.00014578898751
1275171 0.000379051367525
1383373 0.000204104582513
396532 0.000174946785011
1577161 0.00014578898751
1090024 0.000174946785011
688463 0.000116631190008
275327 0.0003402546287
1147940 0.000437366962529
1494783 0.00061231374754
1139675 0.000116631190008
1155358 0.000408209165027
1108990 0.000437366962529
1270884 0.000670629342544
110604 0.000204104582513
1058515 0.000262420177517
154711 0.000408209165027
1160595 0.000437366962529
1359107 0.000670629342544
1022602 0.000204104582513
129758 0.000379051367525
1533831 0.000320735772521
1520009 0.000408209165027
1114442 0.000437366962529
1353873 0.000437366962529
1006765 0.000174946785011
1039277 0.00014578898751
193854 0.000116631190008
1448968 0.000116631190008
17406 0.000204104582513
1259316 0.000262420177517
1246206 0.000291577975019
1231453 0.000379051367525
1394233 0.000349893570023
1541696 0.000349893570023
1080520 0.000379051367525
1380408 0.00014578898751
206542 0.00014578898751
169058 0.000174946785011
1329467 0.00061231374754
190778 0.000553998152536
1498007 0.00061231374754
1242614 0.000641471545042
169193 0.000408209165027
1130776 0.000641471545042
129942 0.000466524760031
18583 0.000641471545042
30129 0.000524840355034
1250688 0.00061231374754
1146516 0.000379051367525
1165207 0.000553998152536
1573870 0.000320735772521
1206411 0.000466524760031
1033996 0.000437366962529
1329116 0.000408209165027
1070605 0.00014578898751
424595 0.000320735772521
1453407 0.000320735772521
1157521 0.000320735772521
1526914 2.91577975019e-05
1213584 8.74733925057e-05
1020249 0.000275071288004
1453332 0.000213944335114
22624 0.000633564043179
1018804 0.00105165312306
1417681 0.000859231294429
1406631 0.000183380858669
1329437 0.000664127519624
1031881 0.000213944335114
1035315 0.000213944335114
1079208 0.000969762284072
1070394 0.000603000566734
2801 0.000275071288004
187209 0.00100032576052
130748 0.000458452146673
119368 0.00100032576052
1162376 0.000275071288004
1184965 9.16904293345e-05
1190296 6.11269528897e-05
318245 0.000551293893998
197974 0.000490166941109
1027433 0.000939198807627
171671 0.000183380858669
241532 0.000183380858669
1413021 0.000664127519624
1292038 0.000939198807627
355452 0.000427888670228
173971 0.000702959958231
35936 0.000213944335114
1413857 0.000183380858669
238887 0.000244507811559
23066 0.000451334502501
10618 0.000213944335114
1395216 0.000244507811559
198127 0.000336198240893
1480218 0.000183380858669
1135757 0.000213944335114
1207618 0.000213944335114
1095223 0.000672396481786
164836 0.00103088923696
1380670 0.000275071288004
1288982 0.000213944335114
1093767 0.000244507811559
1181809 0.000183380858669
1241219 0.000213944335114
1479808 0.000183380858669
1245944 0.000611269528897
138495 0.000633564043179
20700 0.000631261407196
140366 0.00100032576052
1283781 0.00100032576052
199659 0.000672396481786
1159631 0.000244507811559
1457319 0.000122253905779
1494975 0.000213944335114
1175351 0.000244507811559
1035793 0.000244507811559
1371621 0.000939198807627
1073187 0.000939198807627
182844 0.000611269528897
1498549 0.000152817382224
1202868 0.000878071854738
1173170 0.000305634764448
1291363 0.000581857370443
1015203 0.000969762284072
1534090 0.000702959958231
258226 0.000969762284072
1063463 0.000275071288004
254398 0.000969762284072
1590938 0.000458452146673
1060006 0.000213944335114
27050 0.000366761717338
1279244 0.000366761717338
131435 0.000152817382224
1193767 0.000225667251251
1393427 0.000256230727695
165421 0.000225667251251
1019950 0.000889794770874
1200629 0.000551293893998
308758 0.00079810434154
1125102 0.000520730417554
1273379 0.000896140407245
1051757 0.000920358247319
180787 0.000780232137837
1516275 0.000551293893998
193540 0.000920358247319
1220656 0.000828667817985
1510779 0.000551293893998
1542829 0.000969762284072
1106618 0.000969762284072
1534033 0.000939198807627
1321590 0.000244507811559
123063 0.000939198807627
1067234 0.000451334502501
1334797 0.000152817382224
330672 0.000275071288004
111842 0.000122253905779
1362824 0.000122253905779
286982 0.000190877813031
1587118 0.000604446407932
1061045 0.000477194532578
316710 0.000509007501417
1501824 0.000699885314448
1041795 0.00022269078187
1199759 0.000699885314448
1474879 0.000477194532578
151797 0.00022269078187
1271781 3.18129688386e-05
1203119 0.000795324220964
1363993 0.000477194532578
1003909 0.000127251875354
1532839 0.000604446407932
130158 0.000890763127479
1195157 0.00022269078187
1362914 0.000509007501417
15451 0.000428040394304
276313 0.000858950158641
229586 0.000795324220964
1214822 0.000159064844193
1433446 0.000190877813031
237891 0.000795324220964
1328104 0.00022269078187
1241782 0.000190877813031
1397507 0.000858950158641
1125257 0.000827137189802
1440655 0.00022269078187
1222631 0.000254503750708
1429791 0.00044538156374
364963 0.000858950158641
1498135 0.00022269078187
1408260 0.000346194180043
1475834 0.00022269078187
1339723 0.000127251875354
1223864 0.000795324220964
1301506 0.000890763127479
1425485 0.000477194532578
214249 0.000795324220964
1462965 0.000397677729137
1078012 0.000827137189802
316282 0.000827137189802
1094359 6.36259376771e-05
102312 0.000286316719547
1251789 9.54389065157e-05
1178752 0.000127251875354
1386078 0.000604446407932
194409 0.00033405179146
250747 0.000827137189802
1535468 0.000858950158641
1030294 0.000286316719547
1312144 0.00052347930082
10806 0.000795324220964
1544562 0.00022269078187
149953 0.000318129688386
1112200 0.000429490697975
1087548 0.000858950158641
1210442 9.54389065157e-05
1169892 0.000190877813031
1366447 0.00022269078187
111597 0.000397677729137
120947 0.000477194532578
13088 0.000381755626063
1053 0.000397677729137
1360184 0.000428040394304
1312950 0.00066807234561
1008235 0.000585003413792
1222456 0.000763511252125
1297297 0.000858950158641
1483905 0.000190877813031
1158536 0.000954389065157
1523576 0.000890763127479
1411303 0.000540820470255
1050801 0.000795324220964
1489838 0.00022269078187
1361655 0.000254503750708
262252 0.00022269078187
1269980 0.000286316719547
1169487 0.000318129688386
1472770 0.000254503750708
269577 0.00022269078187
1524083 0.00022269078187
1396219 0.000477194532578
21035 0.000381755626063
1325549 0.000509007501417
1286431 0.00022269078187
1181595 0.000477194532578
1387821 0.000461303666814
1137991 0.000397677729137
1579521 0.000254503750708
1170955 0.00052347930082
145098 0.000518003846652
1383721 0.000428040394304
1295934 0.000428040394304
146983 0.000459853363143
1146731 0.000127251875354
33421 0.000164687559964
275427 0.000329375119929
1265114 0.000362312631922
1142166 0.000362312631922
12634 0.000296437607936
1321091 0.000362312631922
177429 0.000461125167901
1234042 0.000362312631922
1453576 0.000296437607936
409279 0.000362312631922
162988 0.000395250143915
1075448 0.000559937703879
1141649 0.00264449638388
124220 0.0032346048666
1242944 0.000527000191886
145802 0.000329375119929
1505011 0.000461125167901
1517208 0.000527000191886
1339407 0.000362312631922
1002713 0.000362312631922
1243850 0.000698492211565
1353002 0.000395250143915
1445087 0.000461125167901
1294775 0.000527000191886
1130998 0.000329375119929
1073036 0.000362312631922
144441 6.58750239858e-05
1151933 0.00247741247601
1327357 0.000263500095943
1041686 0.00023056258395
142375 0.000329375119929
281707 0.000461125167901
1015476 0.000329375119929
236683 0.000362312631922
129271 0.000461125167901
1137607 0.000329375119929
1136706 0.000329375119929
1290989 0.000527000191886
170651 0.0025786213599
1544701 0.00267503754796
1249784 0.00277385008394
157321 0.000461125167901
16373 0.000329375119929
1061050 0.000263500095943
1404075 0.000395250143915
1138642 0.000329375119929
1326375 0.000395250143915
157611 0.00023056258395
133095 0.000395250143915
1243968 0.00023056258395
1494007 0.000329375119929
1189819 0.000329375119929
1169948 0.000296437607936
1072440 0.000428187655908
1372774 0.000296437607936
1409873 0.000329375119929
1000308 0.000428187655908
301615 0.000461125167901
1512851 0.000527000191886
1409384 0.000329375119929
1048684 0.000329375119929
1082068 0.00023056258395
257797 0.000263500095943
136145 0.000395250143915
1056867 0.000362312631922
214169 0.000461125167901
17756 0.00247741247601
207334 0.000362312631922
1345667 0.000329375119929
1189719 0.000362312631922
1189837 0.000362312631922
157993 0.000131750047972
1369191 0.000131750047972
1359579 0.000296437607936
183657 0.000296437607936
1419353 0.000362312631922
1533673 0.000131750047972
1025424 0.000296437607936
188647 0.000395250143915
1345173 0.000395250143915
1134676 0.000362312631922
1471346 0.000428187655908
1192631 0.000527000191886
294955 0.000329375119929
342059 0.000461125167901
1387551 0.000395250143915
1041213 0.000395250143915
1090651 0.000527000191886
1330520 0.000362312631922
1035540 9.88125359787e-05
1088609 0.000362312631922
1117827 0.000395250143915
128004 0.000428187655908
1267062 0.000296437607936
1411345 0.000428187655908
1020970 0.000494062679893
1388130 0.000592875215872
1533695 0.000296437607936
1178823 0.000395250143915
1019225 0.000362312631922
179704 0.000329375119929
1268205 0.000428187655908
138455 0.000428187655908
1363407 0.000428187655908
1077121 0.000461125167901
1249236 0.000527000191886
1326557 0.00247741247601
321577 0.000428187655908
305966 0.000395250143915
204295 0.000461125167901
1396775 0.000164687559964
1257467 0.000263500095943
1288561 0.000362312631922
1244698 0.000461125167901
1383723 0.000494062679893
1043605 0.00023056258395
1303692 0.000329375119929
1286131 6.58750239858e-05
156849 0.00023056258395
1358638 0.000428187655908
142775 0.000461125167901
1079998 0.000527000191886
21194 0.000527000191886
158637 0.000395250143915
1005804 0.000263500095943
206861 0.000494062679893
1489255 0.000731429723558
1056137 0.00023056258395
1569026 0.000461125167901
1423088 0.000428187655908
25564 0.000395250143915
270381 0.000263500095943
1563031 0.000263500095943
1289510 0.000296437607936
142053 0.000296437607936
1303018 0.000329375119929
1540118 0.000263500095943
1370713 9.88125359787e-05
1104214 0.00247741247601
1347330 0.00297221146392
1500128 0.00247741247601
107116 0.000329375119929
1400714 0.000461125167901
1422117 0.00023056258395
364996 0.000428187655908
1316504 0.000428187655908
1115073 0.000461125167901
1477719 0.000461125167901
1048792 0.000461125167901
316630 0.000329375119929
1189428 0.000362312631922
1331697 0.000164687559964
1217378 0.000329375119929
1381467 0.000164687559964
1017362 0.000296437607936
1248716 0.000263500095943
180830 0.000263500095943
1396912 0.00289424070447
238038 0.000713156302979
126136 0.00279236123262
1566423 0.00282632105657
1235022 0.00255464246496
1123961 0.00142631260596
360189 0.00258860228891
1474502 0.00149423225386
1418449 0.00282632105657
1065196 0.00129047331015
411492 0.00265652193681
1378626 0.00286028088052
114398 0.00289424070447
1095581 0.00286028088052
1121784 0.000848995598785
1310194 0.00152819207781
282216 0.00135839295806
1136231 0.00292820052843
1413121 0.000305638415563
1055245 0.00227530820474
1433566 0.000305638415563
1032485 0.00282632105657
283565 0.00210550908499
174358 0.000305638415563
1004274 0.000815035774833
1083266 0.00258860228891
1480107 0.000441477711368
1007077 0.000101879471854
1104991 0.00286028088052
344363 0.00292820052843
1474763 0.000339598239514
1481603 0.00248672281706
1551769 0.00289424070447
1426349 0.00248672281706
1136124 0.00160376739432
1223570 0.00227530820474
223924 0.00163772721827
1344364 0.00279236123262
1275696 0.00252068264101
1343954 0.00146027242991
1569582 0.00279236123262
315348 0.0011206741904
1066871 0.00241880316915
1234450 0.00167168704222
1496416 0.000882955422736
1530605 0.00269048176077
282340 0.00241880316915
1044913 0.00292820052843
183520 0.000543357183222
162813 0.000713156302979
1211308 0.000441477711368
30147 0.000407517887417
1278373 0.00289424070447
136754 0.0011885938383
1017385 0.000475437535319
1309043 6.79196479028e-05
149181 0.000271678591611
293931 0.00258860228891
1080357 0.000509397359271
238457 0.00258860228891
231810 0.00262256211286
1229710 0.00265652193681
1280325 0.00129047331015
1214596 0.00286028088052
229206 0.00292820052843
1514384 0.00193570996523
1052214 0.000339598239514
1193827 0.00023771876766
1157208 0.00152819207781
1272593 0.00108671436644
382595 0.000135839295806
1505676 0.000916915246688
352868 0.00227530820474
167870 0.00289424070447
1251563 0.00289424070447
1400929 0.000848995598785
1239579 0.000339598239514
257204 0.00286028088052
1328207 0.00235088352125
409740 0.00272444158472
147159 0.00133208880271
143848 0.000916915246688
1552637 0.000781075950882
1009039 0.00098483489459
1100524 0.00023771876766
1549778 0.000882955422736
151635 0.000577317007174
264858 0.00248672281706
1240517 0.00169799119757
300469 0.00248672281706
1457564 0.000645236655076
1332018 0.00272444158472
1059803 0.000203758943708
227463 0.000305638415563
1082739 0.00207920492964
361768 0.00221504422545
1247877 0.00265652193681
220084 0.00272444158472
121078 0.0013244331341
309831 0.000305638415563
1559743 0.000441477711368
1360874 0.0023169236973
1497266 0.00150188792247
1375244 0.00258860228891
1170108 0.00286028088052
1314039 0.00153584774642
1569576 0.000169799119757
1169391 0.00207920492964
11182 0.00122255366225
142622 0.000271678591611
1093567 0.000543357183222
1245552 0.000882955422736
264508 0.000203758943708
198856 0.00258860228891
1108709 0.000169799119757
1055503 0.00269048176077
1441206 0.000848995598785
242724 0.000577317007174
1282470 0.000373558063465
1339987 0.000339598239514
1151133 0.00122255366225
1176829 0.000815035774833
277909 0.00255464246496
1101196 0.000509397359271
1469411 0.00252068264101
19462 0.000441477711368
1441707 0.00255464246496
1527934 0.0012565134862
1475913 0.00221504422545
1301847 0.00282632105657
1327528 0.00197732545779
1379945 0.00286028088052
156616 0.00265652193681
1056191 0.00279236123262
277618 0.00129047331015
1016078 0.00129047331015
1472529 0.00177356651408
1122389 0.00190940580988
1005133 0.0012565134862
101911 0.00160376739432
1330511 0.00292775346978
1348585 0.00265652193681
235461 0.0012565134862
1249709 0.00228296387335
138580 0.00262256211286
231587 0.00296216035238
1308223 0.00265652193681
1329138 0.00272444158472
1152527 0.0022490040494
1139761 0.00248672281706
1159618 0.00230926802869
1439897 0.00245276299311
153877 0.00227530820474
1392080 0.00255464246496
239183 0.00255464246496
1532934 0.00252068264101
262873 0.000203758943708
25331 0.000509397359271
282066 0.000916915246688
1525278 0.00200362961313
261539 0.00210550908499
1327660 0.000950875070639
1178707 0.00108671436644
373998 0.000679196479028
1380869 0.000475437535319
1009398 0.00169799119757
1024106 0.00122255366225
165596 0.00115463401435
152064 0.000373558063465
1266646 0.000203758943708
288191 0.000747116126931
1575523 0.000781075950882
1058925 0.000509397359271
1083076 0.000475437535319
1411233 0.000509397359271
1039329 0.000305638415563
129385 0.000169799119757
173619 0.000101879471854
1374502 0.00138796401799
1101721 0.00129118690013
1413865 0.00215081432484
266509 0.00115159912714
1337671 0.000872423581167
280581 0.00156244873422
1092934 0.00225013807921
1483882 0.00129118690013
1471105 0.0019531336124
1415563 0.00132608384337
115942 0.00125628995688
1295706 0.0019531336124
201409 0.000872423581167
103016 0.00122139301363
1058960 0.000488557205453
163962 0.00252884597051
1471750 0.00222252729309
1446626 0.00041876331896
117238 0.00202005859695
1349442 0.00083752663792
1542251 0.000453660262207
1376231 0.00101201135415
1507401 0.000872423581167
128882 0.00132608384337
1089999 0.000802629694674
1384771 0.00285578252067
43123 0.00191536776721
1216302 0.000907320524414
1159598 0.00208985248344
1072046 0.00125628995688
1517071 0.00299537029366
1133172 0.000767732751427
1593247 0.000872423581167
1527275 0.00225355458586
1503644 0.000558351091947
1587911 0.0005234541487
1283095 0.000872423581167
1370735 0.000663041921687
1213874 0.00268754926079
1469051 0.00305813484925
22231 0.000872423581167
203078 0.000593248035193
1314031 0.00062814497844
1415812 0.00118649607039
1159021 0.00125628995688
195260 0.00188047082396
1244148 0.0020549555402
328648 0.00264640086119
156259 0.00195026471046
1121686 0.000977114410907
336327 0.00190566585197
451266 0.00261150391794
152080 0.00195026471046
1191333 0.00132608384337
1067172 0.000872423581167
1445738 0.00108180524065
1244569 0.000977114410907
1343227 0.000872423581167
1455020 0.00261150391794
1070205 0.00174088305098
1519744 0.0005234541487
1578087 0.00221865764261
1129074 0.00135306707474
1458343 0.00231946431103
197188 0.00136098078662
384691 0.00261150391794
1395285 0.00204417292638
1479963 0.0029987868003
1497638 0.00204417292638
1481707 0.00184557388072
1345110 0.0020801505682
1548695 0.000872423581167
1250653 0.00163332331929
287297 0.00135306707474
263451 0.00194397930187
1384894 6.97938864934e-05
1152474 0.00107389152877
1532518 0.00195026471046
108339 0.00214886375612
1125810 0.00083752663792
1079050 0.0020549555402
153797 0.00160129527799
269563 0.00111670218389
116496 0.00166480375589
259130 0.00183587196548
1535238 0.00292557640716
1015868 0.00296047335041
1445628 0.00278598863418
57397 0.00108180524065
173785 0.00191823666915
1436787 0.00101201135415
1451904 0.00115159912714
1030816 0.00128327318825
134200 0.00191823666915
1431310 0.00221865764261
1271390 0.00214926597159
1228064 0.00225013807921
1121249 0.000331964383975
344628 0.00225917848746
200649 0.000262170497481
160572 0.00166822026254
11597 0.00214886375612
1437478 0.00334379814419
1013460 0.00218376069936
133263 0.00282088557742
1105774 0.00303436824944
1276775 0.00181067693747
1532117 0.00194056279522
119081 0.00221524113596
1069910 0.00204028876506
1530196 0.00149373554631
242256 0.00199065960747
1269999 0.00344903055586
1049648 0.000907320524414
1383633 0.002598639857
114406 0.00177577999422
1054165 0.00187076890872
1067440 0.00180888873411
155392 0.00180888873411
1369356 0.0017718303937
1303395 0.00221524113596
1073373 0.00222252729309
1000038 0.00176050017518
1195068 0.00271619474768
1239091 0.00184557388072
1209412 0.00211396681287
1346928 0.00341413361262
1014003 0.00231638458065
1104527 0.00214886375612
1354260 0.000872423581167
1134939 0.00145775790448
241838 0.00152863248955
1394834 0.000663041921687
1529800 0.00225013807921
1350403 0.00162990681265
1353942 0.0015950098694
1338611 0.00320475195314
169016 0.00222252729309
1259344 0.00201935109217
1359029 0.00173118113574
1464520 0.00152863248955
1319143 0.000969200699029
1344665 0.00225742423634
221011 0.0019851616537
1170158 0.00221865764261
1239185 0.00207906986962
1209042 0.00271619474768
298013 0.00244493893636
1026982 6.97938864934e-05
1574096 0.00094221746766
1040958 0.00221865764261
157143 0.00112956624483
1257195 0.00149373554631
1569457 0.00145775790448
1554485 0.000174484716233
1330555 0.00152755179098
1310218 0.00194056279522
114711 0.0021499444547
1285568 0.0019851616537
1370132 0.00313495806664
1465430 0.00194056279522
1257416 0.000366861327221
1032072 0.00180097502223
1164492 0.00187076890872
1415281 0.00233843443908
1155605 0.00183348522904
1185612 0.00222252729309
1339644 0.00334433972612
1161273 0.00170885500967
1412835 0.00252884597051
1285958 0.00163906112318
1087139 0.00174375195292
1387496 0.00177864889616
1463157 0.00225013807921
1055677 0.00194874300722
1078236 0.00108180524065
133188 0.00101201135415
1091499 0.00108180524065
1268086 0.00181067693747
1461212 0.00191536776721
1405273 0.00111670218389
216388 0.000663041921687
1302759 0.00107389152877
1359927 0.000934303755783
1133998 0.00110878847202
1522988 0.0011801452226
1047525 0.00114438324615
1427352 0.00121590719904
180960 0.000500667670193
1152906 0.000500667670193
1154721 0.0009298113875
1114110 0.000786763481731
1020017 0.000572191623077
1188806 3.57619764423e-05
1109531 0.000715239528847
233951 0.000178809882212
1163194 0.000786763481731
1225090 0.00114438324615
154903 0.000107285929327
1072998 7.15239528847e-05
1324786 0.000679477552404
1487678 7.15239528847e-05
1131331 0.00103709731683
1399442 0.00128743115192
190245 0.000286095811539
1320345 0.000214571858654
1247434 0.000286095811539
1094074 0.00101020617467
219036 0.000509538504478
1490321 0.000393381740866
1335027 0.000250333835096
176113 0.000429143717308
1292503 0.00121590719904
1541002 0.00128743115192
1238365 0.000429143717308
1232609 0.0011801452226
1068697 0.00114438324615
1371036 0.00125166917548
1427953 0.000822525458173
1060848 0.000679477552404
1586217 0.00103709731683
1198505 0.00107285929327
179914 0.0009298113875
1263558 0.000143047905769
1165033 0.000321857787981
1252594 0.0011801452226
120987 0.000965573363943
1376793 0.000286095811539
1472111 0.00110862126971
1538654 0.000250333835096
1387059 0.000393381740866
1538231 0.000500667670193
392501 0.000321857787981
1397419 0.000393381740866
1345628 0.00110862126971
1229363 0.000250333835096
1566105 0.000500667670193
247075 0.000581062457363
1105710 0.000500667670193
123019 0.000214571858654
357468 0.000250333835096
1574240 0.000357619764423
1017211 0.000107285929327
1200814 0.000357619764423
1405660 0.000429143717308
187595 0.00121590719904
1048550 0.0009298113875
247291 0.000214571858654
1212905 0.0011801452226
400227 0.0009298113875
1151458 0.000286095811539
145088 0.000178809882212
1101352 0.00107285929327
1555584 0.000965573363943
1075605 0.000178809882212
13902 0.00068834838669
1288803 0.000286095811539
1224007 0.000357619764423
201638 0.0011801452226
1338165 0.000786763481731
1525656 0.001117492104
1422887 0.000283500711952
1244616 0.000286095811539
1122718 0.00125166917548
1327754 0.000321857787981
1136249 0.000321857787981
1248047 0.000286095811539
152401 0.000357619764423
35080 0.00110862126971
1254172 0.000357619764423
1407660 7.15239528847e-05
1106435 0.0009298113875
166595 0.000965573363943
118858 0.000250333835096
1271232 0.000965573363943
210942 0.000965573363943
305302 0.000321857787981
1432425 0.001117492104
1408427 0.000143047905769
24447 0.00114438324615
1223991 0.000286095811539
172376 0.000250333835096
184462 0.00068834838669
156242 0.000429143717308
20712 0.0011801452226
1484681 0.00054530048092
12477 0.00054530048092
1486367 0.000652586410247
1012041 0.000724110363132
1134769 0.000720058999508
18726 0.000616824433805
392084 0.000286095811539
1400531 0.000393381740866
1359436 0.00114438324615
154330 0.000250333835096
1475903 0.000250333835096
105098 0.000178809882212
1589595 0.000286095811539
224478 0.000250333835096
1280233 0.00128743115192
1074546 0.000965573363943
1377738 0.0011801452226
145395 0.00132319312837
1266311 0.000894049411058
1077184 0.00107285929327
1488050 0.00125166917548
1147242 0.00108173012756
1153651 0.000965573363943
137593 0.0009298113875
47691 0.000393381740866
1437942 0.000178809882212
1478833 0.000143047905769
1395402 0.0009298113875
1408536 0.0009298113875
1112043 0.000786763481731
11760 0.000858287434616
1565691 0.000858287434616
1171447 0.000786763481731
1327115 0.000214571858654
234069 0.000321857787981
203040 0.000321857787981
1555842 0.000250333835096
1485529 0.000214571858654
1566860 0.000393381740866
1003401 0.000250333835096
217438 0.000178809882212
1494962 0.000321857787981
1374791 0.000286095811539
1344070 0.000250333835096
1040221 0.00106039142502
1035704 0.00120665231123
124725 0.000841000095709
276003 0.00131634797589
1416694 0.000548478323289
1186951 0.000804434874157
1210645 0.000585043544841
1304063 0.000987260981919
1359890 0.000767869652604
1485745 0.00120665231123
1500360 0.000475347880183
137080 0.000511913101736
1170088 0.000767869652604
1156804 0.000585043544841
1509196 0.000621608766394
1020207 0.000548478323289
1062406 0.000255956550868
1080370 0.000548478323289
123949 0.000438782658631
1587263 0.00124321753279
1021106 0.000438782658631
145552 0.00014626088621
228494 0.000365652215526
1045282 0.000365652215526
1347531 0.000475347880183
1353824 0.00160886974831
247563 0.00142604364055
1352757 0.00109695664658
1515913 0.00157230452676
121734 0.000329086993973
1280968 0.000182826107763
1412333 0.000548478323289
1005202 0.000621608766394
1073840 0.000877565317262
222909 0.000511913101736
1142293 0.000255956550868
1551434 0.00131634797589
1581388 0.000987260981919
1091818 0.000548478323289
1483589 0.000841000095709
1219645 0.00113352186813
1013889 0.00142604364055
1202455 0.000365652215526
1276478 0.000767869652604
1256178 0.00124321753279
1334143 0.000292521772421
1543100 0.000182826107763
204281 0.00120665231123
1245952 0.000585043544841
1210287 0.00131634797589
151802 0.000182826107763
10717 0.000585043544841
1195683 0.001389478419
1314784 0.000475347880183
1074343 0.00109695664658
141301 0.000877565317262
1257636 0.000621608766394
1478308 0.00102382620347
177604 0.00109695664658
1367447 0.000804434874157
1483596 0.00102382620347
1360427 0.00124321753279
150980 0.000511913101736
1084803 0.00014626088621
1123448 0.000475347880183
365165 0.000329086993973
1489488 0.000767869652604
1280318 0.00014626088621
117909 0.000621608766394
1505990 0.00117008708968
1340544 0.000365652215526
1229409 0.000365652215526
1142704 0.000475347880183
1129887 0.000621608766394
1035076 0.000621608766394
188440 0.000329086993973
1194949 0.000292521772421
153195 0.000694739209499
1138673 0.000292521772421
1521087 0.000804434874157
1340815 7.31304431051e-05
1004612 0.000621608766394
1377974 0.000621608766394
1514997 0.00153573930521
195339 0.00106039142502
1509805 0.00102382620347
1371461 0.00113352186813
1194729 0.000438782658631
103917 0.000292521772421
1168653 0.000219391329315
1279910 0.000877565317262
1285448 0.000548478323289
1026701 0.000329086993973
1304951 0.000511913101736
1215485 0.000438782658631
1298366 0.000219391329315
352740 0.000511913101736
1284429 0.00142604364055
1340235 0.000329086993973
146806 0.000841000095709
1350533 0.000475347880183
221483 0.000402217437078
1150624 0.00109695664658
1350332 0.000621608766394
185792 0.000475347880183
135073 0.000219391329315
1015909 0.000621608766394
1096712 0.000511913101736
1268439 0.00014626088621
1137774 0.000511913101736
153441 0.000329086993973
1333034 0.000548478323289
1342459 0.000585043544841
1030304 0.000950695760367
1075096 0.00109695664658
1027821 0.000987260981919
1568563 0.000658173987946
137730 0.000804434874157
379945 0.000329086993973
1211674 0.000511913101736
1302181 0.000365652215526
176722 0.000402217437078
18388 0.000548478323289
1109681 0.000585043544841
1306739 0.000548478323289
1484212 0.000475347880183
1128058 0.000475347880183
283025 0.000402217437078
161881 0.000475347880183
341391 0.000511913101736
1161517 0.000511913101736
1305563 0.000365652215526
121506 0.000329086993973
1133807 0.000402217437078
134818 0.000402217437078
1230984 0.000402217437078
1506915 0.000475347880183
1084764 0.000475347880183
109110 0.000475347880183
325748 0.000548478323289
1440465 0.000475347880183
1480500 0.00124321753279
1158481 0.00142604364055
1203086 0.0014626088621
1108820 0.000182826107763
1007153 0.000365652215526
1024925 0.000292521772421
1454797 0.000365652215526
1249627 0.000365652215526
1585463 0.000402217437078
1069854 0.000365652215526
134310 0.000329086993973
1454103 0.000585043544841
1148582 0.000658173987946
1060528 0.000548478323289
1235692 0.000694739209499
1370811 0.000950695760367
1046160 0.000731304431051
1494644 0.000658173987946
126551 0.000548478323289
1534597 0.00014626088621
1258205 0.000219391329315
1070589 0.00014626088621
1578749 0.00014626088621
1130110 0.000292521772421
1139879 0.000585043544841
1162234 0.000585043544841
245286 0.000877565317262
213208 0.00106039142502
1073663 0.00117008708968
235262 0.000585043544841
1230294 0.00127978275434
1258904 0.000511913101736
1399263 0.000475347880183
1130964 0.000365652215526
1238960 0.000511913101736
130569 0.000475347880183
1173333 0.000548478323289
1567472 0.000219391329315
1145422 0.000365652215526
1115150 0.000585043544841
1312593 0.000475347880183
1446463 0.000511913101736
1441364 0.000511913101736
1141472 0.00354824387183
1072422 0.00503043264485
1162664 0.00573220023347
1093523 0.00445767122953
1064792 0.00383149984991
1214742 0.00525598552574
1417661 0.0042881580669
162183 0.00470999643533
1545507 0.00573220023347
392682 0.00469459839196
1297365 0.00224388515617
198327 0.00375687001594
1161003 0.00428080754718
1486807 0.00505484458689
1459344 0.00294801312766
1253856 0.00387450190768
1157701 0.00451287925831
1089938 0.00439607905605
1370080 0.00481791742447
1007484 0.00473191330894
1500138 0.00237927547416
1456424 0.00286117732266
1095492 0.00283440499774
1446287 0.00274520880987
1280977 0.00270054337316
18294 0.00287657536603
1485194 0.000373149169888
382373 0.00339412875258
1297912 0.00465728347497
23894 0.00534684509256
1203143 0.00443824942433
1357091 0.00555699993007
1400732 0.000410464086877
1032663 0.0052170072298
141064 0.004545338724
1389447 0.00257722434065
1529384 0.0023906497557
1215162 0.00591621532499
1367831 0.00531821611369
154599 0.00265140903516
1052423 0.00500449200941
130374 0.00235333483872
14784 0.00542716206731
1400258 0.000335834252899
172937 0.00272603886914
148267 0.00217979791427
1520739 0.00510506247883
160443 0.00270303844158
333675 0.00285229810954
1132156 0.00439607905605
180900 0.00410177675696
1251555 0.00177418927869
1269814 0.00263076899048
163890 0.00225021071141
200693 0.000410464086877
1513804 0.00560351034964
263037 0.00451287925831
14913 0.00285549018189
1522324 0.0028181752649
1467775 0.00391251382859
173985 0.00283185133986
159683 0.0036601886228
1482990 0.00255620358151
162615 0.00447070889002
1315108 0.000261204418922
1116938 0.00284258720694
1070416 0.00225678813112
250177 0.00514237739582
1439943 0.00303887269448
1348190 0.00362287370581
1141593 0.00255377877363
1525790 0.000522408837843
1204670 0.000559723754832
12872 0.00500449200941
1415889 0.00459402792254
154916 0.00517969231281
1278389 0.00270789389288
1375278 0.00249454698302
1306565 0.00269588119687
1242123 0.0033243543699
274515 0.00265837300487
1058293 0.00466865775651
1065824 0.00449498614652
1007525 0.00339898420388
1520223 0.00255377877363
1568591 0.00517969231281
1110662 0.00262105808788
1593166 0.00230880408755
1429609 0.00234196055717
106765 0.00514237739582
244591 0.00268680870874
1175204 0.00358555878882
1084659 0.00375687001594
159292 0.00172550008015
1250830 0.0026284086076
1441649 0.00300641322879
1328986 0.00504218764087
1504852 0.00371386795817
1505384 0.00394830005218
1226118 0.00522109541663
1301084 0.00510506247883
1002244 0.00506774756184
1554961 0.0052170072298
1395613 0.0033868484934
211580 0.0045501941753
1272150 0.0045501941753
1106586 0.00239640132148
219864 0.00389226033392
1351031 0.00288961302653
1300693 0.00266572352459
1567886 0.00270303844158
1220934 0.00352882206663
1516111 0.00220657023918
1284456 0.000522408837843
1282067 0.0026284086076
1233932 0.00413487463712
1410336 0.00473926382867
1552250 0.00550831073153
1359850 0.00480654314292
1077315 0.00382006114337
260586 0.00380383141052
1180985 0.00362287370581
1092960 0.00375687001594
1252400 0.00585589998044
1484040 0.00548237009609
124153 0.00538416000955
1309480 0.00195826879521
1307881 0.00224388515617
1425661 0.0047059726735
1082647 0.00231601992173
1577171 0.00398714366257
1524033 0.00380056907763
1372412 0.00376325416064
1098091 0.00358555878882
1060597 0.00376741260801
102659 0.0022236316615
1568811 0.00294718143819
1292990 0.00247914893965
1354268 0.00270303844158
1474660 0.0026284086076
1494763 0.00435876413906
233719 0.00367297441883
154375 0.0022333425641
37229 0.00506774756184
1034163 0.00510506247883
1447895 0.000447779003866
262960 0.000522408837843
1553751 0.00285715356084
1421937 0.00229493473758
158201 0.00218056517874
288646 0.0025592726394
209492 0.0034164966012
153765 0.00294788427766
1470830 0.00267172695483
1098278 0.00302506776952
1406008 0.00547099581454
1576031 0.00358555878882
1532670 0.00420617771321
152059 0.00473191330894
1179954 0.00496717709242
276753 0.00496717709242
158491 0.00529330044272
209519 0.00255377877363
1074710 0.00029851933591
1504689 0.000261204418922
1355461 0.00161355532919
1527364 0.00220657023918
17238 0.00267057897589
1107301 0.00176281499714
1274643 0.00376741260801
1538240 0.00349521462201
1043399 0.00303375954318
105226 0.00376741260801
1523001 0.00373009769102
1560537 0.00194708778867
1533658 0.00332704271332
1476451 0.00417218955411
355872 0.00278942327157
1014943 0.00287529853709
1325353 0.00285715356084
1126824 0.00418356383566
1080417 0.00308998670089
1006449 0.00281498319255
193301 0.00517969231281
266289 0.00266572352459
1307320 0.00164856845276
1373760 0.00414624891867
1048778 0.0048811729769
1134941 0.00485523234146
1334884 0.00358555878882
1124812 0.00574274282554
1254730 0.00524000765735
1333704 0.00253990942366
1582634 0.00217979791427
1373939 0.00210516808029
1530497 0.00217979791427
1162782 0.00213366237361
1521495 0.00224139008775
1184553 0.000410464086877
1021301 0.000261204418922
172239 0.000519772605858
1539840 0.000304142051682
1230138 0.00100904154269
228889 0.000380177564603
188744 0.000380177564603
1055142 0.000228106538762
151959 0.000380177564603
1304016 0.000722337372745
167703 0.000798372885666
1553267 0.000798372885666
280433 0.000418195321063
195897 0.000456213077523
1441040 0.000304142051682
1505701 0.000380177564603
1109859 0.000418195321063
1198992 0.000891222211485
126665 0.000646301859824
1070945 0.000532248590444
1590829 0.000815186698565
1324083 0.000532248590444
34492 0.000891222211485
1281446 0.000304142051682
1427786 0.000891222211485
1067099 0.000595808118779
1427254 0.000798372885666
1061007 0.000798372885666
168616 0.000228106538762
12900 0.000570266346904
1476053 0.000418195321063
226464 0.000570266346904
361797 0.000532248590444
18473 0.000342159808142
152770 0.000684319616285
196082 0.000684319616285
1536663 0.000331557836362
19950 0.000407593349282
1359526 0.000190088782301
1137240 0.000532248590444
1490531 0.000190088782301
1324131 0.000532248590444
1572938 0.000494230833983
1181363 0.000646301859824
198824 0.000557790362318
241198 0.000532248590444
1216413 0.000836390642126
1483280 0.000228106538762
1291539 0.000266124295222
1288026 0.000152071025841
29877 0.000684319616285
32079 0.000722337372745
1363881 0.000266124295222
1496931 0.000663115672724
139693 0.000815186698565
1017024 0.000739151185644
198159 0.000494230833983
1367276 0.000418195321063
284407 0.000418195321063
1550529 0.000570266346904
138838 0.000608284103364
1133941 0.000684319616285
154129 0.000418195321063
1573875 0.000663115672724
1328441 0.000891222211485
1402026 0.000456213077523
390449 0.000266124295222
1407290 0.000228106538762
1455353 0.000836390642126
1499406 0.000190088782301
1271868 0.000380177564603
1345308 0.000228106538762
1101906 0.000532248590444
1404461 0.0023267557888
1046120 0.000380177564603
1167716 0.00209941651451
321891 0.000380177564603
1231596 0.000304142051682
202709 0.000557790362318
1333602 0.000815094033876
1379641 0.000608284103364
1081697 0.000304142051682
1287445 0.000304142051682
1539476 0.000380177564603
1243178 0.000532248590444
1134141 0.000570266346904
293738 0.000608284103364
1038800 0.000266124295222
1454521 0.000595808118779
100963 0.000557790362318
406585 0.000684319616285
1031248 0.000684319616285
1578276 0.000787770913885
1379402 0.000608284103364
1324225 0.000749753157425
192251 0.000635699888044
1176007 0.000722337372745
1306044 0.000684319616285
303176 0.000646301859824
1547865 0.000646301859824
1079425 0.000494230833983
1122032 0.000304142051682
190308 0.000342159808142
1424723 0.000342159808142
1046170 0.000304142051682
28971 0.000456213077523
1262825 0.000456213077523
1343586 0.000684319616285
14678 0.000304142051682
1298060 0.000304142051682
1390265 0.000988461667967
1567768 0.000950443911507
1272879 0.000304142051682
1191820 0.000342159808142
1307463 0.000798372885666
29701 0.000570266346904
1334253 0.000570266346904
1249007 0.000266124295222
1267077 0.000266124295222
1022237 0.000228106538762
143869 0.000331557836362
1281924 0.000580556284264
1037399 7.60355129205e-05
381160 0.000114053269381
14306 0.00152702267786
1384445 0.00177924561194
1284763 0.00146981159247
1088012 0.0132655221401
214953 0.00907450184999
1027884 0.00907450184999
447259 0.00831335813231
1243072 0.00123773607787
1472335 0.00108301906814
1090175 0.00915186035486
1474056 0.00127929562696
1119980 0.00922921885972
201933 0.00174344665616
1249625 0.0142449444896
1275811 0.00911318110242
1402406 0.00112169832057
1194072 0.001160377573
321573 0.0131881636353
1000097 0.000928302058402
1188775 0.000928302058402
19484 0.00995609723423
1157180 0.0013179748794
1261265 0.00193684291833
1300873 0.00926789811216
1107878 0.0017405663595
307304 0.0126068410853
1161336 0.0104336239386
1057835 0.00922921885972
1118338 0.0015657019303
1335646 0.0016245286022
1354159 0.00124061637453
1217607 0.0014340126367
1097819 0.00177924561194
1103094 0.00979784489935
1421503 0.0013924530876
146346 0.00143113234004
1253115 0.0012019371221
1160004 0.00926789811216
1033951 0.00849620317687
1328585 0.00891978484026
183482 0.0140105798209
1084145 0.000889622805968
1490511 0.0012764153303
1073680 0.0016660881513
269267 0.011838689073
127723 0.0116922474197
1037994 0.0117696059246
1265630 0.0119213674676
241975 0.00170188710707
1165707 0.0137441989995
1355157 0.00175909819247
1231783 0.0107649104064
1450832 0.00143113234004
1316328 0.00143113234004
1468072 0.0013924530876
1503217 0.00938393586946
1343653 0.0114086123817
1238433 0.0130664009229
1481076 0.0012764153303
251029 0.000928302058402
1414970 0.0016245286022
1025670 0.00930657736459
133894 0.00166320785464
1593272 0.00837506510088
24366 0.0015084908449
1257238 0.00911318110242
206928 0.0135831132552
217148 0.00170188710707
1334656 0.0017405663595
178892 0.00843677206945
1231479 0.00930657736459
1507064 0.0166957688081
1516766 0.00911318110242
129213 0.00161869784717
1336186 0.0118460652528
10535 0.0103562654337
1284323 0.0135134944052
1198944 0.00953062545746
1039740 0.0137511003095
232133 0.0138094577108
1340580 0.0139604779205
1313235 0.0139008071958
1081479 0.0101628691716
1360498 0.013663948215
1069156 0.00841374435331
1231390 0.0134860605843
1047910 0.014240209416
1137080 0.00940721152033
151542 0.0102789069289
1165956 0.00205288067563
188413 0.00197552217077
1547284 0.00154717009734
1057439 0.00209155992807
1080949 0.00143113234004
1258923 0.0013924530876
1380903 0.00934525661702
1338620 0.0012019371221
142591 0.00934525661702
1488678 0.0015084908449
106305 0.0137257980885
1549007 0.0013924530876
1216633 0.00131509458274
1521875 0.0017405663595
190473 0.0017405663595
1432913 0.0119621030101
1193925 0.00884242633539
1186030 0.0016245286022
1490539 0.00884242633539
1342711 0.011423291006
122476 0.00139533338426
1478628 0.00561118585601
1402311 0.0115594010126
1076297 0.00895846409269
1129480 0.00926789811216
1553335 0.0135078509725
173198 0.0017977774449
1566957 0.0017977774449
1435003 0.00175909819247
1204019 0.00175909819247
1371865 0.0140418828935
384547 0.0136892650969
109026 0.00182080516103
1580257 0.00154717009734
1201198 0.0118847445053
1137034 0.0158702916765
1530448 0.0118460652528
310061 0.015371943845
1102682 0.00187513594977
1417713 0.00172041894003
126366 0.00195249445463
1044156 0.0118773683254
1050452 0.00895846409269
1511951 0.012063311894
1039631 0.0150273724995
1220472 0.000541509534068
1291102 0.0115633293915
1584731 0.00982716226811
1457505 0.0084344962083
1401547 0.010201548424
1065323 0.0108257181983
1409337 0.00177924561194
239714 0.0158460694797
1303397 0.0013336264157
1220197 0.00166320785464
1076100 0.000928302058402
1444517 0.000889622805968
1075690 0.00978848301567
1036602 0.0105109824435
1208876 0.0135549170803
1362934 0.00137230566813
1278488 0.00181792486437
1153180 0.00158584934977
1344147 0.00152702267786
1362560 0.00141098492056
166091 0.00175909819247
106673 0.0118847445053
1097418 0.011282430695
1040147 0.00880374708296
159279 0.0124447858723
1014791 0.013510084211
1276742 0.00129494716326
1347665 0.0013924530876
1172609 0.0106270202008
1324778 0.00911318110242
1576187 0.000889622805968
138230 0.00141098492056
29368 0.00930657736459
1578110 0.0125221443772
1580281 0.00164306043516
1498777 0.0114316400979
327376 0.00175909819247
1328681 0.0119234237577
1125378 0.00170188710707
1231437 0.0119621030101
1067446 0.001449664173
1014803 0.0146375062501
1435390 0.00833638584845
1322070 0.00223634927509
1251627 0.0017405663595
1040832 0.00177924561194
1309299 0.0149779846685
1345916 0.00175909819247
1213746 0.0131881636353
110870 0.008418844672
257029 0.00974980376324
116856 0.00841374435331
1524262 0.000502830281634
1513671 0.000928302058402
1019851 0.000928302058402
130953 0.00141098492056
1239832 0.000773585048668
1391918 0.000618868038935
167736 0.000966981310835
1343612 0.00148834342543
1019738 0.000580188786501
1572304 0.000734905796235
123352 0.000657547291368
142016 0.00148834342543
1356909 0.000850943553535
195877 0.000696226543801
1324541 0.0116020086439
1451049 0.00930657736459
1032252 0.00166320785464
1181941 0.00930657736459
1577487 0.00922921885972
1156431 0.0115633293915
1179841 0.0118847445053
368357 0.013601242144
467210 0.0117239827228
1092308 0.0119234237577
304040 0.0132268428877
1549429 0.0118847445053
1521826 0.0119621030101
101526 0.0118617167891
1073065 0.0136709548376
139039 0.0118460652528
1153826 0.0142904696927
1283907 0.0119234237577
1223740 0.0118847445053
157011 0.0112437514425
293983 0.0115671499254
1104745 0.0113984684523
1533653 0.0149149624448
1241227 0.00175909819247
542446 0.00175909819247
1014513 0.000889622805968
125352 0.00175909819247
28072 0.00106287164866
1404887 0.001449664173
483631 0.000393039986303
1067027 0.000432343984933
1141860 0.000432343984933
180089 0.000903991968496
134123 0.000550255980824
179053 0.000668167976715
193218 0.000432343984933
1330531 0.000628863978084
1486371 0.000786079972605
1442290 0.000432343984933
1067380 0.000432343984933
134676 0.000314431989042
1237488 0.000510951982193
1291774 0.000275127990412
1257385 0.000314431989042
1076438 0.000707471975345
101390 0.000589559979454
1112722 0.000117911995891
256636 0.000825383971236
1480256 0.000589559979454
1504905 0.000589559979454
1575896 0.000432343984933
140454 0.000628863978084
1331901 0.000589559979454
1539730 0.000786079972605
126052 0.000235823991782
1423808 0.000275127990412
223295 0.000707471975345
1232562 0.000471647983563
1015840 0.000353735987672
1426034 0.000786079972605
1544749 0.000353735987672
1477940 0.000393039986303
387848 0.000314431989042
1572253 0.000550255980824
1313359 0.000353735987672
166008 0.000314431989042
1343311 0.000471647983563
1309339 0.000353735987672
187361 0.000353735987672
112817 0.000510951982193
222309 0.000786079972605
1059183 0.000196519993151
1082267 0.000471647983563
1285759 0.000471647983563
371991 0.000275127990412
147774 0.000314431989042
1216259 0.000314431989042
1495488 0.000707471975345
206162 0.000510951982193
1142510 0.000235823991782
116922 0.000235823991782
110598 0.000510951982193
139581 0.000353735987672
105927 0.000510951982193
1324229 0.000628863978084
250250 0.000825383971236
322510 0.000550255980824
1456229 0.000196519993151
1103665 0.000550255980824
1337124 0.000786079972605
1016891 0.000589559979454
125331 0.000275127990412
277166 0.000471647983563
437682 0.000628863978084
1011781 0.000353735987672
197701 0.000510951982193
1327810 0.000510951982193
1078931 0.000550255980824
1495883 0.000471647983563
126755 0.000314431989042
26915 0.000589559979454
305993 0.000275127990412
1439340 0.000393039986303
147503 0.000510951982193
301705 0.000314431989042
1173058 0.000550255980824
17253 0.000864687969866
1032206 0.000746775973975
226766 0.000235823991782
1373444 0.000314431989042
1173326 0.000314431989042
1521867 0.000550255980824
1382567 0.000943295967126
108764 0.000471647983563
1109442 0.000353735987672
1174848 0.000471647983563
1004079 0.000471647983563
1514637 0.000550255980824
1423477 0.000432343984933
1264793 0.000235823991782
1247509 0.000117911995891
1206902 0.000432343984933
1097970 0.000117911995891
1566727 0.000117911995891
1184305 0.000117911995891
1187334 0.000550255980824
156548 0.000314431989042
1006694 0.000393039986303
1046292 0.000510951982193
1379795 0.000353735987672
1367195 0.000275127990412
1205975 0.000353735987672
1212992 0.000628863978084
1047922 0.000628863978084
280124 0.000314431989042
1416206 0.000157215994521
1184084 0.000510951982193
1030935 0.000314431989042
1124768 0.000117911995891
1485552 0.000746775973975
333662 0.000668167976715
149378 0.000707471975345
187739 0.000786079972605
1210079 0.000864687969866
1362165 0.000314431989042
141955 0.000432343984933
1422171 0.000314431989042
128751 0.000550255980824
135259 0.000589559979454
1473819 0.000393039986303
190415 0.000550255980824
1178561 0.000157215994521
1088048 0.000589559979454
147099 0.000393039986303
1173230 0.000550255980824
1032742 0.000550255980824
1102483 0.000786079972605
1577069 0.000864687969866
1545461 0.000550255980824
1509057 0.000825383971236
1280871 0.000393039986303
1390903 0.000314431989042
1020090 0.000275127990412
164468 0.000746775973975
1524709 0.000589559979454
1471645 0.000628863978084
1039580 0.000589559979454
1196837 0.000314431989042
1317979 0.000510951982193
340316 0.000510951982193
180677 0.000510951982193
1404337 0.000550255980824
202456 0.000550255980824
1382593 0.000589559979454
1424597 0.000510951982193
349051 0.000668167976715
1471782 0.000393039986303
1049080 0.000510951982193
1210224 0.000589559979454
1290110 0.000589559979454
1300800 0.000550255980824
1233509 0.000589559979454
149336 0.000589559979454
1361972 0.000314431989042
1230916 0.000314431989042
1458450 0.000314431989042
1145489 0.000314431989042
1585007 0.000353735987672
1288889 0.000353735987672
1507642 0.000314431989042
215210 0.000275127990412
165217 0.000275127990412
1457702 0.000314431989042
1445883 0.000314431989042
1095490 0.000117911995891
262328 0.000353735987672
1189423 0.000353735987672
1060285 0.0091804057649
13728 0.0109102095609
1237009 0.0131219490677
1492695 0.00984580600499
1264580 0.0092601974918
1573747 0.0105196116279
1196252 0.0122174165169
114800 0.010281629042
186922 0.00220107058565
1126903 0.012310250108
1549980 0.0130695799206
187754 0.0131209101508
174206 0.0129222174058
1585643 0.000359062771035
136563 0.00907826082259
200905 0.00962617289415
1457729 0.0103117905975
1432286 0.0104876397599
1242955 0.0129405829799
1259319 0.00986708751147
1269406 0.00400112585164
261401 0.0130587347553
1496973 0.0130418474139
1000325 0.00185703663601
1510886 0.0128286655175
1232544 0.0111573641943
1374147 0.0122226119975
408135 0.0127649414054
1062574 0.0129247828349
181819 0.00180137174987
1344740 0.00995018286061
1059112 0.0107178059445
464563 0.0131169919324
1065337 0.0129074888113
1528725 0.00265751107755
1201384 0.00961995076069
280931 0.0121037415913
1309585 0.0096384803042
321704 0.012058172175
1394602 0.0121009048149
1538577 0.0120795384949
1315948 0.0122406416699
1295213 0.0135171476675
1542287 0.00985797350858
1435000 0.00985648916496
419786 0.00922292770102
1000551 0.00223593142343
1143891 0.0108560133446
187989 0.00965984662413
1301431 0.0123394628115
1384664 0.00931876285263
1021764 0.00969501198049
106064 0.00874078680869
1264857 0.00944913360294
1458381 0.00966813099989
1519936 0.0106179328984
1435570 0.00972895519107
388438 0.0128640662865
229969 0.0119692793649
1223858 0.0119400666614
222723 0.00988826770471
1072995 0.0120374698008
1306521 0.0120559993443
1326991 0.0121754805225
320981 0.0121308831382
134693 0.0133454660005
1437855 0.00218479012844
1171069 0.00161019941363
1376989 0.016216569027
1029795 0.0151034428036
1515396 0.012214765614
1063374 0.0148668129275
126271 0.00854317223003
15050 0.00992200399934
273879 0.0126770688005
1165163 0.0146228900935
1536382 0.0143522646091
159049 0.0148494360583
1121004 0.014250485667
253376 0.0143511641281
1392321 0.0149634995766
1236074 0.014338819572
1517527 0.0142020526995
1263382 0.00947141805388
1146341 0.01046627344
1579713 0.00977422824867
43914 0.00222412372031
1590064 0.0096566861156
262892 0.011465010016
1129503 0.00472018750798
265301 0.0051404348505
1121141 0.00924220643617
1379593 0.0132180644471
231108 0.0146482967012
139056 0.011264004533
1388763 0.013433394621
1515177 0.000997396586209
460707 0.00911815668604
1549112 0.00597175526058
1096511 0.00191500144552
1016463 0.0127063719661
343300 0.0105460651669
1114468 0.00203468903587
1591127 0.0101220810527
1223476 0.0161908384086
1246155 0.0126038829639
120521 0.0107004837898
227628 0.0106903093517
1013518 0.0130215481471
1076130 0.00107718831311
1574680 0.00968394437871
1436974 0.00962030747263
1333344 0.0151047534143
1310214 0.0012367717669
335424 0.00119687590345
189660 0.00163573040138
2004 0.0123422995879
1012462 0.00119687590345
345177 0.0124103344487
381332 0.00199479317242
1425711 0.0095075590099
1296643 0.0129121942875
133604 0.002697406941
1545422 0.00863707827014
267125 0.0109084978906
190204 0.00954051574573
1144572 0.014166176852
1199267 0.0159893591164
1522750 0.000638333815173
1498479 0.000319166907587
1089861 0.0100250325671
1260190 0.00985648916496
1159945 0.016225486404
1387902 0.00847749481635
1145907 0.0118349168584
1505506 0.0153515316618
1201890 0.0133513029708
270181 0.0106453262692
1385868 0.0150343342367
1308726 0.0127551525927
1487881 0.00943659853438
1155274 0.0118610747989
1442523 0.00965511611704
188081 0.00962724660025
132364 0.0158903993188
1494922 0.0152430902475
1470462 0.0150783622347
1322750 0.0152771313587
305348 0.0165419246212
382452 0.0151254231825
1345215 0.0151305896847
1515334 0.0104417747673
1209949 0.00988570186844
1450990 0.0103971648731
342496 0.00977818178169
1326910 0.0031442857522
1052874 0.00292609896173
1348831 0.0099392109962
162575 0.0161104844101
1158374 0.0162339204776
1255392 0.0174477353588
1279743 0.0171377108774
1494595 0.0150635469402
340749 0.0160982059617
265118 0.017398094811
1007754 0.00047875036138
1251267 0.0158141391578
1467435 0.0151781473115
1197600 0.00288620309828
228510 0.0151268877154
1211460 0.00155593867449
1369359 0.0149416089072
1340389 0.0013165634938
1225863 0.0122917205645
1466327 0.0012367717669
1109044 0.00119687590345
1383618 0.00095750072276
204123 0.00501798809564
423096 0.0122455044832
294275 0.00103729244966
174604 0.00189077293064
1499237 0.00995390928776
1143540 0.00961492746261
121331 0.0108013128799
1405180 0.0106689430318
1329458 0.00891634931428
1296852 0.00891634931428
248220 0.0129660147276
1238160 0.00507132628357
104311 0.00914787811142
1487158 0.00978683005404
1526942 0.0152852330965
1148319 0.0111991490481
1462033 0.0109706717747
347029 0.0109985461402
1426017 0.0118218050156
1150853 0.0131110976779
109511 0.0110787234899
25020 0.0120824380606
1476832 0.0129339100367
14217 0.00206505170103
1535825 0.0134696740934
1144945 0.0135786785238
152768 0.0103897495995
1040026 0.0157118999696
141669 0.0130950710768
1018420 0.0152446143124
1347274 0.0115656798777
1158111 0.0018801151892
191652 0.00095750072276
1194794 0.00192001105265
140719 0.00991534889576
1205830 0.00961329148494
1528647 0.00978434913705
1575568 0.0139774171878
11287 0.0119147085853
1438576 0.0134244259752
106394 0.00963934573804
197773 0.0122805375333
1254464 0.0108503906288
1089598 0.00095750072276
1014696 0.00166931418483
231134 0.0140084110206
174470 0.0020026649745
1267398 0.0140201498277
1288448 0.0016355778902
1122748 0.00962724660025
1413375 0.0125198242763
1091141 0.00171552212828
1251721 0.00500730493567
1533352 0.0100611518222
1453884 0.0109226854014
240318 0.00470165796447
1442085 0.00643477117642
1520874 0.00996033197824
1379925 0.0162623014536
1308709 0.0102251469225
1093747 0.0130641447837
1532929 0.0135111819561
1041054 0.00895624517773
1156628 0.0135963008672
1456408 0.0156932826175
1259858 0.0162832929258
1307648 0.0131659248498
1510043 0.011785787188
1222444 0.00973999506297
1178449 0.0137628358527
1427845 0.0148910298838
1299699 0.0150027099603
1325703 0.0158405954293
233957 0.0152358493165
1437691 0.0108569709728
1019879 0.0105419312584
1239838 0.0163448267211
1230116 0.0163601103044
204112 0.0162150174626
236641 0.0162341609698
1463652 0.0163058439147
1194276 0.0163001595868
222903 0.0163959666598
1532305 0.0160311546569
1336725 0.0160417878349
1155876 0.0161987115869
1327446 0.0143620857159
1191562 0.0144751023029
1397978 0.0137229290135
1256030 0.0096384803042
350978 0.00273730280445
1482791 0.00954015903379
1027027 0.00972895519107
1297202 0.00111708417655
1401335 0.000997396586209
1546098 0.0123445588812
1010589 0.0086976632402
1063656 0.00127666763035
1198959 0.00187510558207
291345 0.0160304066491
1048439 0.0146116812278
1577647 0.0158690316426
1336853 0.0150600763592
1160200 0.0178612374524
1498029 0.0153468877595
1497587 0.0177220577807
179993 0.0135081767408
1541911 0.0159068220905
1266608 0.0169368494165
194793 0.00149679848476
22278 0.00198689595181
139040 0.00138434416932
110510 0.0096566861156
228076 0.00971913746494
1221743 0.00916241470928
187743 0.00954051574573
1246382 0.0151494409742
1356899 0.0140600456911
1244550 0.00168715436411
1437990 0.00896537363442
1188867 0.00937253451189
1197684 0.00975624726702
1218147 0.0165957539174
1367116 0.0148588970155
1546550 0.0158124841918
1021828 0.0158409726184
1164346 0.0158573039127
1096123 0.0100708529582
1158155 0.0140798493034
510687 0.0127613549335
1252515 0.0129656144613
275377 0.0129678903225
1384493 0.000398958634483
1046699 0.000398958634483
1394000 0.0118056821027
1168511 0.0111409686935
1132188 0.0131569359905
1480701 0.00761842910196
1586248 0.0136221755584
1307623 0.00374215013395
1096328 0.00962379603209
1158132 0.0038123564692
1163511 0.00153740913097
1140758 0.00141603472589
115324 0.00831901930668
1546820 0.000242748810153
1587818 0.0135682157727
1323174 0.00875305958832
1400224 0.00876320589524
1396814 0.00036412321523
286827 0.00980367557448
1062226 0.0109675813881
1070302 0.00860266939777
276117 0.00742797290479
1487499 0.0119033098867
1314187 0.00853862127503
1255580 0.00838196034739
1289842 0.0136256691477
1488180 0.0123147595647
1248724 0.0108888503977
1081069 0.00835066229587
1041221 0.0104572240974
205120 0.00850548848721
1360221 0.00849449856935
1083370 0.0084948645443
1423641 0.0144087034197
1071460 0.000485497620306
1395052 0.0133813836726
252946 0.0123160925723
1306992 0.00840525396869
1052196 0.0111545762927
1378147 0.0169377746803
154448 0.0109481676543
1514333 0.00879092139204
1204693 0.013806649347
1003851 0.00982608670722
1528699 0.0129326905359
1545839 0.0136086739077
1451993 0.00948544810599
1311907 0.012506340305
1482867 0.000404581350255
1052991 0.0038123564692
1045713 0.00378260826898
1574189 0.000485497620306
141266 0.00182061607615
287462 0.0104792628165
1400584 0.00950242162702
1448682 0.0132115721584
1015576 0.00989488447527
1423113 0.00977366597709
1225754 0.00530187855207
1456052 0.0121351624711
1471356 0.0103174296084
1276480 0.0103860745393
1197900 0.00145649286092
1136405 0.0129527435325
1115453 0.0125575083748
1430604 0.0139410719984
1143973 0.01254679844
278719 0.012250839885
1389712 0.0101151389333
1523162 0.0112052495421
1014974 0.0125279948756
1446837 0.0120722316679
1001269 0.0140585338687
1495902 0.00898329850959
1036034 0.0105815982881
1147327 0.00857280867297
1301864 0.0124147141002
1263051 0.0144171135612
1122180 0.0101151389333
1573578 0.00908063969655
1279347 0.00681165607072
1544006 0.0150191441901
1204041 0.0136603774743
1158892 0.0124147141002
205123 0.0127788373154
1028823 0.00864997646584
1005609 0.00786119523176
1518048 0.0101802337087
1193640 0.00731269471567
1209637 0.00178015794112
1115665 0.00733083431682
158438 0.00721875128986
1140174 0.00834575756824
1111893 0.0101610798321
18296 0.0101802337087
137627 0.0108327979963
1159493 0.0135002093943
1471890 0.012284279301
1547749 0.0102936131678
1439734 0.0115085731359
1326618 0.0115343186736
203402 0.0116120646625
1372739 0.011632878205
1461801 0.0116704900694
1532176 0.0115463819184
236096 0.0109608016649
1070483 0.0123013042243
1295401 0.0116839337502
129682 0.0116288057171
353259 0.00854658735492
23027 0.00756790007011
1263088 0.00153740913097
1478841 0.00161832540102
270277 0.00759582846586
1537303 0.00838383409908
1546106 0.000445039485281
1179017 0.0109625007319
278714 0.0100151843978
1347133 0.00632658973828
147473 0.0038016465344
1108942 0.00795259609533
1147695 0.00178015794112
186389 0.0125304901302
1206469 0.0122542145676
1173390 0.0124551722352
255519 0.0133469237971
1301935 0.00883707407822
1531501 0.0135827168839
1568533 0.0139613801192
1509822 0.0107518817262
330082 0.0123730683113
1344141 0.0104462579581
1575488 0.00516443683978
1559295 0.00367858496989
1194977 0.00517645738529
1100715 0.00533654277945
1573211 0.00940429379512
15395 0.00858061588934
1383255 0.0104567152308
1018144 0.00937320685305
1017146 0.009688903768
1569837 0.0102239591775
1463965 0.00754981074524
159577 0.00959394245816
1152742 0.0104791666669
1457770 0.0111576021278
1183827 0.0111819672295
1131353 0.0109903653454
1213477 0.0112422668751
116289 0.0111023296486
1317405 0.0111358863787
1561941 0.00833484080127
443613 0.0109938688165
104397 0.0103618122777
1262074 0.0104801083758
1104998 0.00989482500688
1291352 0.0109649276517
210730 0.0117123596636
1005669 0.0121239170395
1167707 0.00423771685899
251729 0.00842225222372
1036216 0.00879735019527
1383185 0.00446758067018
1525108 0.00765919750013
226794 0.00857306546177
310430 0.00170719482545
1165878 0.00441585276285
1455969 0.00433386549932
1453853 0.00702522778275
1040031 0.00489275132405
1557392 0.00614965679128
1271773 0.00102484079414
1443075 0.00474403173685
1294058 0.00329607583194
1272325 0.00862609677567
1253974 0.000696891740016
250164 0.00499110635662
1012612 0.000655898108251
108694 0.00431376959956
1279381 0.00158421393016
1159222 0.00102484079414
1092851 0.00154322029839
1281202 0.00102484079414
1185643 0.000573910844719
1351562 0.00787264990419
1081441 0.00180371979769
1413731 0.00877221398682
380030 0.000860866267079
1020109 0.00788338417976
1488075 0.00706108763055
1259378 0.00610866315952
346981 0.00102484079414
1510854 0.00106583442591
111377 0.00558710020968
174023 0.00106583442591
1197479 0.00791955058739
1033841 0.00871803670038
1252673 0.000409936317657
15479 0.00707182190612
131250 0.00839323351139
144991 0.00445684639462
1550798 0.00747523118479
1363059 0.000778879003548
1152753 0.00635423111411
1220547 0.00851741990088
180223 0.00875806472527
1431488 0.00364630104408
1328606 0.00884856155777
1233007 0.00522919835918
1290367 0.00871834030215
1292907 0.00277201919614
1536001 0.00458005720979
1363389 0.00530210752391
118220 0.00355955632849
1408465 0.00586270136892
1549118 0.00102484079414
285586 0.00602667589599
1476415 0.00498547286315
11646 0.00524483664033
1558984 0.00490348559961
295751 0.00783531329354
35225 0.00176272616592
109376 0.00443303056955
1301663 0.00336321882694
1532845 0.00877702194485
1020642 0.00460510614207
143835 0.00454527718929
1149542 0.00184471342946
1140383 0.00102484079414
16842 0.000819872635314
102519 0.000901859898845
127302 0.00539689967943
1521621 0.00102484079414
1567710 0.00631323748234
1093999 0.00477831757818
1012497 0.00814904049746
1354648 0.00865332758672
1424636 0.00842631075897
1301467 0.00883192333033
1282222 0.00279653164871
1096926 0.00449863632828
1288476 0.00283752528047
1061916 0.0048302991086
1530859 0.00743041440182
1049249 0.00894701774376
226016 0.00587936735087
1048488 0.00850844591357
1012719 0.00777402131367
1087460 0.00621236262982
25990 0.00522490694598
1419031 0.00891042220896
1520503 0.00127080258474
1311938 0.0013117962165
242914 0.0013117962165
1065325 0.000942853530611
1149148 0.00856561106514
1063970 0.00874604912582
1088953 0.00895602230216
1397110 0.000901859898845
1391654 0.00844880162206
162219 0.00465302374837
410610 0.00498625986638
1075625 0.00102484079414
1288224 0.00523706814721
1237155 0.00172173253416
1255507 0.00854248566848
1534322 0.00682017611608
1444667 0.00494526623461
1413290 0.00360054996026
1125988 0.00170719482545
1229264 0.00921445862432
1239286 0.00549757141484
195345 0.00435167702934
1324216 0.0011888153212
2252 0.0067877502374
210777 0.00476355681749
208246 0.00473329746129
1303993 0.00796311454508
34740 0.00127080258474
1353010 0.00102484079414
1431769 0.00582170773716
1154999 0.00122980895297
1286017 0.00828375642488
1223614 0.00102484079414
1021727 0.00840868079066
1193812 0.000737885371782
101307 0.00433386549932
175606 0.00462105084155
1210896 0.00421819177835
1115388 0.00445707631449
1250475 0.00429287186756
1243090 0.000532917212954
1481599 0.00154322029839
1307751 0.00106583442591
1323096 0.00166620119369
23126 0.00110682805767
1441997 0.00114782168944
1035974 0.00162520756192
1129445 0.0088487860888
1074586 0.00842715298825
1539994 0.00871752554441
1536520 0.0069100990299
1398359 0.00839341669362
1431150 0.00423771685899
223250 0.00415767306595
1537866 0.00122980895297
1526772 0.00122980895297
1022222 0.00102484079414
1325553 0.00106583442591
108555 0.00414693879039
1080652 0.00127080258474
1578599 0.00673998591101
1134853 0.00799733748222
209306 0.00757915370709
1122088 0.00274175983994
1235868 0.00253679168111
1476112 0.00797221190999
1417464 0.00862243975457
1292160 0.00902265266214
129420 0.00847993377863
1443955 0.00707991608368
146353 0.00844165769508
1332315 0.00172173253416
1233082 0.00296430960891
445049 0.00561673957833
1048390 0.00569872684186
1511012 0.00759591006476
1051181 0.00779043596183
1560756 0.00436600866286
1389020 0.00400443281445
1059731 0.00487523490739
1305766 0.00477852527389
1151555 0.00455954281907
1419261 0.00466375802394
1573671 0.00102484079414
1332664 0.00102484079414
322627 0.00102484079414
131298 0.00410614760696
1499116 0.00458013856982
1398257 0.00449511885132
128158 0.0021999697931
1516330 0.00278570847645
1156054 0.0012036388446
1547018 0.00402313803147
1439511 0.000871600542643
1002293 0.00401390274294
1349994 0.000622571816174
199194 0.00406931447414
1451790 0.00128664842009
1545888 0.00132815320784
1421590 0.00342522965849
1285920 0.00445432065852
1299728 0.00107912448137
1351796 0.000954610118133
1390969 0.0032591024862
1376803 0.00405540753068
1589610 0.00443525150782
202722 0.00433225014406
123188 0.00384136423112
144140 0.00400075681021
225094 0.00346673444623
1271711 0.00474729802151
1347789 0.00330071529525
1489318 0.00338372487074
1132046 0.00331907785101
1321785 0.00341284392624
1038922 0.00408615581869
1425681 0.00411081926188
1474124 0.00318532819924
207235 0.00427607821239
1411551 0.00448131992918
1027926 0.00128664842009
1274525 0.00328985077421
1248174 0.00352051775518
1297016 0.00317620093202
132554 0.00344511342545
1362397 0.00437060448809
1279749 0.00323758948672
279890 0.0106171137826
1118395 0.0104068464758
1081515 0.00124514363235
1575445 0.00132815320784
1093033 0.00141116278333
1358286 0.00327909427447
1492910 0.00402786410218
146381 0.00523030823029
1422187 0.00475691422054
153949 0.00255808472815
1225424 0.00235056078942
11607 0.00259366872869
1172879 0.00268710911947
1169683 0.00442433338125
1354434 0.00464310275152
1477611 0.000415047877449
1515212 0.00289023105142
1541960 0.00305728329205
1314363 0.00341284392624
190789 0.00433225014406
217933 0.00878816636445
1278875 0.00627553316967
275093 0.00663929762325
1300953 0.0062007810191
1475673 0.00625353123839
1465410 0.00632779445715
1520346 0.00662805219171
1353491 0.00644155232065
14925 0.00652553975975
1140528 0.00621202645064
1335643 0.00632779445715
291259 0.0012036388446
1360782 0.00218454163844
1034919 0.00149417235882
1257940 0.00311307512349
1506135 0.0037157631727
147544 0.00463239985731
1132199 0.00429074535632
1272078 0.00494987903665
1350828 0.00544027682804
197726 0.00470465293306
184711 0.00141116278333
1257225 0.00468460753926
1493173 0.00420909455493
1306453 0.00564774635098
410526 0.00564774635098
1112993 0.00351361829411
1129741 0.00024902872647
1538116 0.00349129067838
1196094 0.00112062926911
147022 0.00149417235882
1483416 0.00116213405686
1503467 0.00443981514143
1411290 0.0061705216629
1005568 0.00332787862352
1553101 0.00298247591544
261903 0.00453977408279
1521787 0.00295172762743
1243109 0.00475691422054
1109178 0.00449826929504
1406495 0.00473686801648
1144668 0.004745668789
1582785 0.00298247591544
1432115 0.00297324062691
1159609 0.00484915908456
1516884 0.00252744446145
211728 0.00128664842009
1020887 0.00124514363235
1255859 0.00414455636677
192988 0.00610701494387
1537236 0.00605475365639
1496507 0.00599124693737
1148506 0.00405030135974
100903 0.00561172783442
1450221 0.00593849671808
1148767 0.00571722827299
1415691 0.00583348521131
1250283 0.00428080509336
208019 0.00421680944252
1405453 0.000830095754898
1193577 0.00230704666893
1591307 0.0016377550625
219087 0.0018057299407
1546442 8.39874391023e-05
1037294 0.00125981158653
100740 0.00113383042788
135022 0.000125981158653
1274699 0.00109183670833
1420546 0.0016377550625
1253850 0.00071389323237
305607 0.000839874391023
325683 0.00155376762339
1253852 0.00071389323237
1553415 0.0018897173798
1346657 4.19937195512e-05
1345693 0.0016377550625
252818 0.00130180530609
255630 0.00134379902564
229186 0.00159576134294
1338740 0.000209968597756
177811 0.000923861830126
161960 0.00113383042788
261580 0.000587912073716
1044994 0.000167974878205
1266199 0.000881868110574
1449349 0.000755886951921
1148105 0.00117582414743
1366219 0.00142778646474
1073941 0.000839874391023
426272 0.00100784926923
1009218 0.00151177390384
1402036 0.000965855549677
1231129 0.00209968597756
1357711 0.00113383042788
349146 0.000839874391023
170804 0.00176373622115
1593220 0.0018897173798
123343 0.00184772366025
1432928 0.00113383042788
153743 0.0018897173798
1361983 0.00184772366025
1424702 0.0018897173798
1113803 0.000881868110574
1169188 0.00184772366025
1454844 0.0017217425016
112205 0.000839874391023
260806 0.000587912073716
155674 0.0042198180528
1006803 0.00117582414743
166976 0.0018897173798
1546313 0.00176373622115
141580 0.000923861830126
1284388 0.00134379902564
1524038 0.000839874391023
1377874 0.000839874391023
1113967 0.00117582414743
104490 8.39874391023e-05
196240 0.000797880671472
1544836 0.00201569853846
208341 0.00109183670833
404401 0.0018057299407
123360 0.00109183670833
1515660 0.000881868110574
1095417 0.00100784926923
1439559 8.39874391023e-05
1295084 0.00037794347596
114273 0.0016377550625
1507258 0.000923861830126
154272 0.00104984298878
1310340 0.000251962317307
1511617 0.00477989401543
1266400 0.00113383042788
1280869 0.000293956036858
296283 0.0019737048189
1383882 0.0017217425016
1183918 0.00142778646474
113328 0.000629905793267
1567139 0.00100784926923
189967 0.000629905793267
1385907 0.00201569853846
1196424 0.0018057299407
186001 0.000755886951921
1570185 0.000965855549677
1478436 0.000167974878205
1236736 0.00410305157903
1364918 0.0019737048189
1211726 0.0017217425016
109697 0.00117582414743
1159892 0.00113383042788
127246 0.000461930915063
1192867 0.000335949756409
1244644 0.00104984298878
1472737 0.000923861830126
1003085 0.00113383042788
1214541 0.00113383042788
1149958 0.00198429807129
1449357 0.00155376762339
1050492 0.00193171109935
1500669 0.000965855549677
1384129 0.00104984298878
1022284 0.00117582414743
1450861 0.00100784926923
1154767 0.00113383042788
1338715 0.000881868110574
1490505 0.000755886951921
1512642 0.000839874391023
1559269 0.00146978018429
386194 0.00155376762339
1245804 0.00167974878205
1215309 0.000671899512819
1083630 0.000461930915063
299283 0.000755886951921
255256 0.00138579274519
232099 0.00071389323237
441642 0.00117582414743
165977 0.000629905793267
1160151 0.000881868110574
1326687 0.000839874391023
1050543 0.000923861830126
155023 0.000797880671472
1418910 0.00109183670833
10876 0.00113383042788
1236706 0.000965855549677
1567339 0.000839874391023
29138 0.000839874391023
1151164 0.000419937195512
1462312 0.000839874391023
1024858 0.00104984298878
1040423 0.000839874391023
1119355 0.00100784926923
151004 0.000419937195512
1090619 0.000167974878205
1430793 0.000251962317307
1544759 0.00450864143388
1579926 0.00302777091654
140877 0.00395330832996
1069597 0.00101909470077
385473 0.000636934187982
1207743 0.00263284076692
1514808 0.000976632421572
284342 0.00302777091654
1477259 0.00427231496951
1069261 0.00466886963468
1302258 0.000976632421572
1129748 0.000934170142374
1287938 0.0067268439411
1418128 0.00465717438587
1115842 0.0047301333348
1019816 0.00419908095683
1033020 0.000679396467181
1430865 0.000509547350386
1400874 0.000764321025578
1001346 0.00273125514008
148763 0.00481613228123
1142740 0.0049331733218
164869 0.00500775208318
1242329 0.00476359456567
181958 0.000552009629584
1283667 0.00255133058693
1244074 0.00438018020826
1042588 0.00691891356032
1163972 0.00292197530751
1355216 0.00344015773839
1347574 0.000976632421572
1545531 0.000976632421572
1320532 0.00664137866137
142407 0.00651399182377
1349123 0.00525974065382
1466170 0.0046154322846
1234307 0.000806783304777
1339331 0.00669472745892
1105664 0.0022332235819
1412253 0.00101909470077
1208372 0.00391659806801
301612 0.00479346666463
1238810 0.00442264248746
1529680 0.00374674895121
347854 0.000934170142374
1118328 0.00516429084181
1045383 0.00694896041278
1028849 0.000976632421572
1038687 0.00446555458392
1109025 0.00634837287048
143144 0.00470971210143
1034041 0.0048363787611
1186778 0.00352877644205
1433117 0.00463630333524
1343993 0.00688562708295
1149650 0.00543390378355
1104372 0.00389915080196
1488491 0.00662932449937
1271351 0.00644616032132
1568316 0.0046890158043
1446562 0.00665181536246
1557666 0.00657561678863
155828 0.00699070251405
1440131 0.00695013040797
1171840 0.00693933479369
1460287 0.00687501092526
1016612 0.00640369804212
1081483 0.000849245583976
1487626 0.000934170142374
1171769 0.0022756858611
1423452 0.00383167350961
222242 0.00284784636339
1410441 0.00368341562138
1230868 0.00101909470077
294426 0.00626461830727
1405675 0.00462568247446
245754 0.0063391947171
1429632 0.00072185874638
1017640 0.00623250182509
152498 0.00497429085231
1146801 0.00618625919966
1569401 0.00578799852106
233550 0.00418738570803
142771 0.00311269547494
1500425 0.00572097339752
18558 0.00605932217932
109405 0.00354595334743
378092 0.00356044310696
1411945 0.00431522706598
1460193 0.00425027392369
1330964 0.00413323288311
1541884 0.00654278012853
1270072 0.00586257728244
1426904 0.00557757729818
1196760 0.00451926229466
134211 0.00235836603628
125643 0.00503717436488
1509819 0.00488891647665
1107070 0.0048363787611
293151 0.00675554369333
1253557 0.00461588210187
164261 0.00579555215889
1411129 0.00510095751198
133713 0.00570379414059
1175128 0.00501558313632
1547102 0.00642205199733
1312259 0.00605095510794
217203 0.00485724981173
107936 0.00652991723608
1280604 0.00522762417164
1067984 0.00447652495171
1451371 0.00663733265756
1525689 0.00634792305321
1023322 0.00707427997221
247756 0.00693753787619
1591713 0.00407565157052
2017 0.00552935359556
1557132 0.00612670621606
160999 0.000976632421572
1441358 0.0066879802
1191487 0.00590224740245
1381182 0.00615720053424
1390208 0.00709470120558
10426 0.00707383015495
125950 0.00239227708442
1182879 0.00547178168915
1494147 0.00596837289147
1001080 0.00458421543695
1579760 0.00534511502948
1402872 0.0060317062213
1304728 0.0039590603472
1103425 0.000976632421572
1083215 0.00280538408419
1369642 0.00651867180453
1326062 0.000382160512789
1354623 0.00682049683561
274596 0.00699142269198
1406180 0.00702174225666
1254220 0.00708507558649
1340402 0.00470296013941
1255676 0.00665937370339
353060 0.00676516696087
1042208 0.00347182440331
199792 0.00706303454067
1290647 0.00516815503748
317506 0.00716766015451
192011 0.0066910403683
1295359 0.00708507558649
1447040 0.00698089978991
1210140 0.00686340893207
1324105 0.00676678912487
1398464 0.0070329876882
219752 0.00579132434694
5786821411026593 0.0040439849056
5786821412026461 0.00357762001234
5786821411027128 0.00535239360356
5786821411022322 0.00601883392267
345848 0.00387413578881
1248113 0.00711629243415
1149993 0.00707383015495
1540415 0.0040439849056
179106 0.00715803453542
1383713 0.00355711257799
5786821412028092 0.00174238674837
1468500 0.0066783545809
231725 0.00686034876377
1482933 0.00725303453017
1433590 0.0062425749099
121037 0.000891707863175
1131262 0.000934170142374
1544922 0.00185897797168
1568126 0.00634648269736
253402 0.00706303454067
1436852 0.000976632421572
1150001 0.00715803453542
1170672 0.00728470119509
1265428 0.00265712619596
1370730 0.0071263678705
1561322 0.00733723891064
1409551 0.00713716348478
1457931 0.00709470120558
1201431 0.0034675989429
118328 0.00703136787575
1108569 0.0042289483527
1518358 0.00576883348385
1475562 0.00553520121996
1271199 0.00706231436274
1563978 0.00647431935222
1399785 0.00730557224572
1254574 0.00709470120558
1559291 0.00616493833176
1223611 0.00614199765141
1360577 0.00686637584476
1212973 0.00349926560782
317770 0.00107235259425
1311873 0.00161401642682
150061 0.00435903409387
1209063 0.00687762127631
208512 0.00245003550206
223346 0.00348846999354
1439442 0.00278991319225
1093855 0.00267287215167
1471777 0.00301274984186
1517183 0.00215306990833
241788 0.00687204401257
1415372 0.00726383014445
1157705 0.0059733185298
107238 0.00227928675074
1283179 0.00581534411841
1507902 0.00241674902469
1007600 0.00547519606756
172618 0.00227928675074
1005795 0.00253181369117
181881 0.00248890159471
1352511 0.00218851691949
1182550 0.00214560482303
1322805 0.00137318708674
1054607 0.00154483547258
1576214 0.00244598949825
1442503 0.00257472578763
101270 0.00214560482303
1094439 0.00218851691949
1328244 0.00214560482303
1415239 0.00227434111241
309581 0.00197395643718
1040834 0.00231725320887
1081432 0.00248890159471
1290601 0.00244598949825
1550588 0.00214560482303
1340491 0.00240307740179
1516277 0.00214560482303
310277 0.00248890159471
1097980 0.000557857253987
115396 0.00223142901595
1184763 0.00257472578763
1023071 0.00081532983275
1097078 0.00214560482303
1338320 0.00253181369117
1313688 0.00261763788409
1214601 0.00218851691949
1272472 0.00171648385842
568780 0.000514945157526
116158 0.00188813224426
1277495 0.000600769350448
1368539 0.00257472578763
1027771 0.000386208868145
1307600 0.000300384675224
1524581 0.00218851691949
1032231 0.000986978218592
5786821411025693 0.000686593543369
5786821412027444 0.00214560482303
5786821411023754 0.00257472578763
5786821411029962 0.00205978063011
1366374 0.000986978218592
1536548 0.00257472578763
1452417 0.00253181369117
1170611 0.00253181369117
16390 0.000643681446908
302627 0.00124445079736
1073969 0.00248890159471
1005112 0.00111571450797
1321557 0.00207894096422
410243 0.00244598949825
1001676 0.00240307740179
1308418 0.00081532983275
1387844 0.00077241773629
1495589 0.00253181369117
27317 0.00171648385842
1110310 0.000514945157526
1230364 0.000472033061066
1078779 0.000600769350448
255200 0.000901154025671
1458417 0.000557857253987
1281618 6.74725892606e-05
1307422 1.12454315434e-05
1508806 0.000112454315434
1037258 0.000101208883891
1251486 7.8718020804e-05
308856 5.62271577172e-05
1261564 4.49817261737e-05
1113453 6.74725892606e-05
1309271 5.06044419455e-05
1436752 6.74725892606e-05
1386581 0.000134945178521
176512 6.74725892606e-05
1255949 3.37362946303e-05
1155710 1.68681473152e-05
370241 0.000123699746978
1303796 6.18498734889e-05
1134094 8.24664979852e-05
164200 0.000144316371474
274588 0.00016493299597
1177085 0.000123699746978
1036883 4.12332489926e-05
381781 6.18498734889e-05
1307103 4.12332489926e-05
1215717 0.000117139911911
305278 4.68559647643e-05
183994 0.000677724674351
1471384 4.68559647643e-05
118775 0.000231093618218
1364975 0.000154062412145
14676 7.70312060725e-05
1583265 0.000128385343454
340364 0.000102708274763
1265617 0.000231093618218
1303520 0.000128385343454
274016 0.000102708274763
1098325 7.70312060725e-05
149692 5.13541373817e-05
108493 2.56770686908e-05
211174 2.56770686908e-05
36505 5.13541373817e-05
1118742 0.000303064380096
1046721 8.26539218443e-05
1513967 0.000220410458251
1025019 0.000110205229126
1535222 0.000440820916503
1387953 0.000495923531066
19466 0.000110205229126
1267254 8.26539218443e-05
1049840 0.000137756536407
1456316 8.26539218443e-05
1321708 0.000137756536407
1124931 2.75513072814e-05
1148691 5.51026145628e-05
1380592 0.000379051367525
240692 0.000174946785011
1141632 0.000116631190008
1137647 0.000116631190008
1363225 0.000320735772521
1222877 0.000262420177517
1220433 0.000174946785011
1374277 0.000116631190008
1178874 0.000116631190008
106310 8.74733925057e-05
279873 0.000437366962529
102308 0.00014578898751
1461958 8.74733925057e-05
158091 2.91577975019e-05
1518765 0.000275071288004
1092025 0.000336198240893
1059439 0.000633564043179
1313832 0.000828667817985
1174189 0.000183380858669
226278 0.000275071288004
1221073 0.000122253905779
1305979 0.000183380858669
235182 0.000451334502501
1163854 0.000213944335114
199087 0.000420771026056
189988 0.000122253905779
1566214 0.000307937400431
1504909 0.000318129688386
1400574 0.000858950158641
1134277 0.000318129688386
1331789 0.00022269078187
1198151 0.000127251875354
1099130 9.54389065157e-05
1592409 0.000477194532578
1277939 0.00022269078187
1299486 0.000127251875354
1011958 0.000428040394304
1005444 0.00022269078187
1551263 0.000127251875354
135528 9.88125359787e-05
1065174 0.00023056258395
1422448 0.000296437607936
23986 0.000362312631922
1227158 0.000329375119929
232588 0.000263500095943
127551 0.000395250143915
1075928 0.000461125167901
1046243 0.000428187655908
1316850 0.000527000191886
1581563 0.00241153745202
1332280 0.00244447496401
1290715 0.000263500095943
1257739 9.88125359787e-05
1392078 0.000263500095943
1317495 0.000296437607936
1464379 9.88125359787e-05
1239234 0.000428187655908
1161983 0.00279236123262
276586 0.00193570996523
19492 0.000882955422736
1551153 0.00023771876766
1217758 3.39598239514e-05
1515031 0.000373558063465
1525824 0.000203758943708
317365 0.000135839295806
214862 0.000101879471854
1532353 0.00121347930176
12292 0.000802629694674
152856 0.00188047082396
253885 0.00194955720567
1292898 0.00149373554631
1489884 0.000767732751427
100015 0.00201314563361
1050100 0.00169628419249
181087 0.00204525362496
1093919 0.00020938165948
1086108 0.00128743115192
1386726 0.00046490569375
1378744 0.000679477552404
1225327 0.0009298113875
190554 0.000321857787981
1396580 7.15239528847e-05
1579426 3.57619764423e-05
166511 3.57619764423e-05
1766 0.000286095811539
1348640 0.000286095811539
1496409 0.000652586410247
1237553 0.000321857787981
1322164 0.000357619764423
1209900 0.000214571858654
1192297 0.000143047905769
200223 0.000107285929327
1108502 0.000548478323289
157817 0.00131634797589
1268386 0.000731304431051
398052 0.000182826107763
1435978 0.000548478323289
1319992 0.000438782658631
1533320 0.000402217437078
1499973 0.000511913101736
1468224 7.31304431051e-05
1120257 0.000365652215526
122724 0.000438782658631
1048851 0.000255956550868
1501211 0.000219391329315
1323439 0.000694739209499
1136972 0.000402217437078
1107058 7.31304431051e-05
1251009 0.000292521772421
1112725 0.000438782658631
1393782 0.00014626088621
1091080 7.31304431051e-05
1576185 0.00514237739582
1393214 0.00250259450667
1325043 0.000261204418922
167272 0.000223889501933
312525 0.000557790362318
143006 0.000519772605858
1427191 0.000266124295222
1406185 0.000853204455025
1386195 0.000912426155046
1320478 0.000380177564603
1199660 0.000456213077523
212298 0.000190088782301
1317273 0.000266124295222
1229936 0.000532248590444
1089770 0.000342159808142
26625 0.000646301859824
245064 3.80177564603e-05
354610 3.80177564603e-05
1283528 0.000266124295222
1059866 0.000369575592822
1489818 0.000114053269381
192907 0.000114053269381
1378074 7.60355129205e-05
1405114 0.0016817396876
1011706 0.0104336239386
1140518 0.0093685322679
1145636 0.0111663929377
1333241 0.000425471776767
111580 0.00125626791083
177744 0.000117911995891
1140748 0.000314431989042
1081308 0.000589559979454
1319831 0.000589559979454
10913 0.000314431989042
1017594 0.000550255980824
111826 0.000393039986303
158049 0.000589559979454
1130497 0.000196519993151
1457982 0.000314431989042
1129819 0.000117911995891
1321947 0.000275127990412
1365009 0.000157215994521
1368317 0.000275127990412
269065 0.000314431989042
289829 0.000275127990412
326788 0.000235823991782
266606 0.000235823991782
1105818 0.000393039986303
1084710 0.000117911995891
148360 7.86079972605e-05
1459213 0.000314431989042
1335361 7.86079972605e-05
1248270 0.00095750072276
1515563 0.00270809010097
1463319 0.00927701508059
1114981 0.00997886152176
1338811 0.0121827161341
1183060 0.000359062771035
1517143 0.000319166907587
176019 0.00307980099757
155160 0.00103095495112
1108093 0.011780420852
1387486 0.0118748127218
1413385 0.00633644990601
1106159 0.00859141922811
1108853 0.00182061607615
1446128 0.00893155807543
1459582 0.0124160471077
1291980 0.000323665080204
1229344 0.00750933011595
1424608 0.00402159650504
1585590 0.00466375802394
176020 0.00180371979769
1185437 0.00698423415099
1051968 0.00497473858758
1422402 0.00162520756192
205440 0.0056577332101
1203677 0.00485627835658
1124355 0.000614904476485
1252370 0.00409539110722
118313 0.000332038301959
1317764 0.00141116278333
1175492 0.00218454163844
1507310 0.00116213405686
106963 0.000788590967154
256906 0.00121781786698
159517 0.0016377550625
1317803 0.00104984298878
1275309 0.000545918354165
22219 0.00167974878205
1210197 0.00071389323237
1233761 8.39874391023e-05
1023709 8.39874391023e-05
120783 0.000125981158653
1445720 0.000671899512819
1557588 0.00446527952016
1433673 0.00258299725185
286962 0.000467085071187
5786821411022183 0.00185897797168
1027480 0.00702281899623
1358273 0.00158774756904
129572 0.00253181369117
2449133523026789 0.000600769350448
1407663 0.0012015387009
135901 0.000858241929211
