1520386 0.000843407365757661
650580 0.00281135788585887
1215566 0.00168681473151532
1396058 0.00196795052010121
1075573 0.00196795052010121
1185117 0.00281135788585887
1060939 0.00309249367444476
1308026 0.00309249367444476
128346 0.00309249367444476
214555 0.00337362946303064
1428665 0.00196795052010121
1224109 0.00196795052010121
1549610 0.00253022209727298
1025093 0.0022490863086871
1559001 0.00309249367444476
191318 0.00140567894292943
344029 0.00168681473151532
1486001 0.00140567894292943
1540074 0.00140567894292943
1383734 0.00168681473151532
1100583 0.00309249367444476
175073 0.000281135788585887
1010832 0.000843407365757661
107478 0.00112454315434355
1087673 0.00196795052010121
1153924 0.000843407365757661
1288722 0.00112454315434355
1297559 0.000843407365757661
1167072 0.00196795052010121
1377745 0.00365476525161653
1111184 0.00112454315434355
297079 0.0022490863086871
1064699 0.00337362946303064
235980 0.00112454315434355
1156786 0.00337362946303064
21911 0.00112454315434355
1077028 0.00196795052010121
1498233 0.00309249367444476
105488 0.00281135788585887
1465488 0.0022490863086871
165141 0.000843407365757661
1019092 0.000281135788585887
1252643 0.000281135788585887
137128 0.000843407365757661
1247352 0.00365476525161653
1273500 0.00253022209727298
260093 0.00337362946303064
464077 0.00337362946303064
1212030 0.00140567894292943
1384335 0.00337362946303064
1320547 0.00309249367444476
1217465 0.00337362946303064
1034298 0.000562271577171774
1043554 0.00112454315434355
1006300 0.00112454315434355
1069431 0.000562271577171774
1150486 0.00196795052010121
1420261 0.00253022209727298
1007727 0.000843407365757661
1308541 0.000562271577171774
118085 0.00140567894292943
1097220 0.00140567894292943
1145352 0.000562271577171774
1060170 0.00112454315434355
324474 0.000843407365757661
1156513 0.00196795052010121
1111159 0.0022490863086871
1001813 0.000843407365757661
535781 0.00196795052010121
427679 0.00196795052010121
1128851 0.00112454315434355
1260079 0.0022490863086871
172038 0.00253022209727298
1551206 0.000843407365757661
125246 0.000281135788585887
217201 0.000562271577171774
1164332 0.000843407365757661
1036125 0.000843407365757661
1166564 0.000843407365757661
1273121 0.000843407365757661
1460784 0.00168681473151532
1247769 0.00168681473151532
180432 0.00168681473151532
13765 0.000843407365757661
145819 0.00112454315434355
26087 0.00253022209727298
129757 0.00253022209727298
1370435 0.00253022209727298
1559923 0.0022490863086871
1189112 0.000281135788585887
1470325 0.00253022209727298
1093050 0.00112454315434355
1548709 0.00196795052010121
133005 0.00168681473151532
1226508 0.00196795052010121
1071141 0.00168681473151532
238950 0.00140567894292943
1064085 0.000562271577171774
1088871 0.00112454315434355
1095796 0.00618498734888951
1309419 0.00590385156030363
1205956 0.00618498734888951
1498439 0.00449817261737419
1539401 0.00477930840596008
1527990 0.000843407365757661
1051745 0.00618498734888951
332679 0.000281135788585887
1353181 0.00590385156030363
265963 0.0064661231374754
1225614 0.00843407365757661
1401672 0.00674725892606129
1031984 0.00787180208040484
1093945 0.00590385156030363
1151613 0.0112454315434355
153065 0.00590385156030363
1098432 0.00477930840596008
1235510 0.00562271577171774
1336991 0.00449817261737419
1113603 0.00168681473151532
1392834 0.00702839471464717
1092766 0.00618498734888951
1233420 0.000843407365757661
139566 0.000281135788585887
275099 0.0087152094461625
1443714 0.00534157998313185
1217239 0.0064661231374754
1330561 0.00590385156030363
1333789 0.00477930840596008
1143530 0.00477930840596008
163820 0.00534157998313185
1335440 0.00196795052010121
1529411 0.00759066629181895
1004783 0.00534157998313185
1280924 0.00730953050323306
1529817 0.00674725892606129
1118729 0.00590385156030363
1215046 0.0064661231374754
1385753 0.00534157998313185
1166355 0.0064661231374754
1479134 0.00983975260050604
197809 0.00759066629181895
1428737 0.0087152094461625
1348962 0.00253022209727298
1499467 0.00253022209727298
1167856 0.00253022209727298
1016261 0.00253022209727298
1000847 0.000843407365757661
1076690 0.00112454315434355
1328023 0.00253022209727298
1537891 0.00253022209727298
1510710 0.0022490863086871
1068429 0.00281135788585887
217247 0.00168681473151532
255515 0.00196795052010121
1006748 0.00253022209727298
1070988 0.00281135788585887
1186250 0.00253022209727298
1298932 0.00112454315434355
205942 0.00253022209727298
1424975 0.00253022209727298
1374805 0.0022490863086871
1336 0.000843407365757661
1258250 0.00112454315434355
1340874 0.00112454315434355
138081 0.0022490863086871
1351585 0.0022490863086871
1358169 0.00140567894292943
299371 0.0022490863086871
1460994 0.00196795052010121
1207750 0.00140567894292943
1267984 0.00253022209727298
1566786 0.000843407365757661
1327962 0.000281135788585887
1309640 0.00168681473151532
332756 0.00168681473151532
308215 0.00168681473151532
336355 0.00196795052010121
121997 0.00168681473151532
1534606 0.00253022209727298
217504 0.00253022209727298
1058933 0.00253022209727298
1163784 0.00253022209727298
1151508 0.00253022209727298
1076932 0.00281135788585887
222609 0.0022490863086871
167787 0.000843407365757661
148393 0.00140567894292943
329446 0.000562271577171774
1273364 0.000562271577171774
1056150 0.00112454315434355
1482292 0.00112454315434355
1195638 0.00112454315434355
30188 0.00196795052010121
1270809 0.00196795052010121
1192956 0.00168681473151532
180808 0.000843407365757661
480678 0.00253022209727298
1426466 0.00253022209727298
154585 0.00196795052010121
1451605 0.00196795052010121
1052242 0.000843407365757661
125315 0.00168681473151532
1180713 0.00590385156030363
1373006 0.00196795052010121
602097 0.00281135788585887
1294499 0.00112454315434355
126093 0.000843407365757661
556567 0.00365476525161653
171170 0.000281135788585887
116535 0.0022490863086871
352352 0.00112454315434355
1539097 0.000843407365757661
1506079 0.00168681473151532
138014 0.000562271577171774
1130599 0.00112454315434355
438777 0.00168681473151532
1231494 0.0022490863086871
122528 0.000843407365757661
1326159 0.000843407365757661
297602 0.00112454315434355
159240 0.00168681473151532
1254740 0.00309249367444476
1538595 0.00534157998313185
1502826 0.00168681473151532
1051392 0.00168681473151532
1470814 0.00196795052010121
1230010 0.00112454315434355
1275340 0.00506044419454597
101045 0.00112454315434355
1477487 0.000843407365757661
1308149 0.00196795052010121
151746 0.00562271577171774
1076030 0.00506044419454597
1187856 0.00534157998313185
270582 0.00253022209727298
68655 0.0022490863086871
1005392 0.0022490863086871
1063625 0.00196795052010121
259122 0.00140567894292943
193384 0.00534157998313185
1521166 0.00253022209727298
1339673 0.00168681473151532
1526988 0.00112454315434355
1304517 0.0022490863086871
201735 0.0042170368287883
425950 0.00590385156030363
1341647 0.00253022209727298
1019991 0.00449817261737419
1285748 0.00168681473151532
1259549 0.00140567894292943
1059179 0.00112454315434355
1028814 0.00140567894292943
1317770 0.00506044419454597
1291840 0.00534157998313185
1498000 0.0042170368287883
42631 0.0022490863086871
1530904 0.00562271577171774
1094958 0.0042170368287883
101354 0.00534157998313185
1409228 0.00253022209727298
1334074 0.00140567894292943
1331486 0.00281135788585887
1254899 0.00309249367444476
1124990 0.00253022209727298
1060596 0.00196795052010121
1308444 0.00253022209727298
1429272 0.000843407365757661
1271824 0.00253022209727298
1203884 0.00477930840596008
340905 0.00140567894292943
1030763 0.00253022209727298
1007546 0.0022490863086871
1245270 0.00590385156030363
1266628 0.00168681473151532
1333438 0.00140567894292943
223681 0.00365476525161653
103347 0.00309249367444476
1202745 0.00365476525161653
1224963 0.00365476525161653
1239004 0.00196795052010121
1076476 0.00309249367444476
154069 0.00365476525161653
1129078 0.000562271577171774
380177 0.00140567894292943
1417113 0.00140567894292943
1019808 0.00393590104020242
181120 0.00112454315434355
1058181 0.0022490863086871
1275324 0.00140567894292943
1396829 0.000843407365757661
146865 0.0022490863086871
1119911 0.00253022209727298
1502577 0.00365476525161653
1050406 0.00365476525161653
213898 0.00140567894292943
1275171 0.00365476525161653
1383373 0.00196795052010121
396532 0.00168681473151532
1577161 0.00140567894292943
1090024 0.00168681473151532
688463 0.00112454315434355
275327 0.00337362946303064
1147940 0.0042170368287883
1494783 0.00590385156030363
1139675 0.00112454315434355
1155358 0.00393590104020242
1108990 0.0042170368287883
1270884 0.0064661231374754
110604 0.00196795052010121
1058515 0.00253022209727298
154711 0.00393590104020242
1160595 0.0042170368287883
1359107 0.0064661231374754
1022602 0.00196795052010121
129758 0.00365476525161653
1533831 0.00309249367444476
1520009 0.00393590104020242
1114442 0.0042170368287883
1353873 0.0042170368287883
1006765 0.00168681473151532
1039277 0.00140567894292943
193854 0.00112454315434355
1448968 0.00112454315434355
17406 0.00196795052010121
1259316 0.00253022209727298
1246206 0.00281135788585887
1231453 0.00365476525161653
1394233 0.00337362946303064
1541696 0.00337362946303064
1080520 0.00365476525161653
1380408 0.00140567894292943
206542 0.00140567894292943
169058 0.00168681473151532
1329467 0.00590385156030363
190778 0.00534157998313185
1498007 0.00590385156030363
1242614 0.00618498734888951
169193 0.00393590104020242
1130776 0.00618498734888951
129942 0.00449817261737419
18583 0.00618498734888951
30129 0.00506044419454597
1250688 0.00590385156030363
1146516 0.00365476525161653
1165207 0.00534157998313185
1573870 0.00309249367444476
1206411 0.00449817261737419
1033996 0.0042170368287883
1329116 0.00393590104020242
1070605 0.00140567894292943
424595 0.00309249367444476
1453407 0.00309249367444476
1157521 0.00309249367444476
1526914 0.000281135788585887
1213584 0.000843407365757661
1020249 0.00253022209727298
1453332 0.00196795052010121
22624 0.00393590104020242
1018804 0.00955861681192016
1417681 0.00449817261737419
1406631 0.00168681473151532
1329437 0.0042170368287883
1031881 0.00196795052010121
1035315 0.00196795052010121
1079208 0.00702839471464717
1070394 0.00365476525161653
2801 0.00253022209727298
187209 0.00730953050323306
130748 0.0042170368287883
119368 0.00730953050323306
1162376 0.00253022209727298
1184965 0.000843407365757661
1190296 0.000562271577171774
318245 0.00393590104020242
197974 0.00337362946303064
1027433 0.00674725892606129
171671 0.00168681473151532
241532 0.00168681473151532
1413021 0.0042170368287883
1292038 0.00674725892606129
355452 0.00393590104020242
173971 0.0064661231374754
35936 0.00196795052010121
1413857 0.00168681473151532
238887 0.0022490863086871
23066 0.00112454315434355
10618 0.00196795052010121
1395216 0.0022490863086871
198127 0.00309249367444476
1480218 0.00168681473151532
1135757 0.00196795052010121
1207618 0.00196795052010121
1095223 0.00618498734888951
164836 0.00759066629181895
1380670 0.00253022209727298
1288982 0.00196795052010121
1093767 0.0022490863086871
1181809 0.00168681473151532
1241219 0.00196795052010121
1479808 0.00168681473151532
1245944 0.00562271577171774
138495 0.00393590104020242
20700 0.00562271577171774
140366 0.00730953050323306
1283781 0.00730953050323306
199659 0.00618498734888951
1159631 0.0022490863086871
1457319 0.00112454315434355
1494975 0.00196795052010121
1175351 0.0022490863086871
1035793 0.0022490863086871
1371621 0.00674725892606129
1073187 0.00674725892606129
182844 0.00562271577171774
1498549 0.00140567894292943
1202868 0.00618498734888951
1173170 0.00281135788585887
1291363 0.0042170368287883
1015203 0.00702839471464717
1534090 0.0064661231374754
258226 0.00702839471464717
1063463 0.00253022209727298
254398 0.00702839471464717
1590938 0.0042170368287883
1060006 0.00196795052010121
27050 0.00337362946303064
1279244 0.00337362946303064
131435 0.00140567894292943
1193767 0.000562271577171774
1393427 0.000843407365757661
165421 0.000562271577171774
1019950 0.00477930840596008
1200629 0.00393590104020242
308758 0.00393590104020242
1125102 0.00365476525161653
1273379 0.00590385156030363
1051757 0.00506044419454597
180787 0.00590385156030363
1516275 0.00393590104020242
193540 0.00506044419454597
1220656 0.0042170368287883
1510779 0.00393590104020242
1542829 0.00702839471464717
1106618 0.00702839471464717
1534033 0.00674725892606129
1321590 0.0022490863086871
123063 0.00674725892606129
1067234 0.00112454315434355
1334797 0.00140567894292943
330672 0.00253022209727298
111842 0.00112454315434355
1362824 0.00112454315434355
286982 0.00168681473151532
1587118 0.00534157998313185
1061045 0.0042170368287883
316710 0.00449817261737419
1501824 0.00618498734888951
1041795 0.00196795052010121
1199759 0.00618498734888951
1474879 0.0042170368287883
151797 0.00196795052010121
1271781 0.000281135788585887
1203119 0.00702839471464717
1363993 0.0042170368287883
1003909 0.00112454315434355
1532839 0.00534157998313185
130158 0.00787180208040484
1195157 0.00196795052010121
1362914 0.00449817261737419
15451 0.0022490863086871
276313 0.00759066629181895
229586 0.00702839471464717
1214822 0.00140567894292943
1433446 0.00168681473151532
237891 0.00702839471464717
1328104 0.00196795052010121
1241782 0.00168681473151532
1397507 0.00759066629181895
1125257 0.00730953050323306
1440655 0.00196795052010121
1222631 0.0022490863086871
1429791 0.00393590104020242
364963 0.00759066629181895
1498135 0.00196795052010121
1408260 0.00309249367444476
1475834 0.00196795052010121
1339723 0.00112454315434355
1223864 0.00702839471464717
1301506 0.00787180208040484
1425485 0.0042170368287883
214249 0.00702839471464717
1462965 0.00140567894292943
1078012 0.00730953050323306
316282 0.00730953050323306
1094359 0.000562271577171774
102312 0.00253022209727298
1251789 0.000843407365757661
1178752 0.00112454315434355
1386078 0.00534157998313185
194409 0.000843407365757661
250747 0.00730953050323306
1535468 0.00759066629181895
1030294 0.00253022209727298
1312144 0.00309249367444476
10806 0.00702839471464717
1544562 0.00196795052010121
149953 0.00281135788585887
1112200 0.00168681473151532
1087548 0.00759066629181895
1210442 0.000843407365757661
1169892 0.00168681473151532
1366447 0.00196795052010121
111597 0.00140567894292943
120947 0.0042170368287883
13088 0.00337362946303064
1053 0.00140567894292943
1360184 0.0022490863086871
1312950 0.00590385156030363
1008235 0.00506044419454597
1222456 0.00674725892606129
1297297 0.00759066629181895
1483905 0.00168681473151532
1158536 0.00843407365757661
1523576 0.00787180208040484
1411303 0.00477930840596008
1050801 0.00702839471464717
1489838 0.00196795052010121
1361655 0.0022490863086871
262252 0.00196795052010121
1269980 0.00253022209727298
1169487 0.00281135788585887
1472770 0.0022490863086871
269577 0.00196795052010121
1524083 0.00196795052010121
1396219 0.0042170368287883
21035 0.00337362946303064
1325549 0.00449817261737419
1286431 0.00196795052010121
1181595 0.0042170368287883
1387821 0.00196795052010121
1137991 0.00140567894292943
1579521 0.0022490863086871
1170955 0.00309249367444476
145098 0.00449817261737419
1383721 0.0022490863086871
1295934 0.0022490863086871
146983 0.00253022209727298
1146731 0.00112454315434355
33421 0.00140567894292943
275427 0.00281135788585887
1265114 0.00309249367444476
1142166 0.00309249367444476
12634 0.00253022209727298
1321091 0.00309249367444476
177429 0.00393590104020242
1234042 0.00309249367444476
1453576 0.00253022209727298
409279 0.00309249367444476
162988 0.00337362946303064
1075448 0.00477930840596008
1141649 0.00618498734888951
124220 0.0216474557211133
1242944 0.00449817261737419
145802 0.00281135788585887
1505011 0.00393590104020242
1517208 0.00449817261737419
1339407 0.00309249367444476
1002713 0.00309249367444476
1243850 0.0042170368287883
1353002 0.00337362946303064
1445087 0.00393590104020242
1294775 0.00449817261737419
1130998 0.00281135788585887
1073036 0.00309249367444476
144441 0.000562271577171774
1151933 0.00337362946303064
1327357 0.0022490863086871
1041686 0.00196795052010121
142375 0.00281135788585887
281707 0.00393590104020242
1015476 0.00281135788585887
236683 0.00309249367444476
129271 0.00393590104020242
1137607 0.00281135788585887
1136706 0.00281135788585887
1290989 0.00449817261737419
170651 0.00562271577171774
1544701 0.00506044419454597
1249784 0.00590385156030363
157321 0.00393590104020242
16373 0.00281135788585887
1061050 0.0022490863086871
1404075 0.00337362946303064
1138642 0.00281135788585887
1326375 0.00337362946303064
157611 0.00196795052010121
133095 0.00337362946303064
1243968 0.00196795052010121
1494007 0.00281135788585887
1189819 0.00281135788585887
1169948 0.00253022209727298
1072440 0.00365476525161653
1372774 0.00253022209727298
1409873 0.00281135788585887
1000308 0.00365476525161653
301615 0.00393590104020242
1512851 0.00449817261737419
1409384 0.00281135788585887
1048684 0.00281135788585887
1082068 0.00196795052010121
257797 0.0022490863086871
136145 0.00337362946303064
1056867 0.00309249367444476
214169 0.00393590104020242
17756 0.00337362946303064
207334 0.00309249367444476
1345667 0.00281135788585887
1189719 0.00309249367444476
1189837 0.00309249367444476
157993 0.00112454315434355
1369191 0.00112454315434355
1359579 0.00253022209727298
183657 0.00253022209727298
1419353 0.00309249367444476
1533673 0.00112454315434355
1025424 0.00253022209727298
188647 0.00337362946303064
1345173 0.00337362946303064
1134676 0.00309249367444476
1471346 0.00365476525161653
1192631 0.00449817261737419
294955 0.00281135788585887
342059 0.00393590104020242
1387551 0.00337362946303064
1041213 0.00337362946303064
1090651 0.00449817261737419
1330520 0.00309249367444476
1035540 0.000843407365757661
1088609 0.00309249367444476
1117827 0.00337362946303064
128004 0.00365476525161653
1267062 0.00253022209727298
1411345 0.00365476525161653
1020970 0.0042170368287883
1388130 0.00506044419454597
1533695 0.00253022209727298
1178823 0.00337362946303064
1019225 0.00309249367444476
179704 0.00281135788585887
1268205 0.00365476525161653
138455 0.00365476525161653
1363407 0.00365476525161653
1077121 0.00393590104020242
1249236 0.00449817261737419
1326557 0.00337362946303064
321577 0.00365476525161653
305966 0.00337362946303064
204295 0.00393590104020242
1396775 0.00140567894292943
1257467 0.0022490863086871
1288561 0.00309249367444476
1244698 0.00393590104020242
1383723 0.0042170368287883
1043605 0.00196795052010121
1303692 0.00281135788585887
1286131 0.000562271577171774
156849 0.00196795052010121
1358638 0.00365476525161653
142775 0.00393590104020242
1079998 0.00449817261737419
21194 0.00449817261737419
158637 0.00337362946303064
1005804 0.0022490863086871
206861 0.0042170368287883
1489255 0.00449817261737419
1056137 0.00196795052010121
1569026 0.00393590104020242
1423088 0.00365476525161653
25564 0.00337362946303064
270381 0.0022490863086871
1563031 0.0022490863086871
1289510 0.00253022209727298
142053 0.00253022209727298
1303018 0.00281135788585887
1540118 0.0022490863086871
1370713 0.000843407365757661
1104214 0.00337362946303064
1347330 0.0154624683722238
1500128 0.00337362946303064
107116 0.00281135788585887
1400714 0.00393590104020242
1422117 0.00196795052010121
364996 0.00365476525161653
1316504 0.00365476525161653
1115073 0.00393590104020242
1477719 0.00393590104020242
1048792 0.00393590104020242
316630 0.00281135788585887
1189428 0.00309249367444476
1331697 0.00140567894292943
1217378 0.00281135788585887
1381467 0.00140567894292943
1017362 0.00253022209727298
1248716 0.0022490863086871
180830 0.0022490863086871
1396912 0.0233342704526286
238038 0.00590385156030363
126136 0.022490863086871
1566423 0.0227719988754568
1235022 0.0205229125667697
1123961 0.0118077031206073
360189 0.0208040483553556
1474502 0.012369974697779
1418449 0.0227719988754568
1065196 0.0106831599662637
411492 0.0213663199325274
1378626 0.0230531346640427
114398 0.0233342704526286
1095581 0.0230531346640427
1121784 0.00702839471464717
1310194 0.0126511104863649
282216 0.0112454315434355
1136231 0.0236154062412145
1413121 0.00253022209727298
1055245 0.0188360978352544
1433566 0.00253022209727298
1032485 0.0227719988754568
283565 0.017430418892325
174358 0.00253022209727298
1004274 0.00674725892606129
1083266 0.0208040483553556
1480107 0.00365476525161653
1007077 0.000843407365757661
1104991 0.0230531346640427
344363 0.0236154062412145
1474763 0.00281135788585887
1481603 0.019960640989598
1551769 0.0233342704526286
1426349 0.019960640989598
1136124 0.0126511104863649
1223570 0.0188360978352544
223924 0.0129322462749508
1344364 0.022490863086871
1275696 0.0202417767781839
1343954 0.0120888389091931
1569582 0.022490863086871
315348 0.00927748102333427
1066871 0.0193983694124262
1234450 0.0132133820635367
1496416 0.00730953050323306
1530605 0.0216474557211133
282340 0.0193983694124262
1044913 0.0236154062412145
183520 0.00449817261737419
162813 0.00590385156030363
1211308 0.00365476525161653
30147 0.00337362946303064
1278373 0.0233342704526286
136754 0.00983975260050604
1017385 0.00393590104020242
1309043 0.000562271577171774
149181 0.0022490863086871
293931 0.0208040483553556
1080357 0.0042170368287883
238457 0.0208040483553556
231810 0.0210851841439415
1229710 0.0213663199325274
1280325 0.0106831599662637
1214596 0.0230531346640427
229206 0.0236154062412145
1514384 0.0160247399493956
1052214 0.00281135788585887
1193827 0.00196795052010121
1157208 0.0126511104863649
1272593 0.00899634523474838
382595 0.00112454315434355
1505676 0.00759066629181895
352868 0.0188360978352544
167870 0.0233342704526286
1251563 0.0233342704526286
1400929 0.00702839471464717
1239579 0.00281135788585887
257204 0.0230531346640427
1328207 0.0188360978352544
409740 0.0219285915096992
147159 0.0104020241776778
143848 0.00759066629181895
1552637 0.0064661231374754
1009039 0.00815293786899072
1100524 0.00196795052010121
1549778 0.00730953050323306
151635 0.00477930840596008
264858 0.019960640989598
1240517 0.0140567894292943
300469 0.019960640989598
1457564 0.00534157998313185
1332018 0.0219285915096992
1059803 0.00168681473151532
227463 0.00253022209727298
1082739 0.0165870115265673
361768 0.0177115546809109
1247877 0.0213663199325274
220084 0.0219285915096992
121078 0.0109642957548496
309831 0.00253022209727298
1559743 0.00365476525161653
1360874 0.0185549620466685
1497266 0.0118077031206073
1375244 0.0208040483553556
1170108 0.0230531346640427
1314039 0.0120888389091931
1569576 0.00140567894292943
1169391 0.0165870115265673
11182 0.0101208883890919
142622 0.0022490863086871
1093567 0.00449817261737419
1245552 0.00730953050323306
264508 0.00168681473151532
198856 0.0208040483553556
1108709 0.00140567894292943
1055503 0.0216474557211133
1441206 0.00702839471464717
242724 0.00477930840596008
1282470 0.00309249367444476
1339987 0.00281135788585887
1151133 0.0101208883890919
1176829 0.00674725892606129
277909 0.0205229125667697
1101196 0.0042170368287883
1469411 0.0202417767781839
19462 0.00365476525161653
1441707 0.0205229125667697
1527934 0.0104020241776778
1475913 0.0177115546809109
1301847 0.0227719988754568
1327528 0.0157436041608097
1379945 0.0230531346640427
156616 0.0213663199325274
1056191 0.022490863086871
277618 0.0106831599662637
1016078 0.0106831599662637
1472529 0.0140567894292943
1122389 0.0151813325836379
1005133 0.0104020241776778
101911 0.0126511104863649
1330511 0.0241776778183863
1348585 0.0213663199325274
235461 0.0104020241776778
1249709 0.0182738262580827
138580 0.0210851841439415
231587 0.0238965420298004
1308223 0.0213663199325274
1329138 0.0219285915096992
1152527 0.0179926904694968
1139761 0.019960640989598
1159618 0.0191172336238403
1439897 0.0196795052010121
153877 0.0188360978352544
1392080 0.0205229125667697
239183 0.0205229125667697
1532934 0.0202417767781839
262873 0.00168681473151532
25331 0.0042170368287883
282066 0.00759066629181895
1525278 0.0165870115265673
261539 0.017430418892325
1327660 0.00787180208040484
1178707 0.00899634523474838
373998 0.00562271577171774
1380869 0.00393590104020242
1009398 0.0140567894292943
1024106 0.0101208883890919
165596 0.00955861681192016
152064 0.00309249367444476
1266646 0.00168681473151532
288191 0.00618498734888951
1575523 0.0064661231374754
1058925 0.0042170368287883
1083076 0.00393590104020242
1411233 0.0042170368287883
1039329 0.00253022209727298
129385 0.00140567894292943
173619 0.000843407365757661
1374502 0.00927748102333427
1101721 0.0104020241776778
1413865 0.00983975260050604
266509 0.00927748102333427
1337671 0.00702839471464717
280581 0.0106831599662637
1092934 0.00955861681192016
1483882 0.0104020241776778
1471105 0.0104020241776778
1415563 0.0106831599662637
115942 0.0101208883890919
1295706 0.0104020241776778
201409 0.00702839471464717
103016 0.00983975260050604
1058960 0.00393590104020242
163962 0.0101208883890919
1471750 0.00759066629181895
1446626 0.00337362946303064
117238 0.00955861681192016
1349442 0.00674725892606129
1542251 0.00365476525161653
1376231 0.00815293786899072
1507401 0.00702839471464717
128882 0.0106831599662637
1089999 0.0064661231374754
1384771 0.00815293786899072
43123 0.0087152094461625
1216302 0.00730953050323306
1159598 0.0101208883890919
1072046 0.0101208883890919
1517071 0.00927748102333427
1133172 0.00618498734888951
1593247 0.00702839471464717
1527275 0.0118077031206073
1503644 0.00449817261737419
1587911 0.0042170368287883
1283095 0.00702839471464717
1370735 0.00534157998313185
1213874 0.0168681473151532
1469051 0.0171492831037391
22231 0.00702839471464717
203078 0.00477930840596008
1314031 0.00506044419454597
1415812 0.00955861681192016
1159021 0.0101208883890919
195260 0.00843407365757661
1244148 0.00983975260050604
328648 0.0064661231374754
156259 0.00899634523474838
1121686 0.00787180208040484
336327 0.0064661231374754
451266 0.00618498734888951
152080 0.00899634523474838
1191333 0.0106831599662637
1067172 0.00702839471464717
1445738 0.0087152094461625
1244569 0.00787180208040484
1343227 0.00702839471464717
1455020 0.00618498734888951
1070205 0.00730953050323306
1519744 0.0042170368287883
1578087 0.0115265673320214
1129074 0.00899634523474838
1458343 0.00843407365757661
197188 0.0109642957548496
384691 0.00618498734888951
1395285 0.0101208883890919
1479963 0.0115265673320214
1497638 0.0101208883890919
1481707 0.00815293786899072
1345110 0.00787180208040484
1548695 0.00702839471464717
1250653 0.0087152094461625
287297 0.00899634523474838
263451 0.00899634523474838
1384894 0.000562271577171774
1152474 0.00674725892606129
1532518 0.00899634523474838
108339 0.0109642957548496
1125810 0.00674725892606129
1079050 0.00983975260050604
153797 0.00618498734888951
269563 0.00899634523474838
116496 0.00674725892606129
259130 0.00590385156030363
1535238 0.0087152094461625
1015868 0.00899634523474838
1445628 0.00759066629181895
57397 0.0087152094461625
173785 0.0101208883890919
1436787 0.00815293786899072
1451904 0.00927748102333427
1030816 0.00843407365757661
134200 0.0101208883890919
1431310 0.0115265673320214
1271390 0.0104020241776778
1228064 0.00955861681192016
1121249 0.00168681473151532
344628 0.0154624683722238
200649 0.00112454315434355
160572 0.00899634523474838
11597 0.0109642957548496
1437478 0.0165870115265673
1013460 0.0112454315434355
133263 0.00787180208040484
1105774 0.0129322462749508
1276775 0.00787180208040484
1532117 0.00674725892606129
119081 0.00927748102333427
1069910 0.00618498734888951
1530196 0.00759066629181895
242256 0.00730953050323306
1269999 0.0129322462749508
1049648 0.00730953050323306
1383633 0.0106831599662637
114406 0.00759066629181895
1054165 0.00618498734888951
1067440 0.00759066629181895
155392 0.00759066629181895
1369356 0.012369974697779
1303395 0.00927748102333427
1073373 0.00759066629181895
1000038 0.00815293786899072
1195068 0.00702839471464717
1239091 0.00815293786899072
1209412 0.0106831599662637
1346928 0.0126511104863649
1014003 0.0140567894292943
1104527 0.0109642957548496
1354260 0.00702839471464717
1134939 0.00983975260050604
241838 0.00787180208040484
1394834 0.00534157998313185
1529800 0.00955861681192016
1350403 0.0064661231374754
1353942 0.00618498734888951
1338611 0.0109642957548496
169016 0.00759066629181895
1259344 0.00674725892606129
1359029 0.00506044419454597
1464520 0.00787180208040484
1319143 0.00590385156030363
1344665 0.00787180208040484
221011 0.00927748102333427
1170158 0.0115265673320214
1239185 0.0104020241776778
1209042 0.00702839471464717
298013 0.014900196795052
1026982 0.000562271577171774
1574096 0.00759066629181895
1040958 0.0115265673320214
157143 0.00449817261737419
1257195 0.00759066629181895
1569457 0.00983975260050604
1554485 0.00140567894292943
1330555 0.0104020241776778
1310218 0.00674725892606129
114711 0.00843407365757661
1285568 0.00927748102333427
1370132 0.0104020241776778
1465430 0.00674725892606129
1257416 0.00196795052010121
1032072 0.00562271577171774
1164492 0.00618498734888951
1415281 0.0151813325836379
1155605 0.00955861681192016
1185612 0.00759066629181895
1339644 0.0120888389091931
1161273 0.00843407365757661
1412835 0.0101208883890919
1285958 0.00787180208040484
1087139 0.0087152094461625
1387496 0.00899634523474838
1463157 0.00955861681192016
1055677 0.0154624683722238
1078236 0.0087152094461625
133188 0.00815293786899072
1091499 0.0087152094461625
1268086 0.00787180208040484
1461212 0.0087152094461625
1405273 0.00899634523474838
216388 0.00534157998313185
1302759 0.00674725892606129
1359927 0.00562271577171774
1133998 0.00702839471464717
1522988 0.00927748102333427
1047525 0.00899634523474838
1427352 0.00955861681192016
180960 0.00393590104020242
1152906 0.00393590104020242
1154721 0.00730953050323306
1114110 0.00618498734888951
1020017 0.00449817261737419
1188806 0.000281135788585887
1109531 0.00562271577171774
233951 0.00140567894292943
1163194 0.00618498734888951
1225090 0.00899634523474838
154903 0.000843407365757661
1072998 0.000562271577171774
1324786 0.00534157998313185
1487678 0.000562271577171774
1131331 0.00815293786899072
1399442 0.0101208883890919
190245 0.0022490863086871
1320345 0.00168681473151532
1247434 0.0022490863086871
1094074 0.00674725892606129
219036 0.00281135788585887
1490321 0.00309249367444476
1335027 0.00196795052010121
176113 0.00337362946303064
1292503 0.00955861681192016
1541002 0.0101208883890919
1238365 0.00337362946303064
1232609 0.00927748102333427
1068697 0.00899634523474838
1371036 0.00983975260050604
1427953 0.0064661231374754
1060848 0.00534157998313185
1586217 0.00815293786899072
1198505 0.00843407365757661
179914 0.00730953050323306
1263558 0.00112454315434355
1165033 0.00253022209727298
1252594 0.00927748102333427
120987 0.00759066629181895
1376793 0.0022490863086871
1472111 0.0087152094461625
1538654 0.00196795052010121
1387059 0.00309249367444476
1538231 0.00393590104020242
392501 0.00253022209727298
1397419 0.00309249367444476
1345628 0.0087152094461625
1229363 0.00196795052010121
1566105 0.00393590104020242
247075 0.00337362946303064
1105710 0.00393590104020242
123019 0.00168681473151532
357468 0.00196795052010121
1574240 0.00281135788585887
1017211 0.000843407365757661
1200814 0.00281135788585887
1405660 0.00337362946303064
187595 0.00955861681192016
1048550 0.00730953050323306
247291 0.00168681473151532
1212905 0.00927748102333427
400227 0.00730953050323306
1151458 0.0022490863086871
145088 0.00140567894292943
1101352 0.00843407365757661
1555584 0.00759066629181895
1075605 0.00140567894292943
13902 0.0042170368287883
1288803 0.0022490863086871
1224007 0.00281135788585887
201638 0.00927748102333427
1338165 0.00618498734888951
1525656 0.00759066629181895
1422887 0.0022490863086871
1244616 0.0022490863086871
1122718 0.00983975260050604
1327754 0.00253022209727298
1136249 0.00253022209727298
1248047 0.0022490863086871
152401 0.00281135788585887
35080 0.0087152094461625
1254172 0.00281135788585887
1407660 0.000562271577171774
1106435 0.00730953050323306
166595 0.00759066629181895
118858 0.00196795052010121
1271232 0.00759066629181895
210942 0.00759066629181895
305302 0.00253022209727298
1432425 0.00759066629181895
1408427 0.00112454315434355
24447 0.00899634523474838
1223991 0.0022490863086871
172376 0.00196795052010121
184462 0.0042170368287883
156242 0.00337362946303064
20712 0.00927748102333427
1484681 0.00309249367444476
12477 0.00309249367444476
1486367 0.00393590104020242
1012041 0.00449817261737419
1134769 0.00562271577171774
18726 0.00365476525161653
392084 0.0022490863086871
1400531 0.00309249367444476
1359436 0.00899634523474838
154330 0.00196795052010121
1475903 0.00196795052010121
105098 0.00140567894292943
1589595 0.0022490863086871
224478 0.00196795052010121
1280233 0.0101208883890919
1074546 0.00759066629181895
1377738 0.00927748102333427
145395 0.0104020241776778
1266311 0.00702839471464717
1077184 0.00843407365757661
1488050 0.00983975260050604
1147242 0.00730953050323306
1153651 0.00759066629181895
137593 0.00730953050323306
47691 0.00309249367444476
1437942 0.00140567894292943
1478833 0.00112454315434355
1395402 0.00730953050323306
1408536 0.00730953050323306
1112043 0.00618498734888951
11760 0.00674725892606129
1565691 0.00674725892606129
1171447 0.00618498734888951
1327115 0.00168681473151532
234069 0.00253022209727298
203040 0.00253022209727298
1555842 0.00196795052010121
1485529 0.00168681473151532
1566860 0.00309249367444476
1003401 0.00196795052010121
217438 0.00140567894292943
1494962 0.00253022209727298
1374791 0.0022490863086871
1344070 0.00196795052010121
1040221 0.00815293786899072
1035704 0.00927748102333427
124725 0.0064661231374754
276003 0.0101208883890919
1416694 0.0042170368287883
1186951 0.00618498734888951
1210645 0.00449817261737419
1304063 0.00759066629181895
1359890 0.00590385156030363
1485745 0.00927748102333427
1500360 0.00365476525161653
137080 0.00393590104020242
1170088 0.00590385156030363
1156804 0.00449817261737419
1509196 0.00477930840596008
1020207 0.0042170368287883
1062406 0.00196795052010121
1080370 0.0042170368287883
123949 0.00337362946303064
1587263 0.00955861681192016
1021106 0.00337362946303064
145552 0.00112454315434355
228494 0.00281135788585887
1045282 0.00281135788585887
1347531 0.00365476525161653
1353824 0.012369974697779
247563 0.0109642957548496
1352757 0.00843407365757661
1515913 0.0120888389091931
121734 0.00253022209727298
1280968 0.00140567894292943
1412333 0.0042170368287883
1005202 0.00477930840596008
1073840 0.00674725892606129
222909 0.00393590104020242
1142293 0.00196795052010121
1551434 0.0101208883890919
1581388 0.00759066629181895
1091818 0.0042170368287883
1483589 0.0064661231374754
1219645 0.0087152094461625
1013889 0.0109642957548496
1202455 0.00281135788585887
1276478 0.00590385156030363
1256178 0.00955861681192016
1334143 0.0022490863086871
1543100 0.00140567894292943
204281 0.00927748102333427
1245952 0.00449817261737419
1210287 0.0101208883890919
151802 0.00140567894292943
10717 0.00449817261737419
1195683 0.0106831599662637
1314784 0.00365476525161653
1074343 0.00843407365757661
141301 0.00674725892606129
1257636 0.00477930840596008
1478308 0.00787180208040484
177604 0.00843407365757661
1367447 0.00618498734888951
1483596 0.00787180208040484
1360427 0.00955861681192016
150980 0.00393590104020242
1084803 0.00112454315434355
1123448 0.00365476525161653
365165 0.00253022209727298
1489488 0.00590385156030363
1280318 0.00112454315434355
117909 0.00477930840596008
1505990 0.00899634523474838
1340544 0.00281135788585887
1229409 0.00281135788585887
1142704 0.00365476525161653
1129887 0.00477930840596008
1035076 0.00477930840596008
188440 0.00253022209727298
1194949 0.0022490863086871
153195 0.00534157998313185
1138673 0.0022490863086871
1521087 0.00618498734888951
1340815 0.000562271577171774
1004612 0.00477930840596008
1377974 0.00477930840596008
1514997 0.0118077031206073
195339 0.00815293786899072
1509805 0.00787180208040484
1371461 0.0087152094461625
1194729 0.00337362946303064
103917 0.0022490863086871
1168653 0.00168681473151532
1279910 0.00674725892606129
1285448 0.0042170368287883
1026701 0.00253022209727298
1304951 0.00393590104020242
1215485 0.00337362946303064
1298366 0.00168681473151532
352740 0.00393590104020242
1284429 0.0109642957548496
1340235 0.00253022209727298
146806 0.0064661231374754
1350533 0.00365476525161653
221483 0.00309249367444476
1150624 0.00843407365757661
1350332 0.00477930840596008
185792 0.00365476525161653
135073 0.00168681473151532
1015909 0.00477930840596008
1096712 0.00393590104020242
1268439 0.00112454315434355
1137774 0.00393590104020242
153441 0.00253022209727298
1333034 0.0042170368287883
1342459 0.00449817261737419
1030304 0.00730953050323306
1075096 0.00843407365757661
1027821 0.00759066629181895
1568563 0.00506044419454597
137730 0.00618498734888951
379945 0.00253022209727298
1211674 0.00393590104020242
1302181 0.00281135788585887
176722 0.00309249367444476
18388 0.0042170368287883
1109681 0.00449817261737419
1306739 0.0042170368287883
1484212 0.00365476525161653
1128058 0.00365476525161653
283025 0.00309249367444476
161881 0.00365476525161653
341391 0.00393590104020242
1161517 0.00393590104020242
1305563 0.00281135788585887
121506 0.00253022209727298
1133807 0.00309249367444476
134818 0.00309249367444476
1230984 0.00309249367444476
1506915 0.00365476525161653
1084764 0.00365476525161653
109110 0.00365476525161653
325748 0.0042170368287883
1440465 0.00365476525161653
1480500 0.00955861681192016
1158481 0.0109642957548496
1203086 0.0112454315434355
1108820 0.00140567894292943
1007153 0.00281135788585887
1024925 0.0022490863086871
1454797 0.00281135788585887
1249627 0.00281135788585887
1585463 0.00309249367444476
1069854 0.00281135788585887
134310 0.00253022209727298
1454103 0.00449817261737419
1148582 0.00506044419454597
1060528 0.0042170368287883
1235692 0.00534157998313185
1370811 0.00730953050323306
1046160 0.00562271577171774
1494644 0.00506044419454597
126551 0.0042170368287883
1534597 0.00112454315434355
1258205 0.00168681473151532
1070589 0.00112454315434355
1578749 0.00112454315434355
1130110 0.0022490863086871
1139879 0.00449817261737419
1162234 0.00449817261737419
245286 0.00674725892606129
213208 0.00815293786899072
1073663 0.00899634523474838
235262 0.00449817261737419
1230294 0.00983975260050604
1258904 0.00393590104020242
1399263 0.00365476525161653
1130964 0.00281135788585887
1238960 0.00393590104020242
130569 0.00365476525161653
1173333 0.0042170368287883
1567472 0.00168681473151532
1145422 0.00281135788585887
1115150 0.00449817261737419
1312593 0.00365476525161653
1446463 0.00393590104020242
1441364 0.00393590104020242
1141472 0.0210851841439415
1072422 0.0227719988754568
1162664 0.0222097272982851
1093523 0.022490863086871
1064792 0.0129322462749508
1214742 0.0216474557211133
1417661 0.0193983694124262
162183 0.0213663199325274
1545507 0.0222097272982851
392682 0.0202417767781839
1297365 0.00843407365757661
198327 0.012369974697779
1161003 0.0227719988754568
1486807 0.0177115546809109
1459344 0.0129322462749508
1253856 0.0126511104863649
1157701 0.0196795052010121
1089938 0.0179926904694968
1370080 0.019960640989598
1007484 0.0205229125667697
1500138 0.014900196795052
1456424 0.014900196795052
1095492 0.0146190610064661
1446287 0.0118077031206073
1280977 0.0146190610064661
18294 0.0160247399493956
1485194 0.00281135788585887
382373 0.0191172336238403
1297912 0.019960640989598
23894 0.0219285915096992
1203143 0.0191172336238403
1357091 0.0196795052010121
1400732 0.00309249367444476
1032663 0.0241776778183863
141064 0.0191172336238403
1389447 0.0151813325836379
1529384 0.0137756536407085
1215162 0.0281135788585887
1367831 0.0267078999156593
154599 0.012369974697779
1052423 0.0213663199325274
130374 0.0134945178521226
14784 0.0219285915096992
1400258 0.00253022209727298
172937 0.0126511104863649
148267 0.00815293786899072
1520739 0.0233342704526286
160443 0.0106831599662637
333675 0.0118077031206073
1132156 0.0179926904694968
180900 0.0157436041608097
1251555 0.00590385156030363
1269814 0.0151813325836379
163890 0.00759066629181895
200693 0.00309249367444476
1513804 0.0269890357042451
263037 0.0196795052010121
14913 0.0154624683722238
1522324 0.0151813325836379
1467775 0.0208040483553556
173985 0.0106831599662637
159683 0.0219285915096992
1482990 0.0120888389091931
162615 0.0185549620466685
1315108 0.00196795052010121
1116938 0.0101208883890919
1070416 0.0137756536407085
250177 0.0236154062412145
1439943 0.0132133820635367
1348190 0.0216474557211133
1141593 0.00955861681192016
1525790 0.00393590104020242
1204670 0.0042170368287883
12872 0.0213663199325274
1415889 0.0182738262580827
154916 0.0238965420298004
1278389 0.0115265673320214
1375278 0.0101208883890919
1306565 0.0118077031206073
1242123 0.0193983694124262
274515 0.0137756536407085
1058293 0.0188360978352544
1065824 0.0227719988754568
1007525 0.019960640989598
1520223 0.00955861681192016
1568591 0.0238965420298004
1110662 0.0134945178521226
1593166 0.00730953050323306
1429609 0.0146190610064661
106765 0.0236154062412145
244591 0.0109642957548496
1175204 0.0213663199325274
1084659 0.012369974697779
159292 0.00674725892606129
1250830 0.0101208883890919
1441649 0.0137756536407085
1328986 0.0247399493955581
1504852 0.0126511104863649
1505384 0.0146190610064661
1226118 0.0255833567613157
1301084 0.0233342704526286
1002244 0.0230531346640427
1554961 0.0241776778183863
1395613 0.0129322462749508
211580 0.019960640989598
1272150 0.019960640989598
1106586 0.0109642957548496
219864 0.0188360978352544
1351031 0.0120888389091931
1300693 0.0104020241776778
1567886 0.0106831599662637
1220934 0.0177115546809109
1516111 0.00815293786899072
1284456 0.00393590104020242
1282067 0.0101208883890919
1233932 0.0160247399493956
1410336 0.0171492831037391
1552250 0.0205229125667697
1359850 0.0210851841439415
1077315 0.0143379252178802
260586 0.0143379252178802
1180985 0.0216474557211133
1092960 0.012369974697779
1252400 0.0253022209727298
1484040 0.0191172336238403
124153 0.0222097272982851
1309480 0.0115265673320214
1307881 0.00843407365757661
1425661 0.0191172336238403
1082647 0.0132133820635367
1577171 0.0213663199325274
1524033 0.019960640989598
1372412 0.0196795052010121
1098091 0.0213663199325274
1060597 0.0126511104863649
102659 0.0064661231374754
1568811 0.0143379252178802
1292990 0.00899634523474838
1354268 0.0106831599662637
1474660 0.0101208883890919
1494763 0.0177115546809109
233719 0.0126511104863649
154375 0.00815293786899072
37229 0.0230531346640427
1034163 0.0233342704526286
1447895 0.00337362946303064
262960 0.00393590104020242
1553751 0.0126511104863649
1421937 0.0126511104863649
158201 0.00730953050323306
288646 0.0101208883890919
209492 0.0126511104863649
153765 0.0132133820635367
1470830 0.012369974697779
1098278 0.0171492831037391
1406008 0.0202417767781839
1576031 0.0213663199325274
1532670 0.0222097272982851
152059 0.0205229125667697
1179954 0.0210851841439415
276753 0.0210851841439415
158491 0.0219285915096992
209519 0.00955861681192016
1074710 0.0022490863086871
1504689 0.00196795052010121
1355461 0.00590385156030363
1527364 0.00815293786899072
17238 0.0112454315434355
1107301 0.00702839471464717
1274643 0.0126511104863649
1538240 0.0146190610064661
1043399 0.0137756536407085
105226 0.0126511104863649
1523001 0.012369974697779
1560537 0.00955861681192016
1533658 0.0120888389091931
1476451 0.0163058757379814
355872 0.0129322462749508
1014943 0.0137756536407085
1325353 0.0126511104863649
1126824 0.0151813325836379
1080417 0.0151813325836379
1006449 0.0115265673320214
193301 0.0238965420298004
266289 0.0104020241776778
1307320 0.00730953050323306
1373760 0.014900196795052
1048778 0.0216474557211133
1134941 0.0202417767781839
1334884 0.0213663199325274
1124812 0.022490863086871
1254730 0.0264267641270734
1333704 0.014900196795052
1582634 0.00815293786899072
1373939 0.00759066629181895
1530497 0.00815293786899072
1162782 0.0109642957548496
1521495 0.0126511104863649
1184553 0.00309249367444476
1021301 0.00196795052010121
172239 0.00168681473151532
1539840 0.0022490863086871
1230138 0.00730953050323306
228889 0.00281135788585887
188744 0.00281135788585887
1055142 0.00168681473151532
151959 0.00281135788585887
1304016 0.00534157998313185
167703 0.00590385156030363
1553267 0.00590385156030363
280433 0.00309249367444476
195897 0.00337362946303064
1441040 0.0022490863086871
1505701 0.00281135788585887
1109859 0.00309249367444476
1198992 0.00393590104020242
126665 0.00477930840596008
1070945 0.00393590104020242
1590829 0.00337362946303064
1324083 0.00393590104020242
34492 0.00393590104020242
1281446 0.0022490863086871
1427786 0.00393590104020242
1067099 0.0022490863086871
1427254 0.00590385156030363
1061007 0.00590385156030363
168616 0.00168681473151532
12900 0.0042170368287883
1476053 0.00309249367444476
226464 0.0042170368287883
361797 0.00393590104020242
18473 0.00253022209727298
152770 0.00506044419454597
196082 0.00506044419454597
1536663 0.00112454315434355
19950 0.00168681473151532
1359526 0.00140567894292943
1137240 0.00393590104020242
1490531 0.00140567894292943
1324131 0.00393590104020242
1572938 0.00365476525161653
1181363 0.00477930840596008
198824 0.00196795052010121
241198 0.00393590104020242
1216413 0.00618498734888951
1483280 0.00168681473151532
1291539 0.00196795052010121
1288026 0.00112454315434355
29877 0.00506044419454597
32079 0.00534157998313185
1363881 0.00196795052010121
1496931 0.0022490863086871
139693 0.00337362946303064
1017024 0.00281135788585887
198159 0.00365476525161653
1367276 0.00309249367444476
284407 0.00309249367444476
1550529 0.0042170368287883
138838 0.00449817261737419
1133941 0.00506044419454597
154129 0.00309249367444476
1573875 0.0022490863086871
1328441 0.00393590104020242
1402026 0.00337362946303064
390449 0.00196795052010121
1407290 0.00168681473151532
1455353 0.00618498734888951
1499406 0.00140567894292943
1271868 0.00281135788585887
1345308 0.00168681473151532
1101906 0.00393590104020242
1404461 0.0101208883890919
1046120 0.00281135788585887
1167716 0.0087152094461625
321891 0.00281135788585887
1231596 0.0022490863086871
202709 0.00196795052010121
1333602 0.00590385156030363
1379641 0.00449817261737419
1081697 0.0022490863086871
1287445 0.0022490863086871
1539476 0.00281135788585887
1243178 0.00393590104020242
1134141 0.0042170368287883
293738 0.00449817261737419
1038800 0.00196795052010121
1454521 0.0022490863086871
100963 0.00196795052010121
406585 0.00506044419454597
1031248 0.00506044419454597
1578276 0.00449817261737419
1379402 0.00449817261737419
1324225 0.0042170368287883
192251 0.00337362946303064
1176007 0.00534157998313185
1306044 0.00506044419454597
303176 0.00477930840596008
1547865 0.00477930840596008
1079425 0.00365476525161653
1122032 0.0022490863086871
190308 0.00253022209727298
1424723 0.00253022209727298
1046170 0.0022490863086871
28971 0.00337362946303064
1262825 0.00337362946303064
1343586 0.00506044419454597
14678 0.0022490863086871
1298060 0.0022490863086871
1390265 0.00730953050323306
1567768 0.00702839471464717
1272879 0.0022490863086871
1191820 0.00253022209727298
1307463 0.00590385156030363
29701 0.0042170368287883
1334253 0.0042170368287883
1249007 0.00196795052010121
1267077 0.00196795052010121
1022237 0.00168681473151532
143869 0.00112454315434355
1281924 0.0042170368287883
1037399 0.000562271577171774
381160 0.000843407365757661
14306 0.00674725892606129
1384445 0.0129322462749508
1284763 0.0106831599662637
1088012 0.0087152094461625
214953 0.0115265673320214
1027884 0.0115265673320214
447259 0.0118077031206073
1243072 0.00899634523474838
1472335 0.00787180208040484
1090175 0.0120888389091931
1474056 0.00477930840596008
1119980 0.0126511104863649
201933 0.00815293786899072
1249625 0.0250210851841439
1275811 0.0118077031206073
1402406 0.00815293786899072
1194072 0.00843407365757661
321573 0.00815293786899072
1000097 0.00674725892606129
1188775 0.00674725892606129
19484 0.00674725892606129
1157180 0.00506044419454597
1261265 0.00955861681192016
1300873 0.0129322462749508
1107878 0.0126511104863649
307304 0.0193983694124262
1161336 0.0104020241776778
1057835 0.0126511104863649
1118338 0.00702839471464717
1335646 0.0118077031206073
1354159 0.00449817261737419
1217607 0.00590385156030363
1097819 0.0129322462749508
1103094 0.0126511104863649
1421503 0.0101208883890919
146346 0.0104020241776778
1253115 0.0042170368287883
1160004 0.0129322462749508
1033951 0.0126511104863649
1328585 0.0104020241776778
183482 0.0104020241776778
1084145 0.0064661231374754
1490511 0.00927748102333427
1073680 0.00759066629181895
269267 0.0115265673320214
127723 0.0109642957548496
1037994 0.0115265673320214
1265630 0.00927748102333427
241975 0.012369974697779
1165707 0.0267078999156593
1355157 0.00843407365757661
1231783 0.00955861681192016
1450832 0.0104020241776778
1316328 0.0104020241776778
1468072 0.0101208883890919
1503217 0.0137756536407085
1343653 0.00787180208040484
1238433 0.019960640989598
1481076 0.00927748102333427
251029 0.00674725892606129
1414970 0.0118077031206073
1025670 0.0132133820635367
133894 0.0120888389091931
1593272 0.0120888389091931
24366 0.0109642957548496
1257238 0.0118077031206073
206928 0.0154624683722238
217148 0.012369974697779
1334656 0.0126511104863649
178892 0.012369974697779
1231479 0.0132133820635367
1507064 0.0267078999156593
1516766 0.0118077031206073
129213 0.0115265673320214
1336186 0.0112454315434355
10535 0.00983975260050604
1284323 0.0227719988754568
1198944 0.00365476525161653
1039740 0.0267078999156593
232133 0.0278324430700028
1340580 0.022490863086871
1313235 0.0213663199325274
1081479 0.00843407365757661
1360498 0.0247399493955581
1069156 0.012369974697779
1231390 0.022490863086871
1047910 0.0210851841439415
1137080 0.00309249367444476
151542 0.00927748102333427
1165956 0.0104020241776778
188413 0.00983975260050604
1547284 0.0112454315434355
1057439 0.0106831599662637
1080949 0.0104020241776778
1258923 0.0101208883890919
1380903 0.0134945178521226
1338620 0.0042170368287883
142591 0.0134945178521226
1488678 0.0109642957548496
106305 0.0258644925499016
1549007 0.0101208883890919
1216633 0.00955861681192016
1521875 0.0126511104863649
190473 0.0126511104863649
1432913 0.0120888389091931
1193925 0.00983975260050604
1186030 0.0118077031206073
1490539 0.00983975260050604
1342711 0.0106831599662637
122476 0.00562271577171774
1478628 0.00843407365757661
1402311 0.00815293786899072
1076297 0.0106831599662637
1129480 0.0129322462749508
1553335 0.0230531346640427
173198 0.0087152094461625
1566957 0.0087152094461625
1435003 0.00843407365757661
1204019 0.00843407365757661
1371865 0.0109642957548496
384547 0.0157436041608097
109026 0.0087152094461625
1580257 0.0112454315434355
1201198 0.0115265673320214
1137034 0.0236154062412145
1530448 0.0112454315434355
310061 0.0250210851841439
1102682 0.00927748102333427
1417713 0.00815293786899072
126366 0.00983975260050604
1044156 0.0118077031206073
1050452 0.0106831599662637
1511951 0.0137756536407085
1039631 0.0151813325836379
1220472 0.00393590104020242
1291102 0.00899634523474838
1584731 0.0126511104863649
1457505 0.012369974697779
1401547 0.0087152094461625
1065323 0.00899634523474838
1409337 0.0129322462749508
239714 0.0241776778183863
1303397 0.00534157998313185
1220197 0.0120888389091931
1076100 0.00674725892606129
1444517 0.0064661231374754
1075690 0.012369974697779
1036602 0.0109642957548496
1208876 0.0112454315434355
1362934 0.00562271577171774
1278488 0.0132133820635367
1153180 0.0115265673320214
1344147 0.00674725892606129
1362560 0.00590385156030363
166091 0.00843407365757661
106673 0.0115265673320214
1097418 0.0042170368287883
1040147 0.00955861681192016
159279 0.0112454315434355
1014791 0.0238965420298004
1276742 0.00506044419454597
1347665 0.0101208883890919
1172609 0.0118077031206073
1324778 0.0118077031206073
1576187 0.0064661231374754
138230 0.00590385156030363
29368 0.0132133820635367
1578110 0.0118077031206073
1580281 0.00759066629181895
1498777 0.00787180208040484
327376 0.00843407365757661
1328681 0.0118077031206073
1125378 0.012369974697779
1231437 0.0120888389091931
1067446 0.00618498734888951
1014803 0.0188360978352544
1435390 0.0118077031206073
1322070 0.0160247399493956
1251627 0.0126511104863649
1040832 0.0129322462749508
1309299 0.0146190610064661
1345916 0.00843407365757661
1213746 0.00815293786899072
110870 0.0120888389091931
257029 0.0120888389091931
116856 0.012369974697779
1524262 0.00365476525161653
1513671 0.00674725892606129
1019851 0.00674725892606129
130953 0.00590385156030363
1239832 0.00562271577171774
1391918 0.00449817261737419
167736 0.00702839471464717
1343612 0.0064661231374754
1019738 0.0042170368287883
1572304 0.00534157998313185
123352 0.00477930840596008
142016 0.0064661231374754
1356909 0.00618498734888951
195877 0.00506044419454597
1324541 0.00927748102333427
1451049 0.0132133820635367
1032252 0.0120888389091931
1181941 0.0132133820635367
1577487 0.0126511104863649
1156431 0.00899634523474838
1179841 0.0115265673320214
368357 0.0247399493955581
467210 0.00955861681192016
1092308 0.0118077031206073
304040 0.00843407365757661
1549429 0.0115265673320214
1521826 0.0120888389091931
101526 0.0115265673320214
1073065 0.0120888389091931
139039 0.0112454315434355
1153826 0.0143379252178802
1283907 0.0118077031206073
1223740 0.0115265673320214
157011 0.00393590104020242
293983 0.00759066629181895
1104745 0.00506044419454597
1533653 0.0134945178521226
1241227 0.00843407365757661
542446 0.00843407365757661
1014513 0.0064661231374754
125352 0.00843407365757661
28072 0.00337362946303064
1404887 0.00618498734888951
483631 0.00281135788585887
1067027 0.00309249367444476
1141860 0.00309249367444476
180089 0.0064661231374754
134123 0.00393590104020242
179053 0.00477930840596008
193218 0.00309249367444476
1330531 0.00449817261737419
1486371 0.00562271577171774
1442290 0.00309249367444476
1067380 0.00309249367444476
134676 0.0022490863086871
1237488 0.00365476525161653
1291774 0.00196795052010121
1257385 0.0022490863086871
1076438 0.00506044419454597
101390 0.0042170368287883
1112722 0.000843407365757661
256636 0.00590385156030363
1480256 0.0042170368287883
1504905 0.0042170368287883
1575896 0.00309249367444476
140454 0.00449817261737419
1331901 0.0042170368287883
1539730 0.00562271577171774
126052 0.00168681473151532
1423808 0.00196795052010121
223295 0.00506044419454597
1232562 0.00337362946303064
1015840 0.00253022209727298
1426034 0.00562271577171774
1544749 0.00253022209727298
1477940 0.00281135788585887
387848 0.0022490863086871
1572253 0.00393590104020242
1313359 0.00253022209727298
166008 0.0022490863086871
1343311 0.00337362946303064
1309339 0.00253022209727298
187361 0.00253022209727298
112817 0.00365476525161653
222309 0.00562271577171774
1059183 0.00140567894292943
1082267 0.00337362946303064
1285759 0.00337362946303064
371991 0.00196795052010121
147774 0.0022490863086871
1216259 0.0022490863086871
1495488 0.00506044419454597
206162 0.00365476525161653
1142510 0.00168681473151532
116922 0.00168681473151532
110598 0.00365476525161653
139581 0.00253022209727298
105927 0.00365476525161653
1324229 0.00449817261737419
250250 0.00590385156030363
322510 0.00393590104020242
1456229 0.00140567894292943
1103665 0.00393590104020242
1337124 0.00562271577171774
1016891 0.0042170368287883
125331 0.00196795052010121
277166 0.00337362946303064
437682 0.00449817261737419
1011781 0.00253022209727298
197701 0.00365476525161653
1327810 0.00365476525161653
1078931 0.00393590104020242
1495883 0.00337362946303064
126755 0.0022490863086871
26915 0.0042170368287883
305993 0.00196795052010121
1439340 0.00281135788585887
147503 0.00365476525161653
301705 0.0022490863086871
1173058 0.00393590104020242
17253 0.00618498734888951
1032206 0.00534157998313185
226766 0.00168681473151532
1373444 0.0022490863086871
1173326 0.0022490863086871
1521867 0.00393590104020242
1382567 0.00674725892606129
108764 0.00337362946303064
1109442 0.00253022209727298
1174848 0.00337362946303064
1004079 0.00337362946303064
1514637 0.00393590104020242
1423477 0.00309249367444476
1264793 0.00168681473151532
1247509 0.000843407365757661
1206902 0.00309249367444476
1097970 0.000843407365757661
1566727 0.000843407365757661
1184305 0.000843407365757661
1187334 0.00393590104020242
156548 0.0022490863086871
1006694 0.00281135788585887
1046292 0.00365476525161653
1379795 0.00253022209727298
1367195 0.00196795052010121
1205975 0.00253022209727298
1212992 0.00449817261737419
1047922 0.00449817261737419
280124 0.0022490863086871
1416206 0.00112454315434355
1184084 0.00365476525161653
1030935 0.0022490863086871
1124768 0.000843407365757661
1485552 0.00534157998313185
333662 0.00477930840596008
149378 0.00506044419454597
187739 0.00562271577171774
1210079 0.00618498734888951
1362165 0.0022490863086871
141955 0.00309249367444476
1422171 0.0022490863086871
128751 0.00393590104020242
135259 0.0042170368287883
1473819 0.00281135788585887
190415 0.00393590104020242
1178561 0.00112454315434355
1088048 0.0042170368287883
147099 0.00281135788585887
1173230 0.00393590104020242
1032742 0.00393590104020242
1102483 0.00562271577171774
1577069 0.00618498734888951
1545461 0.00393590104020242
1509057 0.00590385156030363
1280871 0.00281135788585887
1390903 0.0022490863086871
1020090 0.00196795052010121
164468 0.00534157998313185
1524709 0.0042170368287883
1471645 0.00449817261737419
1039580 0.0042170368287883
1196837 0.0022490863086871
1317979 0.00365476525161653
340316 0.00365476525161653
180677 0.00365476525161653
1404337 0.00393590104020242
202456 0.00393590104020242
1382593 0.0042170368287883
1424597 0.00365476525161653
349051 0.00477930840596008
1471782 0.00281135788585887
1049080 0.00365476525161653
1210224 0.0042170368287883
1290110 0.0042170368287883
1300800 0.00393590104020242
1233509 0.0042170368287883
149336 0.0042170368287883
1361972 0.0022490863086871
1230916 0.0022490863086871
1458450 0.0022490863086871
1145489 0.0022490863086871
1585007 0.00253022209727298
1288889 0.00253022209727298
1507642 0.0022490863086871
215210 0.00196795052010121
165217 0.00196795052010121
1457702 0.0022490863086871
1445883 0.0022490863086871
1095490 0.000843407365757661
262328 0.00253022209727298
1189423 0.00253022209727298
1060285 0.0120888389091931
13728 0.017430418892325
1237009 0.019960640989598
1492695 0.00983975260050604
1264580 0.0126511104863649
1573747 0.012369974697779
1196252 0.0160247399493956
114800 0.0202417767781839
186922 0.012369974697779
1126903 0.00983975260050604
1549980 0.0202417767781839
187754 0.017430418892325
174206 0.0185549620466685
1585643 0.00253022209727298
136563 0.0140567894292943
200905 0.00843407365757661
1457729 0.0146190610064661
1432286 0.0129322462749508
1242955 0.017430418892325
1259319 0.00534157998313185
1269406 0.0132133820635367
261401 0.019960640989598
1496973 0.0202417767781839
1000325 0.00674725892606129
1510886 0.0171492831037391
1232544 0.0115265673320214
1374147 0.00983975260050604
408135 0.0160247399493956
1062574 0.0168681473151532
181819 0.00562271577171774
1344740 0.0129322462749508
1059112 0.0129322462749508
464563 0.0196795052010121
1065337 0.0177115546809109
1528725 0.00843407365757661
1201384 0.00927748102333427
280931 0.0126511104863649
1309585 0.00899634523474838
321704 0.0106831599662637
1394602 0.0118077031206073
1538577 0.0112454315434355
1315948 0.012369974697779
1295213 0.0137756536407085
1542287 0.0101208883890919
1435000 0.0101208883890919
419786 0.0137756536407085
1000551 0.0134945178521226
1143891 0.0163058757379814
187989 0.00955861681192016
1301431 0.00983975260050604
1384664 0.00562271577171774
1021764 0.0146190610064661
106064 0.00140567894292943
1264857 0.00674725892606129
1458381 0.00196795052010121
1519936 0.0126511104863649
1435570 0.00983975260050604
388438 0.019960640989598
229969 0.0196795052010121
1223858 0.0193983694124262
222723 0.0157436041608097
1072995 0.0132133820635367
1306521 0.0129322462749508
1326991 0.0208040483553556
320981 0.0171492831037391
134693 0.0236154062412145
1437855 0.0129322462749508
1171069 0.00393590104020242
1376989 0.0202417767781839
1029795 0.0106831599662637
1515396 0.0104020241776778
1063374 0.0281135788585887
126271 0.0104020241776778
15050 0.0165870115265673
273879 0.0244588136069722
1165163 0.0216474557211133
1536382 0.0216474557211133
159049 0.0267078999156593
1121004 0.0185549620466685
253376 0.0238965420298004
1392321 0.0286758504357605
1236074 0.0244588136069722
1517527 0.0182738262580827
1263382 0.0146190610064661
1146341 0.012369974697779
1579713 0.014900196795052
43914 0.0129322462749508
1590064 0.00955861681192016
262892 0.0126511104863649
1129503 0.0134945178521226
265301 0.0154624683722238
1121141 0.0115265673320214
1379593 0.014900196795052
231108 0.0253022209727298
139056 0.0104020241776778
1388763 0.014900196795052
1515177 0.00702839471464717
460707 0.0143379252178802
1549112 0.0137756536407085
1096511 0.0134945178521226
1016463 0.0118077031206073
343300 0.0129322462749508
1114468 0.0143379252178802
1591127 0.0109642957548496
1223476 0.0188360978352544
1246155 0.0202417767781839
120521 0.0126511104863649
227628 0.0126511104863649
1013518 0.0115265673320214
1076130 0.00759066629181895
1574680 0.0115265673320214
1436974 0.0140567894292943
1333344 0.0106831599662637
1310214 0.0087152094461625
335424 0.00843407365757661
189660 0.0115265673320214
2004 0.0106831599662637
1012462 0.00843407365757661
345177 0.012369974697779
381332 0.0140567894292943
1425711 0.00674725892606129
1296643 0.0137756536407085
133604 0.0087152094461625
1545422 0.0104020241776778
267125 0.0129322462749508
190204 0.0134945178521226
1144572 0.0177115546809109
1199267 0.014900196795052
1522750 0.00449817261737419
1498479 0.0022490863086871
1089861 0.00983975260050604
1260190 0.0101208883890919
1159945 0.019960640989598
1387902 0.00927748102333427
1145907 0.0064661231374754
1505506 0.0196795052010121
1201890 0.012369974697779
270181 0.012369974697779
1385868 0.0104020241776778
1308726 0.0258644925499016
1487881 0.0129322462749508
1155274 0.00702839471464717
1442523 0.0143379252178802
188081 0.00759066629181895
132364 0.0129322462749508
1494922 0.0230531346640427
1470462 0.0222097272982851
1322750 0.0222097272982851
305348 0.0362665167275794
382452 0.0216474557211133
1345215 0.0213663199325274
1515334 0.0210851841439415
1209949 0.0101208883890919
1450990 0.0120888389091931
342496 0.00955861681192016
1326910 0.0151813325836379
1052874 0.0101208883890919
1348831 0.0112454315434355
162575 0.0185549620466685
1158374 0.0193983694124262
1255392 0.0238965420298004
1279743 0.0188360978352544
1494595 0.0104020241776778
340749 0.0219285915096992
265118 0.0230531346640427
1007754 0.00337362946303064
1251267 0.012369974697779
1467435 0.0112454315434355
1197600 0.00983975260050604
228510 0.0115265673320214
1211460 0.0109642957548496
1369359 0.0104020241776778
1340389 0.00927748102333427
1225863 0.0101208883890919
1466327 0.0087152094461625
1109044 0.00843407365757661
1383618 0.00674725892606129
204123 0.0151813325836379
423096 0.0112454315434355
294275 0.00730953050323306
174604 0.00759066629181895
1499237 0.00112454315434355
1143540 0.00815293786899072
121331 0.0137756536407085
1405180 0.0120888389091931
1329458 0.012369974697779
1296852 0.012369974697779
248220 0.0179926904694968
1238160 0.0151813325836379
104311 0.0146190610064661
1487158 0.0087152094461625
1526942 0.0191172336238403
1148319 0.0129322462749508
1462033 0.0129322462749508
347029 0.0129322462749508
1426017 0.0129322462749508
1150853 0.0193983694124262
109511 0.0129322462749508
25020 0.0140567894292943
1476832 0.0115265673320214
14217 0.0106831599662637
1535825 0.0151813325836379
1144945 0.0160247399493956
152768 0.0115265673320214
1040026 0.0120888389091931
141669 0.0177115546809109
1018420 0.0188360978352544
1347274 0.00730953050323306
1158111 0.0118077031206073
191652 0.00674725892606129
1194794 0.0120888389091931
140719 0.0163058757379814
1205830 0.00927748102333427
1528647 0.0157436041608097
1575568 0.0042170368287883
11287 0.00702839471464717
1438576 0.0154624683722238
106394 0.0140567894292943
197773 0.0126511104863649
1254464 0.0165870115265673
1089598 0.00674725892606129
1014696 0.00477930840596008
231134 0.0171492831037391
174470 0.00983975260050604
1267398 0.00534157998313185
1288448 0.00393590104020242
1122748 0.00759066629181895
1413375 0.0115265673320214
1091141 0.0120888389091931
1251721 0.014900196795052
1533352 0.0101208883890919
1453884 0.0160247399493956
240318 0.0137756536407085
1442085 0.000843407365757661
1520874 0.0165870115265673
1379925 0.0171492831037391
1308709 0.00506044419454597
1093747 0.0177115546809109
1532929 0.0115265673320214
1041054 0.0126511104863649
1156628 0.0171492831037391
1456408 0.0115265673320214
1259858 0.017430418892325
1307648 0.0115265673320214
1510043 0.00674725892606129
1222444 0.014900196795052
1178449 0.0182738262580827
1427845 0.00983975260050604
1299699 0.0300815293786899
1325703 0.0314872083216193
233957 0.0300815293786899
1437691 0.0129322462749508
1019879 0.0126511104863649
1239838 0.0331740230531347
1230116 0.0337362946303064
204112 0.0331740230531347
236641 0.0334551588417206
1463652 0.0328928872645488
1194276 0.0328928872645488
222903 0.0337362946303064
1532305 0.0328928872645488
1336725 0.0328928872645488
1155876 0.0326117514759629
1327446 0.0191172336238403
1191562 0.0219285915096992
1397978 0.0244588136069722
1256030 0.00899634523474838
350978 0.00899634523474838
1482791 0.0087152094461625
1027027 0.00983975260050604
1297202 0.00787180208040484
1401335 0.00702839471464717
1546098 0.0129322462749508
1010589 0.0106831599662637
1063656 0.00899634523474838
1198959 0.0132133820635367
291345 0.0216474557211133
1048439 0.0064661231374754
1577647 0.0132133820635367
1336853 0.0106831599662637
1160200 0.0283947146471746
1498029 0.0118077031206073
1497587 0.0269890357042451
179993 0.0168681473151532
1541911 0.0210851841439415
1266608 0.0185549620466685
194793 0.00365476525161653
22278 0.00899634523474838
139040 0.00337362946303064
110510 0.00955861681192016
228076 0.0146190610064661
1221743 0.0109642957548496
187743 0.0134945178521226
1246382 0.0255833567613157
1356899 0.00562271577171774
1244550 0.00365476525161653
1437990 0.00477930840596008
1188867 0.0140567894292943
1197684 0.00253022209727298
1218147 0.0165870115265673
1367116 0.0106831599662637
1546550 0.0157436041608097
1021828 0.0134945178521226
1164346 0.0140567894292943
1096123 0.00562271577171774
1158155 0.0320494798987911
510687 0.014900196795052
1252515 0.0185549620466685
275377 0.017430418892325
1384493 0.00281135788585887
1046699 0.00281135788585887
1394000 0.00899634523474838
1168511 0.00112454315434355
1132188 0.0120888389091931
1480701 0.00815293786899072
1586248 0.0140567894292943
1307623 0.0118077031206073
1096328 0.0087152094461625
1158132 0.0120888389091931
1163511 0.0106831599662637
1140758 0.00983975260050604
115324 0.00787180208040484
1546820 0.00168681473151532
1587818 0.0253022209727298
1323174 0.0146190610064661
1400224 0.0129322462749508
1396814 0.00253022209727298
286827 0.0208040483553556
1062226 0.0208040483553556
1070302 0.0134945178521226
276117 0.00702839471464717
1487499 0.0115265673320214
1314187 0.0134945178521226
1255580 0.0120888389091931
1289842 0.0244588136069722
1488180 0.0112454315434355
1248724 0.017430418892325
1081069 0.00843407365757661
1041221 0.0182738262580827
205120 0.00899634523474838
1360221 0.0109642957548496
1083370 0.0101208883890919
1423641 0.0193983694124262
1071460 0.00337362946303064
1395052 0.0244588136069722
252946 0.0109642957548496
1306992 0.0109642957548496
1052196 0.0253022209727298
1378147 0.0193983694124262
154448 0.0185549620466685
1514333 0.00927748102333427
1204693 0.0208040483553556
1003851 0.0101208883890919
1528699 0.0168681473151532
1545839 0.0255833567613157
1451993 0.0188360978352544
1311907 0.012369974697779
1482867 0.00281135788585887
1052991 0.0120888389091931
1045713 0.0120888389091931
1574189 0.00337362946303064
141266 0.0126511104863649
287462 0.0154624683722238
1400584 0.00787180208040484
1448682 0.0163058757379814
1015576 0.0179926904694968
1423113 0.0151813325836379
1225754 0.00309249367444476
1456052 0.00927748102333427
1471356 0.0109642957548496
1276480 0.0137756536407085
1197900 0.0101208883890919
1136405 0.0157436041608097
1115453 0.0129322462749508
1430604 0.0258644925499016
1143973 0.0126511104863649
278719 0.0233342704526286
1389712 0.00955861681192016
1523162 0.012369974697779
1014974 0.0191172336238403
1446837 0.00674725892606129
1001269 0.0283947146471746
1495902 0.014900196795052
1036034 0.0132133820635367
1147327 0.0126511104863649
1301864 0.0115265673320214
1263051 0.0151813325836379
1122180 0.00955861681192016
1573578 0.0171492831037391
1279347 0.00815293786899072
1544006 0.0326117514759629
1204041 0.0261456283384875
1158892 0.0115265673320214
205123 0.0140567894292943
1028823 0.0132133820635367
1005609 0.0143379252178802
1518048 0.00983975260050604
1193640 0.00759066629181895
1209637 0.012369974697779
1115665 0.00730953050323306
158438 0.00787180208040484
1140174 0.0109642957548496
1111893 0.0134945178521226
18296 0.00983975260050604
137627 0.0104020241776778
1159493 0.014900196795052
1471890 0.0106831599662637
1547749 0.0143379252178802
1439734 0.0269890357042451
1326618 0.019960640989598
203402 0.0264267641270734
1372739 0.0219285915096992
1461801 0.0264267641270734
1532176 0.0267078999156593
236096 0.0177115546809109
1070483 0.0264267641270734
1295401 0.0253022209727298
129682 0.0233342704526286
353259 0.0112454315434355
23027 0.0238965420298004
1263088 0.0106831599662637
1478841 0.0112454315434355
270277 0.00815293786899072
1537303 0.0104020241776778
1546106 0.00309249367444476
1179017 0.0106831599662637
278714 0.00927748102333427
1347133 0.0126511104863649
147473 0.0118077031206073
1108942 0.0132133820635367
1147695 0.012369974697779
186389 0.0120888389091931
1206469 0.0101208883890919
1173390 0.0118077031206073
255519 0.0213663199325274
1301935 0.0134945178521226
1531501 0.0230531346640427
1568533 0.0230531346640427
1509822 0.00983975260050604
330082 0.0160247399493956
1344141 0.0216474557211133
1575488 0.0168681473151532
1559295 0.00506044419454597
1194977 0.017430418892325
1100715 0.0202417767781839
1573211 0.0168681473151532
15395 0.00702839471464717
1383255 0.0222097272982851
1018144 0.0165870115265673
1017146 0.0177115546809109
1569837 0.0208040483553556
1463965 0.00168681473151532
159577 0.0196795052010121
1152742 0.0227719988754568
1457770 0.0250210851841439
1183827 0.0255833567613157
1131353 0.0317683441102052
1213477 0.0264267641270734
116289 0.0247399493955581
1317405 0.0253022209727298
1561941 0.00815293786899072
443613 0.0236154062412145
104397 0.0222097272982851
1262074 0.0236154062412145
1104998 0.0230531346640427
1291352 0.0241776778183863
210730 0.0112454315434355
1005669 0.00899634523474838
1167707 0.00590385156030363
251729 0.0202417767781839
1036216 0.0202417767781839
1383185 0.00506044419454597
1525108 0.0120888389091931
226794 0.0222097272982851
310430 0.00843407365757661
1165878 0.00449817261737419
1455969 0.00393590104020242
1453853 0.0126511104863649
1040031 0.0106831599662637
1557392 0.00927748102333427
1271773 0.00702839471464717
1443075 0.00899634523474838
1294058 0.0126511104863649
1272325 0.0143379252178802
1253974 0.00477930840596008
250164 0.0171492831037391
1012612 0.00449817261737419
108694 0.0143379252178802
1279381 0.00759066629181895
1159222 0.00702839471464717
1092851 0.00730953050323306
1281202 0.00702839471464717
1185643 0.00393590104020242
1351562 0.0109642957548496
1081441 0.012369974697779
1413731 0.0244588136069722
380030 0.00590385156030363
1020109 0.0112454315434355
1488075 0.0129322462749508
1259378 0.00899634523474838
346981 0.00702839471464717
1510854 0.00730953050323306
111377 0.00534157998313185
174023 0.00730953050323306
1197479 0.0134945178521226
1033841 0.0154624683722238
1252673 0.00281135788585887
15479 0.0132133820635367
131250 0.0129322462749508
144991 0.00477930840596008
1550798 0.0109642957548496
1363059 0.00534157998313185
1152753 0.0137756536407085
1220547 0.0168681473151532
180223 0.0154624683722238
1431488 0.00281135788585887
1328606 0.0137756536407085
1233007 0.00815293786899072
1290367 0.0233342704526286
1292907 0.012369974697779
1536001 0.00787180208040484
1363389 0.0179926904694968
118220 0.00815293786899072
1408465 0.00730953050323306
1549118 0.00702839471464717
285586 0.00843407365757661
1476415 0.0115265673320214
11646 0.0191172336238403
1558984 0.0109642957548496
295751 0.0101208883890919
35225 0.0120888389091931
109376 0.00815293786899072
1301663 0.00787180208040484
1532845 0.0168681473151532
1020642 0.00815293786899072
143835 0.0087152094461625
1149542 0.0126511104863649
1140383 0.00702839471464717
16842 0.00562271577171774
102519 0.00618498734888951
127302 0.0126511104863649
1521621 0.00702839471464717
1567710 0.0134945178521226
1093999 0.0157436041608097
1012497 0.0129322462749508
1354648 0.0177115546809109
1424636 0.014900196795052
1301467 0.0143379252178802
1282222 0.00843407365757661
1096926 0.0118077031206073
1288476 0.0087152094461625
1061916 0.0126511104863649
1530859 0.0168681473151532
1049249 0.0238965420298004
226016 0.0168681473151532
1048488 0.0146190610064661
1012719 0.00787180208040484
1087460 0.00393590104020242
25990 0.0171492831037391
1419031 0.0191172336238403
1520503 0.0087152094461625
1311938 0.00899634523474838
242914 0.00899634523474838
1065325 0.0064661231374754
1149148 0.0193983694124262
1063970 0.0188360978352544
1088953 0.0222097272982851
1397110 0.00618498734888951
1391654 0.0151813325836379
162219 0.00674725892606129
410610 0.00843407365757661
1075625 0.00702839471464717
1288224 0.0196795052010121
1237155 0.0118077031206073
1255507 0.0216474557211133
1534322 0.0126511104863649
1444667 0.00815293786899072
1413290 0.00843407365757661
1125988 0.00843407365757661
1229264 0.0179926904694968
1239286 0.0188360978352544
195345 0.00506044419454597
1324216 0.00815293786899072
2252 0.00843407365757661
210777 0.0087152094461625
208246 0.0087152094461625
1303993 0.0132133820635367
34740 0.0087152094461625
1353010 0.00702839471464717
1431769 0.00702839471464717
1154999 0.00843407365757661
1286017 0.012369974697779
1223614 0.00702839471464717
1021727 0.0140567894292943
1193812 0.00506044419454597
101307 0.00393590104020242
175606 0.00815293786899072
1210896 0.00618498734888951
1115388 0.00702839471464717
1250475 0.00365476525161653
1243090 0.00365476525161653
1481599 0.00730953050323306
1307751 0.00730953050323306
1323096 0.00815293786899072
23126 0.00759066629181895
1441997 0.00787180208040484
1035974 0.00787180208040484
1129445 0.0168681473151532
1074586 0.0160247399493956
1539994 0.0160247399493956
1536520 0.0160247399493956
1398359 0.0151813325836379
1431150 0.00590385156030363
223250 0.00618498734888951
1537866 0.00843407365757661
1526772 0.00843407365757661
1022222 0.00702839471464717
1325553 0.00730953050323306
108555 0.00590385156030363
1080652 0.0087152094461625
1578599 0.00927748102333427
1134853 0.0146190610064661
209306 0.012369974697779
1122088 0.012369974697779
1235868 0.0109642957548496
1476112 0.0146190610064661
1417464 0.014900196795052
1292160 0.0227719988754568
129420 0.0143379252178802
1443955 0.0101208883890919
146353 0.022490863086871
1332315 0.0118077031206073
1233082 0.0126511104863649
445049 0.00562271577171774
1048390 0.00618498734888951
1511012 0.0151813325836379
1051181 0.0219285915096992
1560756 0.014900196795052
1389020 0.00534157998313185
1059731 0.0126511104863649
1305766 0.0115265673320214
1151555 0.0143379252178802
1419261 0.00702839471464717
1573671 0.00702839471464717
1332664 0.00702839471464717
322627 0.00702839471464717
131298 0.014900196795052
1499116 0.0112454315434355
1398257 0.0146190610064661
128158 0.00365476525161653
1516330 0.00449817261737419
1156054 0.00815293786899072
1547018 0.0143379252178802
1439511 0.00590385156030363
1002293 0.014900196795052
1349994 0.0042170368287883
199194 0.0115265673320214
1451790 0.0087152094461625
1545888 0.00899634523474838
1421590 0.00674725892606129
1285920 0.0163058757379814
1299728 0.00730953050323306
1351796 0.0064661231374754
1390969 0.0112454315434355
1376803 0.0151813325836379
1589610 0.00983975260050604
202722 0.00955861681192016
123188 0.0104020241776778
144140 0.0154624683722238
225094 0.00702839471464717
1271711 0.012369974697779
1347789 0.00590385156030363
1489318 0.0064661231374754
1132046 0.0104020241776778
1321785 0.0112454315434355
1038922 0.0151813325836379
1425681 0.0118077031206073
1474124 0.0101208883890919
207235 0.014900196795052
1411551 0.0126511104863649
1027926 0.0087152094461625
1274525 0.0112454315434355
1248174 0.0151813325836379
1297016 0.00506044419454597
132554 0.0120888389091931
1362397 0.0137756536407085
1279749 0.0106831599662637
279890 0.0247399493955581
1118395 0.0219285915096992
1081515 0.00843407365757661
1575445 0.00899634523474838
1093033 0.00955861681192016
1358286 0.0109642957548496
1492910 0.0112454315434355
146381 0.0182738262580827
1422187 0.0118077031206073
153949 0.00899634523474838
1225424 0.00759066629181895
11607 0.014900196795052
1172879 0.0179926904694968
1169683 0.0146190610064661
1354434 0.0163058757379814
1477611 0.00281135788585887
1515212 0.00562271577171774
1541960 0.0140567894292943
1314363 0.0112454315434355
190789 0.00955861681192016
217933 0.0227719988754568
1278875 0.0193983694124262
275093 0.0210851841439415
1300953 0.0193983694124262
1475673 0.0193983694124262
1465410 0.0196795052010121
1520346 0.0210851841439415
1353491 0.0202417767781839
14925 0.0208040483553556
1140528 0.0191172336238403
1335643 0.0196795052010121
291259 0.00815293786899072
1360782 0.0064661231374754
1034919 0.0101208883890919
1257940 0.00983975260050604
1506135 0.0087152094461625
147544 0.0118077031206073
1132199 0.00927748102333427
1272078 0.0140567894292943
1350828 0.0193983694124262
197726 0.0115265673320214
184711 0.00955861681192016
1257225 0.0168681473151532
1493173 0.0132133820635367
1306453 0.0196795052010121
410526 0.0196795052010121
1112993 0.0140567894292943
1129741 0.00168681473151532
1538116 0.0132133820635367
1196094 0.00759066629181895
147022 0.0101208883890919
1483416 0.00787180208040484
1503467 0.012369974697779
1411290 0.0191172336238403
1005568 0.00983975260050604
1553101 0.00562271577171774
261903 0.0109642957548496
1521787 0.00562271577171774
1243109 0.0132133820635367
1109178 0.0106831599662637
1406495 0.014900196795052
1144668 0.0137756536407085
1582785 0.00562271577171774
1432115 0.00618498734888951
1159609 0.0134945178521226
1516884 0.00337362946303064
211728 0.0087152094461625
1020887 0.00843407365757661
1255859 0.0132133820635367
192988 0.0188360978352544
1537236 0.0188360978352544
1496507 0.0185549620466685
1148506 0.0143379252178802
100903 0.0154624683722238
1450221 0.0179926904694968
1148767 0.0163058757379814
1415691 0.0171492831037391
1250283 0.0140567894292943
208019 0.0132133820635367
1405453 0.00562271577171774
1193577 0.0104020241776778
1591307 0.0109642957548496
219087 0.0120888389091931
1546442 0.000562271577171774
1037294 0.00843407365757661
100740 0.00759066629181895
135022 0.000843407365757661
1274699 0.00730953050323306
1420546 0.0109642957548496
1253850 0.00477930840596008
305607 0.00562271577171774
325683 0.0104020241776778
1253852 0.00477930840596008
1553415 0.0126511104863649
1346657 0.000281135788585887
1345693 0.0109642957548496
252818 0.0087152094461625
255630 0.00899634523474838
229186 0.0106831599662637
1338740 0.00140567894292943
177811 0.00618498734888951
161960 0.00759066629181895
261580 0.00393590104020242
1044994 0.00112454315434355
1266199 0.00590385156030363
1449349 0.00506044419454597
1148105 0.00787180208040484
1366219 0.00955861681192016
1073941 0.00562271577171774
426272 0.00674725892606129
1009218 0.0101208883890919
1402036 0.0064661231374754
1231129 0.0140567894292943
1357711 0.00759066629181895
349146 0.00562271577171774
170804 0.0118077031206073
1593220 0.0126511104863649
123343 0.012369974697779
1432928 0.00759066629181895
153743 0.0126511104863649
1361983 0.012369974697779
1424702 0.0126511104863649
1113803 0.00590385156030363
1169188 0.012369974697779
1454844 0.0115265673320214
112205 0.00562271577171774
260806 0.00393590104020242
155674 0.012369974697779
1006803 0.00787180208040484
166976 0.0126511104863649
1546313 0.0118077031206073
141580 0.00618498734888951
1284388 0.00899634523474838
1524038 0.00562271577171774
1377874 0.00562271577171774
1113967 0.00787180208040484
104490 0.000562271577171774
196240 0.00534157998313185
1544836 0.0134945178521226
208341 0.00730953050323306
404401 0.0120888389091931
123360 0.00730953050323306
1515660 0.00590385156030363
1095417 0.00674725892606129
1439559 0.000562271577171774
1295084 0.00253022209727298
114273 0.0109642957548496
1507258 0.00618498734888951
154272 0.00702839471464717
1310340 0.00168681473151532
1511617 0.0151813325836379
1266400 0.00759066629181895
1280869 0.00196795052010121
296283 0.0132133820635367
1383882 0.0115265673320214
1183918 0.00955861681192016
113328 0.0042170368287883
1567139 0.00674725892606129
189967 0.0042170368287883
1385907 0.0134945178521226
1196424 0.0120888389091931
186001 0.00506044419454597
1570185 0.0064661231374754
1478436 0.00112454315434355
1236736 0.0129322462749508
1364918 0.0132133820635367
1211726 0.0115265673320214
109697 0.00787180208040484
1159892 0.00759066629181895
127246 0.00309249367444476
1192867 0.0022490863086871
1244644 0.00702839471464717
1472737 0.00618498734888951
1003085 0.00759066629181895
1214541 0.00759066629181895
1149958 0.00955861681192016
1449357 0.0104020241776778
1050492 0.0129322462749508
1500669 0.0064661231374754
1384129 0.00702839471464717
1022284 0.00787180208040484
1450861 0.00674725892606129
1154767 0.00759066629181895
1338715 0.00590385156030363
1490505 0.00506044419454597
1512642 0.00562271577171774
1559269 0.00983975260050604
386194 0.0104020241776778
1245804 0.0112454315434355
1215309 0.00449817261737419
1083630 0.00309249367444476
299283 0.00506044419454597
255256 0.00927748102333427
232099 0.00477930840596008
441642 0.00787180208040484
165977 0.0042170368287883
1160151 0.00590385156030363
1326687 0.00562271577171774
1050543 0.00618498734888951
155023 0.00534157998313185
1418910 0.00730953050323306
10876 0.00759066629181895
1236706 0.0064661231374754
1567339 0.00562271577171774
29138 0.00562271577171774
1151164 0.00281135788585887
1462312 0.00562271577171774
1024858 0.00702839471464717
1040423 0.00562271577171774
1119355 0.00674725892606129
151004 0.00281135788585887
1090619 0.00112454315434355
1430793 0.00168681473151532
1544759 0.0132133820635367
1579926 0.0104020241776778
140877 0.0179926904694968
1069597 0.00674725892606129
385473 0.0042170368287883
1207743 0.0146190610064661
1514808 0.0064661231374754
284342 0.0104020241776778
1477259 0.0188360978352544
1069261 0.0196795052010121
1302258 0.0064661231374754
1129748 0.00618498734888951
1287938 0.0230531346640427
1418128 0.0193983694124262
1115842 0.0188360978352544
1019816 0.0129322462749508
1033020 0.00449817261737419
1430865 0.00337362946303064
1400874 0.00506044419454597
1001346 0.00927748102333427
148763 0.0132133820635367
1142740 0.0134945178521226
164869 0.0137756536407085
1242329 0.0134945178521226
181958 0.00365476525161653
1283667 0.0087152094461625
1244074 0.0193983694124262
1042588 0.0241776778183863
1163972 0.0101208883890919
1355216 0.0112454315434355
1347574 0.0064661231374754
1545531 0.0064661231374754
1320532 0.022490863086871
142407 0.0216474557211133
1349123 0.0193983694124262
1466170 0.0202417767781839
1234307 0.00534157998313185
1339331 0.0230531346640427
1105664 0.00702839471464717
1412253 0.00674725892606129
1208372 0.0129322462749508
301612 0.0188360978352544
1238810 0.0193983694124262
1529680 0.0118077031206073
347854 0.00618498734888951
1118328 0.0193983694124262
1045383 0.0238965420298004
1028849 0.0064661231374754
1038687 0.0193983694124262
1109025 0.0205229125667697
143144 0.0191172336238403
1034041 0.0191172336238403
1186778 0.0177115546809109
1433117 0.0196795052010121
1343993 0.0238965420298004
1149650 0.0154624683722238
1104372 0.0177115546809109
1488491 0.0222097272982851
1271351 0.019960640989598
1568316 0.0134945178521226
1446562 0.0227719988754568
1557666 0.0216474557211133
155828 0.0236154062412145
1440131 0.0241776778183863
1171840 0.0241776778183863
1460287 0.0233342704526286
1016612 0.0193983694124262
1081483 0.00562271577171774
1487626 0.00618498734888951
1171769 0.00730953050323306
1423452 0.012369974697779
222242 0.00983975260050604
1410441 0.0118077031206073
1230868 0.00674725892606129
294426 0.0208040483553556
1405675 0.0134945178521226
245754 0.0188360978352544
1429632 0.00477930840596008
1017640 0.0208040483553556
152498 0.0193983694124262
1146801 0.0210851841439415
1569401 0.019960640989598
233550 0.0132133820635367
142771 0.0109642957548496
1500425 0.0163058757379814
18558 0.0202417767781839
109405 0.0115265673320214
378092 0.017430418892325
1411945 0.0188360978352544
1460193 0.0185549620466685
1330964 0.0182738262580827
1541884 0.0208040483553556
1270072 0.0202417767781839
1426904 0.0202417767781839
1196760 0.0196795052010121
134211 0.0151813325836379
125643 0.0193983694124262
1509819 0.0188360978352544
1107070 0.0191172336238403
293151 0.0227719988754568
1253557 0.019960640989598
164261 0.0165870115265673
1411129 0.0193983694124262
133713 0.0202417767781839
1175128 0.0188360978352544
1547102 0.0208040483553556
1312259 0.017430418892325
217203 0.0188360978352544
107936 0.0213663199325274
1280604 0.0193983694124262
1067984 0.0134945178521226
1451371 0.0222097272982851
1525689 0.0208040483553556
1023322 0.022490863086871
247756 0.0233342704526286
1591713 0.0137756536407085
2017 0.0154624683722238
1557132 0.0205229125667697
160999 0.0064661231374754
1441358 0.0191172336238403
1191487 0.0168681473151532
1381182 0.0177115546809109
1390208 0.022490863086871
10426 0.022490863086871
125950 0.00787180208040484
1182879 0.019960640989598
1494147 0.0205229125667697
1001080 0.019960640989598
1579760 0.019960640989598
1402872 0.0205229125667697
1304728 0.0132133820635367
1103425 0.0064661231374754
1083215 0.00955861681192016
1369642 0.0213663199325274
1326062 0.00253022209727298
1354623 0.0230531346640427
274596 0.0241776778183863
1406180 0.0230531346640427
1254220 0.0230531346640427
1340402 0.0160247399493956
1255676 0.0222097272982851
353060 0.0230531346640427
1042208 0.0112454315434355
199792 0.0222097272982851
1290647 0.0143379252178802
317506 0.0210851841439415
192011 0.022490863086871
1295359 0.0230531346640427
1447040 0.0236154062412145
1210140 0.0230531346640427
1324105 0.0227719988754568
1398464 0.0236154062412145
219752 0.0146190610064661
5786821411026593 0.0137756536407085
5786821412026461 0.0115265673320214
5786821411027128 0.0132133820635367
5786821411022322 0.014900196795052
345848 0.0126511104863649
1248113 0.0227719988754568
1149993 0.022490863086871
1540415 0.0137756536407085
179106 0.0219285915096992
1383713 0.0104020241776778
5786821412028092 0.000843407365757661
1468500 0.0191172336238403
231725 0.0202417767781839
1482933 0.0219285915096992
1433590 0.0179926904694968
121037 0.00590385156030363
1131262 0.00618498734888951
1544922 0.00140567894292943
1568126 0.017430418892325
253402 0.0222097272982851
1436852 0.0064661231374754
1150001 0.0219285915096992
1170672 0.0216474557211133
1265428 0.00899634523474838
1370730 0.0222097272982851
1561322 0.0213663199325274
1409551 0.022490863086871
1457931 0.0222097272982851
1201431 0.00843407365757661
118328 0.0222097272982851
1108569 0.0140567894292943
1518358 0.0140567894292943
1475562 0.0126511104863649
1271199 0.0208040483553556
1563978 0.0179926904694968
1399785 0.0213663199325274
1254574 0.0222097272982851
1559291 0.0165870115265673
1223611 0.0163058757379814
1360577 0.0241776778183863
1212973 0.00843407365757661
317770 0.00674725892606129
1311873 0.00702839471464717
150061 0.0134945178521226
1209063 0.0244588136069722
208512 0.00730953050323306
223346 0.00843407365757661
1439442 0.00787180208040484
1093855 0.00759066629181895
1471777 0.00815293786899072
1517183 0.00702839471464717
241788 0.0219285915096992
1415372 0.0222097272982851
1157705 0.0157436041608097
107238 0.00702839471464717
1283179 0.0191172336238403
1507902 0.00674725892606129
1007600 0.017430418892325
172618 0.00674725892606129
1005795 0.0165870115265673
181881 0.0163058757379814
1352511 0.0143379252178802
1182550 0.0140567894292943
1322805 0.00899634523474838
1054607 0.0101208883890919
1576214 0.0160247399493956
1442503 0.0168681473151532
101270 0.0140567894292943
1094439 0.0143379252178802
1328244 0.0140567894292943
1415239 0.014900196795052
309581 0.0129322462749508
1040834 0.0151813325836379
1081432 0.0163058757379814
1290601 0.0160247399493956
1550588 0.0140567894292943
1340491 0.0157436041608097
1516277 0.0140567894292943
310277 0.0163058757379814
1097980 0.00365476525161653
115396 0.0146190610064661
1184763 0.0168681473151532
1023071 0.00534157998313185
1097078 0.0140567894292943
1338320 0.0165870115265673
1313688 0.0171492831037391
1214601 0.0143379252178802
1272472 0.0112454315434355
568780 0.00337362946303064
116158 0.012369974697779
1277495 0.00393590104020242
1368539 0.0168681473151532
1027771 0.00253022209727298
1307600 0.00196795052010121
1524581 0.0143379252178802
1032231 0.0064661231374754
5786821411025693 0.00449817261737419
5786821412027444 0.0140567894292943
5786821411023754 0.0168681473151532
5786821411029962 0.0134945178521226
1366374 0.0064661231374754
1536548 0.0168681473151532
1452417 0.0165870115265673
1170611 0.0165870115265673
16390 0.0042170368287883
302627 0.00815293786899072
1073969 0.0163058757379814
1005112 0.00730953050323306
1321557 0.00702839471464717
410243 0.0160247399493956
1001676 0.0157436041608097
1308418 0.00534157998313185
1387844 0.00506044419454597
1495589 0.0165870115265673
27317 0.0112454315434355
1110310 0.00337362946303064
1230364 0.00309249367444476
1078779 0.00393590104020242
255200 0.00590385156030363
1458417 0.00365476525161653
1281618 0.00168681473151532
1307422 0.000281135788585887
1508806 0.00281135788585887
1037258 0.00253022209727298
1251486 0.00196795052010121
308856 0.00140567894292943
1261564 0.00112454315434355
1113453 0.00112454315434355
1309271 0.000843407365757661
1436752 0.00112454315434355
1386581 0.0022490863086871
176512 0.00112454315434355
1255949 0.000562271577171774
1155710 0.000281135788585887
370241 0.00168681473151532
1303796 0.000843407365757661
1134094 0.00112454315434355
164200 0.00196795052010121
274588 0.0022490863086871
1177085 0.00168681473151532
1036883 0.000562271577171774
381781 0.000843407365757661
1307103 0.000562271577171774
1215717 0.00140567894292943
305278 0.000562271577171774
183994 0.0064661231374754
1471384 0.000562271577171774
118775 0.00253022209727298
1364975 0.00168681473151532
14676 0.000843407365757661
1583265 0.00140567894292943
340364 0.00112454315434355
1265617 0.00253022209727298
1303520 0.00140567894292943
274016 0.00112454315434355
1098325 0.000843407365757661
149692 0.000562271577171774
108493 0.000281135788585887
211174 0.000281135788585887
36505 0.000562271577171774
1118742 0.00309249367444476
1046721 0.000843407365757661
1513967 0.0022490863086871
1025019 0.00112454315434355
1535222 0.00449817261737419
1387953 0.00506044419454597
19466 0.00112454315434355
1267254 0.000843407365757661
1049840 0.00140567894292943
1456316 0.000843407365757661
1321708 0.00140567894292943
1124931 0.000281135788585887
1148691 0.000562271577171774
1380592 0.00365476525161653
240692 0.00168681473151532
1141632 0.00112454315434355
1137647 0.00112454315434355
1363225 0.00309249367444476
1222877 0.00253022209727298
1220433 0.00168681473151532
1374277 0.00112454315434355
1178874 0.00112454315434355
106310 0.000843407365757661
279873 0.0042170368287883
102308 0.00140567894292943
1461958 0.000843407365757661
158091 0.000281135788585887
1518765 0.00253022209727298
1092025 0.00309249367444476
1059439 0.00393590104020242
1313832 0.0042170368287883
1174189 0.00168681473151532
226278 0.00253022209727298
1221073 0.00112454315434355
1305979 0.00168681473151532
235182 0.00112454315434355
1163854 0.00196795052010121
199087 0.000843407365757661
189988 0.00112454315434355
1566214 0.000562271577171774
1504909 0.00281135788585887
1400574 0.00759066629181895
1134277 0.00281135788585887
1331789 0.00196795052010121
1198151 0.00112454315434355
1099130 0.000843407365757661
1592409 0.0042170368287883
1277939 0.00196795052010121
1299486 0.00112454315434355
1011958 0.0022490863086871
1005444 0.00196795052010121
1551263 0.00112454315434355
135528 0.000843407365757661
1065174 0.00196795052010121
1422448 0.00253022209727298
23986 0.00309249367444476
1227158 0.00281135788585887
232588 0.0022490863086871
127551 0.00337362946303064
1075928 0.00393590104020242
1046243 0.00365476525161653
1316850 0.00449817261737419
1581563 0.00281135788585887
1332280 0.00309249367444476
1290715 0.0022490863086871
1257739 0.000843407365757661
1392078 0.0022490863086871
1317495 0.00253022209727298
1464379 0.000843407365757661
1239234 0.00365476525161653
1161983 0.022490863086871
276586 0.0160247399493956
19492 0.00730953050323306
1551153 0.00196795052010121
1217758 0.000281135788585887
1515031 0.00309249367444476
1525824 0.00168681473151532
317365 0.00112454315434355
214862 0.000843407365757661
1532353 0.00787180208040484
12292 0.0064661231374754
152856 0.00843407365757661
253885 0.00618498734888951
1292898 0.00759066629181895
1489884 0.00618498734888951
100015 0.00590385156030363
1050100 0.00477930840596008
181087 0.00759066629181895
1093919 0.00168681473151532
1086108 0.0101208883890919
1386726 0.00365476525161653
1378744 0.00534157998313185
1225327 0.00730953050323306
190554 0.00253022209727298
1396580 0.000562271577171774
1579426 0.000281135788585887
166511 0.000281135788585887
1766 0.0022490863086871
1348640 0.0022490863086871
1496409 0.00393590104020242
1237553 0.00253022209727298
1322164 0.00281135788585887
1209900 0.00168681473151532
1192297 0.00112454315434355
200223 0.000843407365757661
1108502 0.0042170368287883
157817 0.0101208883890919
1268386 0.00562271577171774
398052 0.00140567894292943
1435978 0.0042170368287883
1319992 0.00337362946303064
1533320 0.00309249367444476
1499973 0.00393590104020242
1468224 0.000562271577171774
1120257 0.00281135788585887
122724 0.00337362946303064
1048851 0.00196795052010121
1501211 0.00168681473151532
1323439 0.00534157998313185
1136972 0.00309249367444476
1107058 0.000562271577171774
1251009 0.0022490863086871
1112725 0.00337362946303064
1393782 0.00112454315434355
1091080 0.000562271577171774
1576185 0.0236154062412145
1393214 0.0146190610064661
1325043 0.00196795052010121
167272 0.00168681473151532
312525 0.00196795052010121
143006 0.00168681473151532
1427191 0.00196795052010121
1406185 0.00365476525161653
1386195 0.00674725892606129
1320478 0.00281135788585887
1199660 0.00337362946303064
212298 0.00140567894292943
1317273 0.00196795052010121
1229936 0.00393590104020242
1089770 0.00253022209727298
26625 0.00477930840596008
245064 0.000281135788585887
354610 0.000281135788585887
1283528 0.00196795052010121
1059866 0.00140567894292943
1489818 0.000843407365757661
192907 0.000843407365757661
1378074 0.000562271577171774
1405114 0.00787180208040484
1011706 0.0104020241776778
1140518 0.00281135788585887
1145636 0.00337362946303064
1333241 0.00309249367444476
111580 0.00477930840596008
177744 0.000843407365757661
1140748 0.0022490863086871
1081308 0.0042170368287883
1319831 0.0042170368287883
10913 0.0022490863086871
1017594 0.00393590104020242
111826 0.00281135788585887
158049 0.0042170368287883
1130497 0.00140567894292943
1457982 0.0022490863086871
1129819 0.000843407365757661
1321947 0.00196795052010121
1365009 0.00112454315434355
1368317 0.00196795052010121
269065 0.0022490863086871
289829 0.00196795052010121
326788 0.00168681473151532
266606 0.00168681473151532
1105818 0.00281135788585887
1084710 0.000843407365757661
148360 0.000562271577171774
1459213 0.0022490863086871
1335361 0.000562271577171774
1248270 0.00674725892606129
1515563 0.00899634523474838
1463319 0.0118077031206073
1114981 0.0163058757379814
1338811 0.00955861681192016
1183060 0.00253022209727298
1517143 0.0022490863086871
176019 0.000843407365757661
155160 0.00253022209727298
1108093 0.0087152094461625
1387486 0.00674725892606129
1413385 0.000562271577171774
1106159 0.000281135788585887
1108853 0.0126511104863649
1446128 0.0129322462749508
1459582 0.0112454315434355
1291980 0.0022490863086871
1229344 0.00140567894292943
1424608 0.000281135788585887
1585590 0.00702839471464717
176020 0.012369974697779
1185437 0.012369974697779
1051968 0.0112454315434355
1422402 0.00787180208040484
205440 0.00590385156030363
1203677 0.00955861681192016
1124355 0.0042170368287883
1252370 0.0146190610064661
118313 0.0022490863086871
1317764 0.00955861681192016
1175492 0.0064661231374754
1507310 0.00787180208040484
106963 0.00534157998313185
256906 0.00815293786899072
159517 0.0109642957548496
1317803 0.00702839471464717
1275309 0.00365476525161653
22219 0.0112454315434355
1210197 0.00477930840596008
1233761 0.000562271577171774
1023709 0.000562271577171774
120783 0.000843407365757661
1445720 0.00449817261737419
1557588 0.0134945178521226
1433673 0.0087152094461625
286962 0.00309249367444476
5786821411022183 0.00140567894292943
1027480 0.0236154062412145
1358273 0.0104020241776778
129572 0.0165870115265673
2449133523026789 0.00393590104020242
1407663 0.00787180208040484
135901 0.00562271577171774
