0.000254979250314434
0.00633221680730953
0.00258425052452977
4.01079674702553e-05
0.0104006432513422
0.00109548647705327
0.00032947260235335
2.72123143753232e-05
9.66354891087176e-05
0.000115821146581734
0.000123401591476661
0.00140363546643282
0.000736302349849032
6.82020725354784e-05
0.0007439465030601
0.000686337481406319
6.51003751006917e-05
0.0011270572152386
0.0508021302406152
3.64260298380931e-05
1.85678032409424e-05
0.000172887306584074
0.000150227351967494
0.000343773321949112
5.49124272448755e-05
0.00070033624585778
0.000413238637474341
0.000445196299938983
0.000935929833418595
0.00673203979389009
7.63023597739372e-05
1.37848629518362e-05
3.26805552927575e-05
6.18786793330949e-05
0.000169453730829233
0.000116950096132985
0.000137740145192994
0.000622142417900421
8.15284869062866e-05
4.3016646161681e-06
0
0.00281630289238132
0
0.00277500800347925
9.44085300637892e-05
5.43018682070593e-05
1.69703631156507e-05
0.000644952098235553
1.13110905398298e-05
1.59559878674999e-05
0.0012712049253255
2.76647006272776e-05
0.00252213389724795
0.000969302010695622
0.000144035099902987
0.000779489833989448
0.00916903340428813
0.0116922539024607
0.00111280266092801
0.000139479270737557
0.000361844560486073
0.00187129241460531
0.00975967353538182
8.53963155804773e-06
8.99582292603394e-05
0.000739759484332606
2.69112737014986e-05
0.000489965137903959
2.23153061724019e-05
3.85400307041591e-05
0.000130159214778626
5.95481174380733e-05
0.000154764472714879
0.00165730440435925
0.000783964261585737
0.000389856353198774
0.00132990992946839
0.00363157511416163
0.0529319424575874
0.00156651115097563
6.94708510476868e-05
4.23959598321489e-05
0.000910885351423274
0.00736034620907048
1.36848457820491e-05
0.000816292700307675
0.00105041485405472
0.0033235565446039
0.00300543646108145
0.0013801464811131
5.67193179162708e-05
0.00398871418773656
0.000158397475909251
1.46942574165954e-05
0.00193645279695708
0.000259236400714248
0.00167286404828154
0.000388252657848757
0.000256529045244367
0.000201924857069495
5.93603438641221e-05
0.000140482874736841
0.000403325473247587
3.37309405839131e-05
0.000193656958241389
0.00149055172188831
0.00158664306928273
0.000507072190705856
0.000501607763092043
1.81965447025954e-05
2.76490381016556e-05
0.0041036012086506
0.000626191016727556
0.000391334426677878
0.0231274188848992
0.000253630758015272
0.000111940458783448
5.64170824594285e-05
3.66704890507345e-05
0.000411721333877375
3.83622863264578e-05
8.71852494816097e-06
0.00431190980189389
0.000191795988028059
3.67466869873243e-05
9.64531338585509e-05
0.00385063128875222
0.00333261895491677
0.00453069331788671
0.000740537346926865
0.00467695675475696
6.61616310050385e-05
0.00152452018396455
0.000298936410269957
0.000595692470317349
0.000789125503876638
0.000325791026006213
0.00081700448233423
0.000945385634403937
0.000171732034519556
0.000407848656951253
0.000269303555187581
0.00632299541985658
0.000314694002064576
0.000764778668526985
2.44047958731867e-05
0.000353741304070912
0.00047999161582967
0.000569977992163839
0.000938648807651923
0.000723758978537494
1.92441169644675e-05
2.15498332970579e-05
0.000141970968708685
5.29064125804561e-05
5.7457301417372e-05
0.000160848390943499
0.000253990686471464
0.000174283308166623
0.000485276913480269
0.00249054072510319
0.00182326285727
4.21963296666941e-06
0.00269702849544807
1.82472860229688e-05
0.000137754997684222
3.29357921430244e-05
0.000602483474501663
4.10340541289948e-06
2.23224790160271e-05
0.00030957695472083
0.000445200582452361
8.46793290598593e-05
0.000790583685711393
0.00253186415805427
0.0159059185835792
0.0873422793684778
0.000985987893764882
0.000497361960889225
0.0136071902213299
0.000642616710216324
0.00135257760794457
0.00819405362558761
0.000262587647318412
0.000121215525791519
0.00155488375053713
0.000400427198094739
0.00871607634351779
7.92767732979232e-05
0.000556188633460149
0.00264322445757754
0.00020810966896167
0.00512028019135067
0.014214313183806
0.000442933736978502
0.000176653027864209
3.18126915309713e-05
0.000353788037938623
0.000149478357642617
0.00133283523440711
0.00124153170946995
0.0049701198279551
0.000323199267283277
0.0195249216950587
0.000502274254875651
0.000197104829899898
3.97391504936313e-05
3.03418086844951e-05
0.00158673147661672
4.39879620682322e-05
0.000502316903446898
0.000388795343740951
0.00054060748441229
0.00195790581440905
0.000131828924735248
0.00143064463088013
0.000182868255846695
0.00281997452457232
0.00101208113845124
0.000594317995434951
2.37374326473437e-05
0.000198925451883955
0.000587560057903301
0.00018442173214842
0.0361364788720843
0.000530905150230363
0.00149495256601811
0.00520901709001354
0.000731366460114968
0.000101694591996841
0.00260221295861394
0.0554241545429276
0.000204398326016917
0.061861011768938
0.00019755969459671
0.000256781095793927
0.000244489901513068
0.000153159682403477
0.00023778767064033
0.0205884622375229
4.69573835498482e-05
0.00387864469244666
0.000177266955318113
0.00545257531061803
0.000904997382732764
0.0162652968364806
0.00121348803195558
0.00314104514912587
0.00356448951735588
0.00123907237280254
0.0263785902350232
7.99409705267583e-05
0.0131412562786601
0.0001808603724838
0.000958082159601412
0.00112708430402294
0.000391966019571975
8.2335766414491e-05
0.000268442491474819
0.0034857752513558
0.000282726845256557
0.000544800296028497
0.00264371297120684
0.00347514879628687
0.00143643321422823
1.82349335465752e-05
4.91946396553203e-05
0.000382819074677363
5.04433901139651e-05
0.000177150535703216
0.304684044999546
4.40933853501021e-05
0.000428468069047965
0.000133520388924977
0.000169457856615322
0.000265555584425431
0.0028352922440046
4.24736050555637e-05
1.45760514413647e-05
0.00517256874127312
0.00024948447828906
0.00010928075027735
0.00226700732237399
0.000257574588518933
2.4380731967201e-05
5.08361023348532e-05
0.000157897793789677
0.000440553082501847
9.08842217885333e-05
0.000101154467127589
0.000375396040991705
6.07855063751002e-05
0.000137025694446076
0.000105787929275933
0.0203523403491251
8.18681435093227e-05
0.00624113868967549
0.000388907463778625
0.000226556270109661
0.0224487076758127
0.000472405520585109
0.021159016742561
0.0199214968026212
0.0315147815132346
7.97156867699221e-05
0.000300383611463011
0.000196678640031079
0.00153105361305704
0.000293379788426215
0.00168470665107374
0.000798974434693389
0.00381842827003331
0.0203449829596722
0.000250100313846142
0.000159944158239147
0.000352378938449662
0.0331530572474751
0.0308920391989063
0.000380777073925653
0.000587660760777154
0.000194193018234729
0.0185910097373315
0.00293153850702884
0.000227300900472502
0.0002199725396212
0.000113218408315542
0.00193700244454239
0.000275038379973347
5.30051154326806e-05
0.000828076834664896
3.63928702916317e-05
0.000214283993561799
0.00171349437166383
0.00624598151309464
5.7670990682789e-05
0.000676468442495304
0.000410468794592471
0.00229547918764963
0.00251144106724776
8.09076839296085e-05
0.000119152541682488
0.000492333890269261
3.6097148476722e-05
0.00538436390570202
0.0254257077692477
7.09323245385383e-05
0.0057462030535515
0.00455153406674849
7.00361419470215e-05
0.00019813439483505
0.000126470371005213
0.000395091778278088
3.43480972736424e-05
0.00201964645614843
4.1638053551668e-05
0.00177162862354227
0.000372172736115765
0.00172269041211894
8.30819225594208e-05
9.06686268739159e-05
7.96848849282963e-05
0.000434852480252088
2.39489900452125e-05
9.61290370853532e-05
5.5723049170395e-05
0.000710448829417992
0.000131816544645625
0.000769849387791194
6.95446526595508e-05
0.00129359862883435
0.00921423844430662
0.00232432999328026
0.000945715087315735
0.000885402425972352
0.00145625229322809
0.000508651721012206
0.00239635302139739
0.000462847290303999
0.00058538159133587
0.00155204996575387
0.00624857699703976
0.0097485666164088
0.000168125949625832
0.000166622002123358
0.00083250967307196
0.00173868097618381
8.08779204055623e-05
0.000112682188074297
0.00011756878996581
0.00035064687766113
9.06507861098063e-05
0.000183715889413349
0.000346256776969238
0.000308098881957889
0.0001744557644224
0.000168743175600622
0.000113459589358489
0.00351541073739055
0.000217767551853882
0.00165071558532391
0.00267877542883743
0.00240969523056977
0.00105107283880367
0.00164700384330901
0.00714734636286601
0.000202476004414066
0.000890796877450068
0.000284770108402548
0.00015570759243451
0.0150439998865312
0.00102516525658531
0.000375567806738434
8.51443326440001e-05
0.000105040456416935
0.000896787682597649
4.82297150879728e-05
0.000177569644898561
0.000570137955286782
0.00106671767274839
4.40497340216764e-05
0.00091843171731711
2.74108757438083e-05
0.00078762954247783
0.000846546368191742
0.000335099352929953
0.000399149676090449
0.000757784310402721
0.000380155307394178
0.000173045986644728
0.000199153177239928
0.000246090265591621
0.000421799742941895
2.10281257077276e-05
0.000918501490403176
0.000133192327983264
0.00108944602657934
4.66919822990281e-05
0.000402558382337643
3.8767051047393e-05
4.13141724671123e-05
0.000310259948954252
3.21837227322928e-05
1.62619282935601e-05
0.000455230956802328
8.41965168358458e-05
0.00888277004658277
0.000511432649207623
0.00733700441510494
0.000526040907086184
6.70206244143485e-05
4.59781434277585e-05
0.00380875122442545
0.00363785287715639
0.00430782923415105
0.00637332893504815
0.0190890780552097
0.000663475259622683
0.00542595415101555
0.00156140042994266
0.00038975334590551
0.00557418849057111
0.00185562486949272
0.000276490501131586
0.00274722374508662
0.0097234722063241
4.5829632993422e-05
0.000226289176469239
8.32212322961911e-05
0.00018790886552648
9.41074865006616e-05
0.000180523747196889
0.000167712569498153
0.000165576114618199
0.000243949991697374
0.000309002896315487
0.0156152087837647
0.00832349704371742
0.00305041279658519
0.0125819873123753
0.0929123187747973
0.000664802514529456
0.00211412823393253
0.000523158849087538
0.00112188214844105
0.000129235785509776
0.000539835021378811
6.69990696302595e-05
4.10450588532503e-05
7.60038891215049e-05
2.68028153542945e-05
0.000111486514594816
2.87195588920212e-05
0.000363952709966327
0.00011517519999422
0.000287160642507123
0.000116225738147962
3.13607773277092e-05
5.30752363597719e-05
0.000869444787607294
0.00363353230432931
0.00300918397038535
0.00786844985091363
0.00709035180124512
0.0255931700708026
0.00087755460070426
3.08146855466023e-05
0.000156898191060585
0.000249493090796068
0.00770442909828232
0.000107767309994449
0.000248717139758107
0.000277688760590869
0.000116256584497359
3.40247165525079e-05
5.71975949799107e-05
0.000111221871627045
0.000166123840920962
0.209862141350132
0.000841179842929749
0.00728640651196542
0.0069756659336972
0.0231279612223311
4.60631122169845e-05
0.000772120092516207
0.0389914214276914
0.00882408501340603
0.000805813849199893
0.00296314178226476
0.022479725996783
0.00013557618985354
0.000141421148254833
0.000258419507643614
0.000536505821075367
6.10421141638085e-05
7.69021988923572e-05
4.41933481349507e-05
0.000118940245542968
0.000172879054574741
0.00844389323392199
9.17375780535184e-05
0.000120593682952384
0.0106490726014328
0.000163751971429019
0.065900318710576
3.76959813259879e-05
0.000361565407930931
0.00310317201382143
0.0022460044799125
0.000161865335068577
0.000589987054000246
0.00554046489278973
0.00066095256992001
0.00862466137849769
0.00163142144794114
0.0106990874319451
0.00034072062311854
0.000104673613363061
4.74399467455536e-05
0.00976422148660672
0.000882389842405341
0.000342561529976463
0.000113950829835078
0.000152468306910135
0.000106287414177208
1.19276435869271e-05
0.00377730915226711
0.000629423768320202
0.00073356352895791
0.000177578524445657
0.00676797854860843
0.000203992620539788
0.000503441119362416
6.61378295430691e-05
0.0152581531152721
0.00024677089016457
3.74639377080231e-05
4.49869696516005e-05
0.000313906124283721
0.00140198526879498
0.00592231613689392
6.07025915173647e-05
0.0244314196616333
0.000411516635346547
0.000405300313729268
0.000679133004709644
0.000116186582891634
0.000116142195913065
0.000301732027335923
0.000336772183655715
0.0557395800128454
8.80989046273144e-05
0.0393178712768935
0.00130016278276743
0.000432397756052999
5.71238227289146e-05
4.97910231404373e-05
1.75386821989301e-05
3.24402274417264e-05
0.000182567479224346
0.00537137013355219
0.000111219458971719
0.00390779863627019
0.00329392417134723
0.330940676995378
0.00564106592687491
0.00340949750255179
0.00513629295691845
3.63054080124842e-05
0.00520901443088107
1.95311129853688e-05
3.04718234754352e-05
0.000466360922064043
0.000413691522658685
0.000384516175166775
0.00162143943041832
0.00177393305359673
0.000982346055685096
0.002038279685598
0.00293392474339984
0.0689143450112066
0.00182989186474654
0.000425818956724961
0.000422775829631182
0.000761797372759675
0.000437068033302278
0.000724715499253792
0.00184329199062649
0.00114673531443235
0.00972412435455441
0.000708905130445275
0.0158859207916034
0.000856015918583181
0.0998770777528209
0.00867692151199592
0.0034552938788194
0.000102970341892861
0.000282188070656919
0.0949504709183668
0.00618514454768965
0.0065061518927641
0.00342293793429715
0.00352782297710996
8.16914158664073e-05
0.000851581958083084
0.00487710390449479
9.86281406750105e-05
0.000255275961836539
0.00328093363474048
5.76059638693735e-05
0.00138425993665128
0.00212136942464125
0.000239828393651276
3.21882529080498e-05
5.18679530025504e-05
3.89557621604464e-05
0.000313744842568475
0.00152912563373078
0.00214786472770211
0.0239971940675719
0.0206184856073296
0.000358947096287885
0.000179576274802683
5.22153373770942e-05
0.000757969883885467
0.00120915099528639
0.000559555409284222
0.000532080525161236
9.98773478590716e-05
7.56825012999406e-05
2.26003838009935e-05
0.000185018870338825
0.000240089983262294
0.000320177826515394
0.00021397219070895
9.68278738071688e-05
0.00014126480191816
0.000212533568712976
5.30167980744992e-05
0.00539154600975907
0.000588206717662428
4.21450893744032e-05
0.00280040777455067
0.000197469758390886
0.000244026725681108
0.000209346097173215
2.71117648413273e-05
0.000204207168610404
0.0633888344225208
0.000141318743363907
0.00233562218262724
0.0102333131182436
0.0018781944364821
0.00082948386162274
0.000791330089334062
9.14327475661164e-05
0.0122509099171799
6.64108187211704e-05
0.0131949461775933
0.00351848846038182
0.00197721789558836
0.00146677281180487
4.53701626980183e-05
9.74501969811876e-05
0.0101404221315992
0.00025586943407146
0.00925284128722552
0.000443425147653065
0.000765422620360115
0.000700282781509268
0.00553620852547311
0.000145245743077762
0.00127977629517733
2.46548144049319e-05
6.59396370322506e-05
0.000804190342601721
0.00162538784108085
4.8341490077461e-05
3.23439032656427e-05
6.9505542089395e-05
0.00308823054613344
0.000146260086802766
6.78696393432373e-05
3.29189195864777e-05
0.0027503946420092
0.000236749338195585
1.21521043926141e-05
0.00891055821681148
0.000743039070054082
0.0083753894285637
0.000137300140234344
0.00105603544234251
0.000146857312383579
0.000456422932446858
0.000146627792621463
6.1970171807834e-05
9.26633677257641e-05
0.000482553762247666
7.72227515817482e-05
5.39131592682307e-05
6.48813102597765e-05
0.00121159778730962
0.000144997341646188
0.000201855506852989
0.000622421534245424
6.19718566306366e-05
7.62558250444098e-05
0.000425963793809683
0.0294785798865876
0.000363289646893505
0.000549967621199425
0.0521528081258991
0.0167812483396451
0.0210365115283716
0.000491861492530995
0.000293340829924052
0.00123477719373287
0.0022928295880105
0.000268751471659098
0.000154242930008097
0.00129445356899002
0.000139995582053717
0.0467893482869838
0.000968996563146912
0.000414581457130254
0.00416604435658672
0.000183959527379146
0.000852665798689451
0.00010831153924064
0.00388004726419984
0.0276686227153213
0.000444292185447308
0.0127080897660287
0.0113884235372826
0.00491948234852303
2.13400679267888e-05
6.03599238864745e-05
0.00887806324410513
4.9165385450777e-05
0.000131168872435427
0.000177339641721277
0.0118843079357344
0.0516723453719273
0.000180967554341254
0.000366977050427216
0.000434402982108964
0.000370528470606058
0.000295611713440658
0.00459328506231697
4.70948985697068e-05
0.0570913248572085
0.0154759583621965
0.0153247549090605
0.00734901269177952
0.0162486951972503
0.00137081552731539
0.0159385063631394
0.0151547466417298
0.000290340263412867
0.000689185759546158
0.00402358493947967
0.000181429903119037
0.000380581510349624
0.000781639851631248
0.0004736714786659
0.00634197983776263
0.001383245383573
0.000456497546197017
0.0860801476782492
0.000766545595849748
3.68131335738359e-05
0.000132717573608375
0.000515851340912543
3.46329700896043e-05
0.00116675898085784
0.000159466537737394
0.000437709999617897
3.88351453246729e-05
0.000126944078363795
1.85665191528588e-05
4.72004287438182e-05
3.58499793681223e-05
0.00188284729564493
0.0401127135288189
0.000526851385314866
0.0172951542551112
0.00417070382828151
0.0320895856967783
0.00722094838707002
6.97871032752604e-05
0.000148331356333301
0.0356120620322708
4.14592604120718e-05
0.000200679472208984
0.000294028431097913
0.000465038890097545
2.46213266294597e-05
0.000471202405504892
0.000200962046611282
0.000199148942193025
1.9427670537523e-05
0.000750303879783155
0.000557227487159488
0.053761412562028
0.036990542397314
0.000199695882581963
0.000343541843987679
0.0106206046011305
0.000444760971590769
0.000353169268008551
0.0108460923635753
0.000262476504072589
6.40136544456993e-05
0.000155415196913444
0.000220061949337561
0.000709250746634377
0.000335817583970927
0.00165778137959412
0.00149692349880829
0.000636450777230729
0.00212765383563138
0.000393943949420671
0.0381787195875944
0.00726442635557575
0.0413169794446282
0.000885810779204077
0.000272190029513111
0.000617216630338071
0.000117536983924705
0.000386926770211383
0.000115779134051561
9.57667369568179e-05
0.000201175477147615
0.000228035538187886
0.000203387885039884
3.33577871944038e-05
2.22419753768173e-05
1.66245513778694e-05
0.000523000875769333
0.00057416799642108
2.32725610583867e-05
0.36493130309031
0.0261925586835284
0.0256583887494698
0.033405929721389
0.000115894342012802
0.000368781442268895
0.00101097799845254
0.000446712601985926
0.0105653100430468
0.000427926322796359
0.0276181246677799
0.000164399414667493
0.000714590469831361
0.000634848011675819
0.000742820284268933
0.000186875463232975
0.000115377847087084
0.000515436261076163
0.00216782635705849
8.83842766444127e-05
0.000423546723892537
0.00155720708189257
0.000179904885043582
0.000170166399659236
0.00130772814035671
0.000101293712621754
0.000358674516403139
0.000159646498710181
6.6616160787315e-05
9.48675935971623e-05
4.69800039623262e-05
7.79657745707443e-05
0.00063178656264337
0.000431773712660079
0.00134272985277125
3.65822664803757e-05
0.000697180354071217
0.000224563187371142
0.000666802230795288
5.63572503464194e-05
0.000191129432900511
0.000261470607836863
0.00111280252894515
0.0112414052428725
0.0109436674520003
0.000656702588990669
0.00382468257094892
0.00095185484329085
0.00188076768232456
0.00750088471515108
0.133299836872504
0.0262350670881083
0.00125305563731875
0.00113472737372303
0.00271358808772042
0.00100370565929472
0.000827086517003073
3.36026023480341e-05
0.000805922702057136
0.000912792373664086
0.000352158347291451
0.00124598860201507
0.00773846792255341
0.000865924552864922
0.000257139306760749
0.000166075817517823
0.000352234188777109
9.95330737002761e-05
3.88710930164818e-05
0.000835252642424771
0.000599290117426911
0.000268146363320018
0.0367518194270906
7.31580182483689e-05
0.000361411980966183
0.000922687530523703
0.00244586916297109
0.000144581672922708
0.000157885255451814
0.000493799515368179
0.0115787805667051
5.14875698417548e-05
0.000160872080012594
0.0460775906778153
0.000185757109591307
0.00613631174427214
0.0190128310599774
0.000564446725524156
0.000109121875749503
0.00011989420017101
0.000133693199688726
0.000112957332392235
0.00117962896655948
6.26839037330193e-05
0.000234178386382252
0.00015507079342021
0.00120363638580696
0.000106106061917868
0.00803099025284597
0.000212189154677777
0.0078774502385486
0.000582509469464291
0.000539807484287035
0.000141890030439014
8.2676024904506e-05
0.00145697374228491
0.000574363276341046
0.000118737146287723
0.000304559444804201
0.00376474193523304
0.000752136213972151
1.53387206021087e-05
3.22622161789142e-05
3.94554260147644e-05
0.00058046816326951
6.1868318092316e-05
4.72010319945138e-05
0.000260003232143279
7.78213425167973e-05
6.89391785055668e-05
3.26875801838173e-05
0.000512658901636529
0.0152584984345927
0.00142159548969326
7.69767130754078e-05
0.000274336956980626
0.00193690134097058
0.000174021962631977
0.00137243114664889
0.000297333497309814
2.86111800303083e-05
1.28321255188983e-05
0.000172223705621007
0.00511629297862656
0.000776171644727357
0.000876205726648151
8.15863641846243e-05
0.000187935579063134
7.27674832059528e-05
0.000166379955731444
2.13940977473414e-05
0.000170485638117127
0.000229542706631323
0.000460415490879617
0.00250390795623582
0.000318743888353435
0.000525138887451049
0.000218218101426017
0.000118457769682389
0.000398734551049573
0.000140753235305628
3.18304527313313e-05
0.000767751187564301
0.00115179484192126
0.000209745931476874
0.000581353640862173
6.50361077296636e-05
0.000213865763695668
0.000853700289830608
0.000944873782626127
0.00118770819929402
0.000986127717170136
0.00044367874941986
0.00510643887364114
0.000846955941366892
0.00599408159337109
0.0236626769722438
0.010707534490397
1.70057158512504e-05
0.000109904885504406
0.010735784588403
0.00246232914552612
0.000323941507582525
0.000133117803829945
0.000251966720827456
0.000173852738367935
0.000398875280260584
0.000205994790404434
0.000689136695649004
0.29346699188658
0.000467219861313628
0.000339418971328683
0.0069251120776508
0.00468856384739003
0.00143078103724638
0.000114288784820436
0.00144065485570241
0.00123148699382192
0.000385613024883712
0.00148814752175799
0.00219689784906111
0.00162025065999574
2.64354345403911e-05
6.24516469769005e-05
9.04875960924413e-06
0.000369732765273864
0.000110720107100911
0.00208911674624314
8.87661343065614e-05
0.000145066467073611
0.000365296286077104
0.000243892391593078
0.000213196069771329
0.00631684510060053
0.000264514445992648
0.00069463711149422
0.0008407501483232
0.00567592926707889
9.79003533345508e-05
0.00292377058071064
3.40421972741508e-05
0.00222658745467046
0.00161087451587069
0.000324269893158295
0.0118076824464932
7.36474754394413e-05
0.0128938711443868
0.000261874486279139
0.000203749372036738
0.000677424034243212
0.000430368749549111
2.69550221399179e-05
0.00281524615175586
0.00138762726828869
0.000216164518646364
0.000757640516115816
0.00473648060526515
0.00203578639893498
0.000124765400084077
0.000558857256061653
0.287810051550197
0.000356124225336666
0.000255198719817345
0.000258768011095459
0.000352061028925908
9.89574482486521e-05
0.000180521946519707
8.55946640591549e-05
8.65737692294638e-05
0.000343307655334114
9.80760448772077e-05
1.75947866740758e-05
0.000255310223289726
3.15566897277067e-05
0.00235489455358369
2.96772708570591e-05
0.000214570435438286
4.5341261719085e-05
0.000247274203081997
2.17153664290973e-05
0.000549215107406762
0.00105898034240256
0.00253112410681604
0.000867704858370347
0.000701403267357324
0.00109010703160169
0.000134729618184341
0.00138238788999811
0.000207197361970022
0.00012737271759639
0.000306954483793482
0.000373785106873455
0.00273086604043418
0.000957572549539587
0.00163400770520786
0.000872623330624773
7.73383570694073e-05
0.00416355715104228
4.92553389402119e-05
0.000680564834743302
9.78005520161421e-05
0.000264853091730427
6.84926031880713e-05
0.00061627846080806
0.00151523744788946
0.000919614160705821
2.41656629278598e-05
0.0003797186440154
3.23181414336537e-05
0.00197013778804642
0.000718969403549072
0.0018662863793987
0.000574851034106175
0.000113931572886293
0.000227721645539514
0.000498616816386076
0.000961907973762275
2.76335664898343e-05
8.47285257558467e-05
0.000474035290680963
3.35007623052986e-05
0.000132888650060956
0.000386276683144864
0.000518814465161068
0.000398716306703481
0.000293506533219811
0.0012407048610199
0.000439576318619445
0.000370706637103548
0.000672158892035376
1.64163943244342e-05
9.21329827764128e-05
0.00168489476035913
4.23362859357851e-05
5.82630782465275e-05
0.000116753222003133
0.000353569816141629
0.00032685076098552
0.000418052228860279
0.00193175215686569
0.000228588795559552
0.00288857602407054
0.000466811609163153
0.0015159507801837
0.00121230621581844
0.000137326103579641
0.000417002921242847
0.00124467484494693
0.00238423536537901
6.10109967757551e-05
0.000759312101719188
4.43220830822863e-05
2.77988674439864e-05
5.21417875316772e-05
0.000484471313266487
0.000524349976210959
0.000670888406630844
3.64953135532447e-05
0.00114087568639736
0.00368552784095638
0.000632342307448154
0.0030464498438804
0.00934185014638335
0.0887246270988499
4.57567366815349e-05
2.48043908370199e-05
2.05579943081146e-05
0.000210823680193807
6.02737993024747e-05
6.2762240603111e-05
0.000292140126571947
2.27647901211661e-05
4.34247372997581e-05
0.0013857920901555
0.0053529030568771
0.000122629059661209
0.00147891922054048
0.00107950120406078
0.000631028068590157
0.00166151010431518
0.00475902366096472
0.000516640843972184
2.21245014648171e-05
2.72820847286989e-05
0.00113995239556799
2.51653669620104e-05
2.77022329084605e-05
0.0022317750062129
0.00158773492517345
6.74532161994861e-05
2.46123132394398e-05
2.07267918092187e-05
5.3773798142366e-05
0.00070295437249974
5.68059853224083e-05
2.0390180863531e-05
3.815211094637e-05
0.00167570686234721
3.48082839306088e-05
0.0026789568272649
4.78096829798397e-05
2.44244895292811e-05
3.33897441644112e-05
3.80257942790378e-05
3.26052117227093e-05
0.00127288029876137
8.80721654902147e-05
0.000401872366938871
4.2778379135298e-05
2.22223579502694e-05
4.84906849561028e-05
0.00155282843555009
0.229385922230738
0.000933014517246467
0.000615683488887585
0.00163053864686536
0.00278136541178051
0.000376865525841495
0.00198342421355328
0.000341173693512443
0.0004711224138787
0.000144964669517282
3.31674359816471e-05
0.004056589302161
5.29029070520656e-05
0.000386483966245326
0.00134201719499755
0.000234558388287101
0.00402364812165968
0.000822036731783369
0.00358137312409765
0.010604103171145
0.00394267535081495
0.00113378430500212
0.0858412533172706
0.000518449876954505
0.00178040192962083
5.68059853224083e-05
0.000277772564426257
0.00729893682261455
0.00131111889212209
0.000233893754992896
0.0200582748917282
0.000909622876285743
0.000206075388823672
0.000869381748514007
0.00086201120723557
0.000436748732442695
3.6298141602185e-05
9.15586058856543e-05
0.000342108336077448
3.28959439423912e-05
0.00152038021218454
0.000753555630890096
0.00028416893842149
0.000122820799440453
0.00251929521877714
0.00238200120470125
0.0323501091151916
0.000611594748666853
2.92124598873204e-05
8.42222808246662e-05
4.76122004138684e-06
7.65367493832714e-05
0.000161205778401542
0.000115695992976141
0.0225869749105645
0.0210022048062209
4.25313819841671e-06
0.00151050489466707
1.37338110385007e-05
0.000260693816899889
0.0053127896756684
0.0359232947373642
0.000904082508399274
0.00779886039665852
0.0011343980689789
0.0394808313790294
0.00121317587990423
0.00072888789077557
1.62078853924803e-05
0.000153953075672487
0.000202686001118641
0.000931188391297387
0.00010304833643327
6.52968801814648e-05
0.000241628061582177
0.000266634186192978
3.01804191763554e-05
0.00117132395200113
0.00359676883735691
0.000996622142063289
0.000884708977378418
0.00211494238925282
0.000773534414587192
0.0120709415176067
0.000113293996156226
0.0304169565138517
0.0116093537227551
0.0240808941792659
4.02765879841605e-05
2.85483495117458e-05
4.55691425755205e-05
0.000156794575399548
2.31737669677944e-05
0.00018458850719739
9.32056027124868e-05
5.2364767914644e-05
0.00180590173236028
3.61328533222899e-05
0.000150556369035268
5.35893777119615e-05
0.000167223019268796
0.000782349664141423
0.000161040984281665
0.00462192766043207
9.69684121619929e-05
9.34808850329108e-05
0.0274864486060862
0.0031761771794653
0.00653161296496458
0.00939668800626293
0.00557484149670596
7.39581917548966e-05
0.00971329912691828
0.00340549604462735
0.000206067493926307
9.65144789904142e-06
0.00487415153351169
0.00359269721413596
2.80252185122717e-05
2.4865640513869e-05
0.00338775779011712
0.000222836993040286
0.000261386538984111
3.38986112169941e-05
5.91831707174065e-06
7.61012175881786e-06
0.000234276786685476
2.48887225658839e-05
0.00110510133464808
0.000724686244393195
0.00016552472638243
0.00036635313260549
0.000629095843269725
0.00233694709148369
0.00111619321521098
0.0256541491689066
1.44885833781841e-05
3.96105216948552e-05
0.0118651864712401
0.000208455391126659
9.61978431062497e-05
4.5010062545287e-05
7.73802953688066e-05
0.00402456631177984
1.48663116367474e-05
4.54528499667823e-05
7.5118647136792e-05
7.72568540491941e-05
0.00514600666468197
0.00113071392133729
0.00193358873417877
0.0162943075655778
0.000341017580276367
0.00579198344768933
0.000508652580086151
0.00593222873686818
0.00111554884943467
0.000571259323797564
0.000104604488217877
0.000203918797067299
2.98540791492422e-05
0.000232636964536869
0.00134420101324267
0.00968793196256362
3.23254027077751e-06
0.00199160185104272
1.12710184891724e-05
4.86672652859549e-06
0.000611225494062978
0.000611225494062978
8.23246215485564e-06
0.00247773125350603
0.00145051478667867
0.00817381609455056
0.0106416598083957
8.88792750919787e-05
0.0128382924636001
0.00975020876833447
7.85627871155692e-05
0.00102990648711221
0.0337336055243496
0.00288357915576283
0.000201449129269311
0.000179980566632643
1.27056114608631e-05
3.8545501434018e-05
0.000132866101646171
0.000135782312474025
0.000121754373318668
5.68926647142814e-05
0
2.42661689896008e-05
1.47067690846066e-07
3.41197042762872e-05
1.47067690846066e-07
7.05924916061115e-05
1.47067690846066e-07
1.85305290466043e-05
6.35332424455004e-05
1.85305290466043e-05
7.70436291771111e-06
0.00109716407736559
8.88795578828526e-05
0
2.9119402787521e-06
3.23548919861345e-07
1.50009044662987e-06
0
1.13830392714855e-05
4.58851195439725e-06
2.64721843522918e-05
3.52962458030558e-05
1.17654152676853e-06
0
0
0
3.17666212227502e-05
1.17654152676853e-06
1.17654152676853e-06
1.47067690846066e-07
1.47067690846066e-07
0
0
8.23579068737968e-06
8.23579068737968e-06
1.85305290466043e-05
5.73563994299656e-05
0
8.23579068737968e-06
0
1.13830392714855e-05
3.23548919861345e-07
0.000671859465552108
1.50009044662987e-06
2.9119402787521e-06
0
0
3.23548919861345e-07
0.000354122967504774
0
0.000932578848443054
0
1.08588093648927e-05
0.00303241313975094
0.000363045010417102
