col0.00136732445591
0.00117491736427
0.000638212141917
0.0087773580798
0.000420451893902
0.000672839500022
0.000406622438371
0.00120773890694
0.000588974526826
0.000392618972153
0.000546889932784
0.00158808352904
0.00135975430647
0.000822792132126
0.00405803572565
0.00196104293665
0.00303045633936
0.00512589784341
0.00087188535308
0.00115816020504
0.000434933711888
0.00129818826097
0.000562413182854
0.00108857327423
0.000408979927881
0.000484748522028
0.0037805747565
0.000479113810686
0.00068545360178
0.00182551523555
0.000372221218368
0.000975012446679
0.000694269430506
0.00162742593391
0.000863804388244
0.00116985179303
0.00202495559893
0.000774398354687
0.00124093633256
0.00066233234664
0.00552345538215
0.00276551852778
0.00483846819755
0.00450466429198
0.00376644665802
0.00213896039734
0.00175274860602
0.00201859435978
0.00190277665735
0.000538777903695
0.00181367155022
0.00180220742356
0.000558401516832
0.00168470324399
0.00108379787673
0.00320002166892
0.00525689863382
0.00379578185092
0.000856010977106
0.00149926467575
0.00304190086922
0.00212974100831
0.00454845707982
0.00509894131032
0.00212922424203
0.000877889026503
0.00242949219181
0.00936269547318
0.00721661910726
0.00295853510967
0.00440128703252
0.00518086040955
0.00441445473297
0.0027893515469
0.0402325798569
0.00230569040085
0.00458217156032
0.0033232254732
0.0041782292808
0.00682788913843
0.00276836149888
0.00320148013661
0.00302331078319
0.00334417661593
0.00335001602633
0.00478084699274
0.00449191676509
0.000282104074167
0.00309260385227
0.00917698620111
0.00312502636447
0.0104193635407
0.00193844609659
0.014243052016
0.0074676602492
0.00414265385678
0.00626086492276
0.00153930634995
0.00264690478245
0.0336136462087
0.00365962478538
0.000469861040745
0.00729741669623
0.0015268281916
0.00209428706077
0.000690364928876
0.00711545938476
0.00112525943501
0.000839777511875
0.000594986503693
0.000507696101022
0.0139851829008
0.00235104269071
0.00214156038564
0.00184676714639
0.00550615782567
0.003010591598
0.000857375286652
0.00100781316787
0.0021306723568
0.00916385140012
0.000939696352026
0.00166941919327
0.00197384647802
0.00321899294221
0.00156097472872
0.00259767117551
0.000565980415675
0.00304267618492
0.00324714617473
0.00407732010549
0.000636780685192
0.00383173434449
0.00241249435633
0.0342070460041
0.000663592836819
0.000569323424426
0.00386354550306
0.00145396419314
0.000405565913077
0.001432826899
0.000507158789929
0.000370159925453
0.000762339540354
0.000842635276568
0.00064809105921
0.000543098885526
0.00122453322724
0.000988680426038
0.00735142699287
0.00119050339428
0.00184667949662
0.0010864301298
0.00277573150532
0.000637090305508
0.00157492286676
0.00108849126932
0.00496771095474
0.000415825092574
0.00130571555873
0.00118840120594
0.000751368857203
0.000926523781072
0.00133649249596
0.00144907269691
0.000948283473435
0.00465101733292
0.00178401018162
0.000903579624106
0.00125567099023
0.00206235668879
0.00208140499502
0.000341209754698
0.000497292330557
0.000282633083357
0.00229313977175
0.000983172113064
0.00037486931521
0.00176823204422
0.00424502917951
0.0
0.0
0.0
0.0
0.0
0.0026712962963
0.0
0.0
0.00277879736952
0.00145151239048
0.00241432702781
0.0121024678867
0.00690573986716
0.002964569306
0.0109142518281
0.00220802046638
0.00718723448915
0.00277119684287
0.00531886507031
0.00498334579482
0.00324258418417
0.00106297828517
0.000770739232064
0.000331619087831
0.0177446253201
0.000907899804911
0.00623439131815
0.000526150379622
0.0013078606902
0.00297662945446
0.00200251264359
0.000699201285125
0.000612340439342
0.000418760996596
0.00192592002957
0.000537950819317
0.000730967434126
0.000931721363034
0.000984598882078
0.0189801798556
0.00082588134058
0.00223180105835
0.000872366394033
0.000642597484989
0.00595050162825
0.00693947025881
0.000956267845487
0.00234308047649
0.00084528711888
0.00357045057574
0.00508073744437
0.00269316937614
0.0113095238095
0.00116271604406
0.0016249213816
0.00139829261113
0.00244990792061
0.000698649850124
0.000880363408359
0.00412324994601
0.000591638885783
0.000392523975393
0.00176605140016
0.000775006479428
0.000316086073649
0.00115854238563
0.000695400899432
0.00147393978773
0.00273808963042
0.000924328364806
0.00101036274772
0.00322986960154
0.00171842157476
0.000821111020289
0.00296956068667
0.00244971262061
0.00106736049653
0.00203140321483
0.000822847437605
0.000968457339294
0.000856820190891
0.00288200167089
0.00182054748349
0.0010694402278
0.00377108464855
0.000469101823907
0.000397573317445
0.000770451361396
0.00121338189367
0.00243957643566
0.000363249959602
0.000641798542848
0.00034283871623
0.00240196754918
0.00289255122515
0.00159563269836
0.000450481859707
0.000741304293224
0.00222756424395
0.000484360439008
0.0110905921163
0.00167802005213
0.00138507133708
0.00122300759815
0.00709433286145
0.00341997357671
0.00387597637638
0.0062533410267
0.00132150681856
0.000581210099648
0.00173362895105
0.00161961768943
0.00631771169506
0.00641647460745
0.00300298242877
0.00185748414887
0.00580864838883
0.0042806464959
0.00423562497631
0.00469388667037
0.00548045215573
0.0046578088857
0.00159239099549
0.0022802413213
0.00122887199088
0.000895925604955
0.000428965901012
0.00269865719885
0.00230057168215
0.00329237889968
0.00177099707562
0.000612957924124
0.00162189685976
0.000544354012649
0.000730483784523
0.00057714921581
0.00193880217722
0.000357622784515
0.000231893003582
0.00677717979826
0.00042720894431
0.0075479320693
0.000815810871499
0.000523836404783
0.00327901202675
0.0198293650794
0.00167690704035
0.000874145544402
0.00128217952755
0.00097283935922
0.00108246825771
0.00276939176318
0.0004762305417
0.000771239989858
0.00312405573882
0.00222613976508
0.000773764248038
0.0047114780254
0.000615978380292
0.00197482291275
0.0040313294438
0.000724049813444
0.00243785130598
0.00113855574772
0.000912379159294
0.00134627937908
0.000429824250401
0.00113444614096
0.00118725147895
0.000969183154874
0.000194128869642
0.000889512268765
0.00103872097116
0.00221139271609
0.00159755022312
0.00185302252454
0.00161561428615
0.0018593260445
0.00299293103184
0.0283613394717
0.0191817219362
0.00126943244377
0.000857558608701
0.00316593072719
0.00291123297459
0.0
0.00488647779787
0.0
0.0
0.0
0.0
0.0
0.00254175688215
0.0
0.0
0.00580905498627
0.00413823588507
0.00214490968801
0.00649875621891
0.00357289928179
0.00346617937379
0.00318666587588
0.00465278761108
0.00262787467517
0.00187201523573
0.00107132984008
0.00180036689452
0.00629849634866
0.00437378445296
0.00244490829044
0.0056371057689
0.000408468977304
0.000259306627117
0.000752541075662
0.000265025234478
0.000215671503354
0.0174719355678
0.000669737455272
0.000278623586303
0.00223768592916
0.0015047046561
0.00259947231694
0.00618892395392
0.000805492218577
0.000740785373404
0.0101229627187
0.00435940213492
0.00932829869508
0.0310595392315
0.0021151022988
0.00122783570271
0.00136315030387
0.00464800373293
0.00143660136423
0.00136270114505
0.000640756900038
0.0011162526913
0.00205158860891
0.000758991714199
0.000368988385288
0.000349501978961
0.000586055671609
0.000708298744158
0.00126548785185
0.000886026802885
0.0107248487809
0.00159747810664
0.00192219781252
0.000914000507207
0.0124210751969
0.000647733084927
0.000622257954409
0.00111315585652
0.000675684102353
0.00143788751045
0.00229311260909
0.000752659146446
0.000694444444444
0.00111592312662
0.001103916013
0.0014447741189
0.00209739518613
0.000807688960241
0.000969915240032
0.00125030340417
0.000750049714594
0.0010250591307
0.00117579204473
0.00307724554689
0.00149611660936
0.00378812676004
0.00228643175423
0.00651742345525
0.00267973221843
0.00382381986864
0.00242748607753
0.00566008955126
0.00228026017208
0.00172921452938
0.0061030646772
0.00553966377308
0.000978107837459
0.00907758237041
0.000950164381641
0.0117179004121
0.00101973612433
0.000608934177009
0.00137265435066
0.0
0.0
0.0
0.0
0.0
0.0
0.0
0.0
0.0
0.0
0.000804944881447
0.00218088429469
0.00412796265449
0.00470001005606
0.000357701968568
0.028835514916
0.00686303919662
0.00175017928803
0.00164442479689
0.00115705407911
0.00406613238281
0.0142514852825
0.00367291574019
0.00538750535753
0.0027179075475
0.00467333827377
0.00478275031923
0.00217185545833
0.00412708252665
0.00317949367207
0.00379338832002
0.00197933589831
0.0103569146049
0.00885325472863
0.00931693983867
0.0115098293218
0.000460499360099
0.00199654726994
0.00969926589961
0.00172252144681
0.00171799059012
0.00170268517768
0.00317984922236
0.000394785129107
0.00738802118847
0.00122710607172
0.00110833461952
0.00141339529186
0.00263415120688
0.00089904376192
0.0118316415303
0.00110710429402
0.000969699942745
0.00103227948627
0.00141091562038
0.000737296087768
0.0259065049582
0.0149531489512
0.000551421190533
0.000694444444444
0.00753814045259
0.00688473822063
0.000814154602173
0.000289427358393
0.00153118172098
0.000620936741318
0.00119843601437
0.000428776841401
0.00176767676768
0.000649929093279
0.000769595496144
0.000999181702852
0.000556267325593
0.000709302052615
0.000677373132755
0.000685122140079
0.000512769497169
0.00194127240707
0.000535441827416
0.000550948849567
0.00201337738108
0.00299841238997
0.00303317447654
0.00137812345458
0.00187121253367
0.00180320932596
0.00236971784187
0.0141170829635
0.0203278047122
0.00282401984217
0.00351283144898
0.00093165774131
0.00047070229739
0.00552201124123
0.00886690505506
0.00133091100731
0.00784578844567
0.000858762591514
0.00194275872521
0.00108675283324
0.00172013757814
0.0010559103119
0.0234036396311
0.000903897414852
0.00135921880462
0.00105280078856
0.00088625193255
0.000720702505846
0.000790771099271
0.00098310126556
0.00339563199349
0.00012317650729
0.00104796826296
0.000718779635422
0.00548317327842
0.000728303886319
0.000624728007704
0.000812958740334
0.00177859486523
0.000557179267349
0.00112080265186
0.0105477158496
0.00218046509427
0.00101412266714
0.00616883116883
0.00316819107038
0.00142464163171
0.000386351693239
0.00268976764776
0.00179848562454
0.0260497836134
0.0641690446974
0.00304468886318
0.00228815842611
0.00195834696952
0.00383712440688
0.000798556398234
0.00347717726882
0.00316845218655
0.000679976082807
0.00102696499011
0.00111644816786
0.00159782014481
0.00044989245542
0.000954337736965
0.00289375543909
0.0058589177078
0.00129784134315
0.00935702947846
0.000896810034584
0.0023993850442
0.00336165760237
0.0028791132757
0.005855779342
0.00183544496855
0.00180854681479
0.00696754981178
0.00357286039438
0.0
0.0
0.038861346406
0.00763714797166
0.00264832490264
0.000700337031569
0.00183545931633
0.00133396017811
0.000612797851967
0.0005743749289
0.00061861530131
0.00218223621168
0.000352446552148
0.00164650401498
0.000436046511628
0.000723712630635
0.00148581793509
0.0035996183944
0.00151552409945
0.00360959272643
0.00587826329777
0.00171497974759
0.00149474046756
0.00997999424937
0.00139792278745
0.0015386656105
0.00152345424191
0.00888412576365
0.0339756509842
0.00229378333647
0.00111065865078
0.000872859020061
0.000711962986304
0.000859657870088
0.00204488125613
0.00174159401643
0.00106470828155
0.000732745417833
0.00162402355983
0.00080519002891
0.000796154193608
0.000985131473449
0.000796833298251
0.00129584441648
0.00253323518437
0.00147928241279
0.00135370754997
0.00143056231077
0.00209487560387
0.0011489570092
0.00254977672587
0.00177746106607
0.00487048048217
0.00309499427657
0.00335220750906
0.00324720991378
0.00686130058982
0.00448940067943
0.00618091564858
0.00292568594333
0.00258557673904
0.00300727306879
0.00570848022896
0.00159311884017
0.00916159328619
0.033617216859
0.00748805907651
0.00175382444434
0.0010871664217
0.00295712612356
0.00151344007826
0.00557785156913
0.00529016905111
0.0021178015028
0.00247263852396
0.00179977760801
0.00208946110103
0.0036987058135
0.00288075184787
0.00395863133376
0.00118810949388
0.000783784228132
0.00112307912863
0.00192183682588
0.00113809571994
0.00440747996889
0.00665911549877
0.00257744916457
0.010361661349
0.00399060185224
0.0040825538108
0.00658866297978
0.00155965603692
0.00145801643346
0.00369894593788
0.00461788529518
0.00414242791496
0.00683194422325
0.000544208071888
0.00998097820523
0.000565492881461
0.0168217115285
0.000339266782925
0.00044446974555
0.00059447727203
0.000921848339665
0.00132953308468
0.00404629412247
0.000868015139449
0.000916577159185
0.00183147871148
0.00103925417029
0.00395013478645
0.00135887797824
0.000492929985449
0.000560178407612
0.00187650024515
0.00611589312954
0.00109779180045
0.000556487861194
0.000526137147591
0.00112844218947
0.0
0.0
0.0
0.0
0.00491188141923
0.037012987013
0.0
0.0
0.0075201174048
0.00335456636024
0.00122670655427
0.00268836268109
0.00614490019827
0.001621544213
0.000918229578307
0.0063330139297
0.000762996019988
0.00171543177951
0.00187673458242
0.000850712010867
0.00310048556525
0.000744446632233
0.00158309312901
0.0292471913817
0.00311655877733
0.00142605486662
0.00140440901336
0.000880175022678
0.0
0.00440931857928
0.00214607150733
0.00469306502757
0.00329290921591
0.00202886567556
0.00172395992957
0.00282854051179
0.00104450165427
0.00806568959341
0.012696940661
0.0026646233321
0.000697969918487
0.0024494791795
0.00177135203568
0.0030684151889
0.00128590967494
0.00499878640115
0.0026605550519
0.00164195325698
0.00237399069119
0.00589120092721
0.00377694990076
0.00101079101115
0.000637433821519
0.000976301997579
0.00169676628762
0.00394820871053
0.00342498756885
0.00339899304314
0.0030769288639
0.000854244953867
0.00228476052606
0.0
0.0
0.0
0.0
0.0
0.0
0.0
0.0
0.0
0.0
0.0
0.0154557079618
0.00461101047661
0.0373756163685
0.00396448981156
0.00422779474064
0.00457470355878
0.00165918959177
0.002761657743
0.0
0.00979595312398
0.00627666939176
0.000948556783878
0.0011776973909
0.00533059011531
0.00022938065394
0.00141520635828
0.00133728504134
0.0011251656598
0.000350430855629
0.000663093080749
0.00145268134374
0.0029491387848
0.000791971477415
0.000644058916924
0.000685380754801
0.00446288812755
0.00161893555865
0.00890934489893
0.000418962129043
0.00134382958577
0.000598982014996
0.00122497736106
0.00133121370556
0.00323241644551
0.00294162410606
0.00534784219195
0.00430326039592
0.00379071793984
0.00557962906807
0.00222303812152
0.00960774063025
0.00974670593015
0.000586417930592
0.000949882917829
0.0829294654569
0.0129791663262
0.00313177710865
0.00516964153304
0.00247957378963
0.00224934782629
0.00262573408428
0.000820152569166
0.0032073463676
0.000815125126713
0.00163233442142
0.0013249104936
0.000459966524904
0.000551059032077
0.00225677271182
0.00319795922185
0.0
0.000959883709428
0.00611513287698
0.00291243520149
0.00333140824053
0.00244340334584
0.00143686366529
0.00461389392678
0.00293370655577
0.00188040829935
0.00626868521657
0.0443633976992
0.00120695988769
0.000899903275027
0.00264874095732
0.00264652371352
0.00921535011763
0.00100995199332
0.00339649054756
0.0026457266596
0.00152194577831
0.00175852503246
0.0014182311206
0.000723547018644
0.0105251348549
0.00353443975621
0.00215370298211
0.00142473010962
0.00250670780337
0.00306671750976
0.000812835165164
0.000850694144625
0.00145514079042
0.00108461838801
0.00104208998458
0.00116802548981
0.001747091591
0.0015149865873
0.00149555655679
0.00140002341791
0.00138327137573
0.000219539471897
0.00190899556968
0.00459568351781
0.00152130669889
0.00669852789138
0.000707192793924
0.00211161801218
0.00417286750113
0.00249934077246
0.00299723776133
0.0112819885213
0.00391549781701
0.00135040154509
0.00173510873627
0.00102842592685
0.0031627992474
0.00209773260212
0.00817357265227
0.0121919171125
0.014624103352
0.0061477340144
0.00592311518121
0.0
0.0
0.0
0.00899222008581
0.0
0.0
0.0
0.0
0.0
0.00777696833717
0.00157398664866
0.0100842987096
0.0105676595999
0.00253835099502
0.0310381713027
0.00403118423528
0.00243554226281
0.00770626002287
0.00227153215443
0.00272534346625
0.00208605913503
0.00844187296419
0.000972075629987
0.000762558787608
0.000724182861838
0.00121271389808
0.00124952389684
0.00170290559707
0.000903803765692
0.000816229594211
0.00066814683846
0.00136897700842
0.00254366855522
0.000945248512177
0.0138903374995
0.000787944521416
0.0180090779286
0.00585764853548
0.00213022906299
0.00100871039357
0.00184624150327
0.000370015768403
0.00249222991441
0.00287702534045
0.0024449883189
0.00181781168092
0.00243766768217
0.0206273353016
0.00149983033184
0.0173463264518
0.0039014060602
0.000762150788579
0.00212469602804
0.00132117080619
0.00904259787154
0.00232688578296
0.00677052087325
0.00185604526391
0.0023714226373
0.00209959119116
0.00894103201929
0.00522429034885
0.00177067872081
0.00413898371202
0.00152177905361
0.00817689458714
0.00485027740307
0.0715495264984
0.00173801583718
0.00214032760883
0.00392064314151
0.00320652988379
0.00724898994541
0.0169089402804
0.00124413557516
0.00264182653651
0.00116347761093
0.00127346004564
0.00945074234392
0.000749183289941
0.00470725226238
0.0107019744916
0.00141933056589
0.000784844633448
0.00165191203198
0.00728959128814
0.000920290396554
0.0013704047006
0.00105341909392
0.00152488539428
0.00823578046189
0.0043122501756
0.00221975981552
0.00169948115013
0.003005080089
0.00105057562477
0.00273187859083
0.00118789445721
0.00150727194413
0.00680952237073
0.00212751061824
0.00573735323314
0.00430557598275
0.00620082557274
0.00692803587843
0.00615637219167
0.00522571725155
0.00270158410033
0.0015084800982
0.000944693562265
0.000962407386532
0.000322623205722
0.00329505150497
0.0021766691895
0.00119831790082
0.00202647051626
0.00775833333333
0.0522321428571
0.00897890295359
0.00372084923984
0.00621215986395
0.0245490808186
0.0245490808186
0.00432784140379
0.0108018145399
0.00564668367347
0.014589066073
0.00604553556872
0.0150710341488
0.000433754395681
0.0124321950623
0.000999416060452
0.00391250684921
0.000449858990695
0.000795492558512
0.000860013445888
0.000846957226587
0.0107313136121
0.00781506209178
0.0191114190522
0.00490332473452
0.00707682295027
0.00940046661663
0.0211764426737
0.00568699330828
0.0166362085992
0.00587460588008
0.00100581136364
0.00050542787295
0.0130919902006
0.0013877436847
0.000891866871976
0.000836579958087
0.00152784340099
0.000453749483915
0.000913479408298
0.000616533820481
0.00653359038374
0.0281202865762
0.000630345948283
0.00184635215679
0.00420287820683
0.0156187657999
0.000831106733188
0.00462993026806
0.0107584468295
0.00449976435846
0.0128763741865
0.00287948611347
0.00256942807054
0.00947831327872
0.00073578569093
0.00509980314416
0.00570188822329
0.000984905502741
0.0165091141885
0.00614693566769
0.00180185525767
0.0015720261154
0.000695583148275
0.00115614217837
0.000996537380532
0.000701358227736
0.00142787742786
0.000885825943268
0.0010981726911
0.0031503828316
0.00196666711637
0.00104898249179
0.00623299290396
0.00212947310395
0.00593808526962
0.0193992602874
0.00126428129201
0.00420689031548
0.00120561560661
0.00122506013166
0.0128902760453
0.00219631537358
0.000850964205827
0.000433637641794
0.000793456777327
0.00344155279295
0.000804685334647
0.0021594430861
0.00102145808552
0.00091758800157
0.00142530984836
0.00109239980798
0.020108782353
0.0022652378615
0.00501388888889
0.00315494130142
0.00175107665805
0.00251692670003
0.0268646164723
0.00146327677375
0.00253660637382
0.00406252092961
0.00546887776797
0.010029491342
0.00477775137197
0.000863832531417
0.00335278885963
0.00185569274028
0.000696675465808
0.000379440490813
0.000589215875202
0.000623003204288
0.0094160353855
0.00138633502695
0.00314557135607
0.00130510873608
0.00203609185083
0.00119205202162
0.00393255205798
0.00230736862548
0.000447371453304
0.00149429312545
0.00229097845263
0.000758183916925
0.00300353001646
0.00268352550518
0.000737991166332
0.00096630777384
0.00197720408026
0.000719711482725
0.0458882140783
0.000810123040939
0.00775767538764
0.00843827290903
0.00170728691901
0.00536696914789
0.000408063784597
0.000603047556389
0.00653809415467
0.000511546919127
0.00103953517133
0.000648276434252
0.000541113978949
0.00038811391309
0.00226088658145
0.00730424719158
0.000399968934452
0.0
0.00321464330712
0.00401276212718
0.00194245317989
0.00218930457643
0.00335044404819
0.00373454505812
0.00401327787191
0.0106754713569
0.00500079484698
0.00428307216668
0.000927510114397
0.00100805090552
0.0020000891741
0.000364215316035
0.0005147411938
0.00105855500571
0.00110777698899
0.00100391077239
0.00131774774853
0.00119136888209
0.00140236779348
0.00170940279712
0.00449591975748
0.00245436182448
0.00162470811313
0.000741296367139
0.00645136500471
0.00244494754356
0.000787051954597
0.0524967405779
0.00112808578328
0.000947081910982
0.000951197908965
0.000742873087298
0.000926186756646
0.00125603149566
0.000352885622974
0.000926579583722
0.000758100588487
0.00109976753075
0.0111281896725
0.00328504240338
0.00195619051743
0.00154257567074
0.000694895250871
0.00178593360555
0.00135408243904
0.00388853973292
0.00104962988045
0.00354338692613
0.00320695822522
0.00182614775788
0.00814295574376
0.0191059338909
0.00386634292982
0.00430294832987
0.00603256770595
0.02114547389
0.00767131474793
0.0304927667269
0.00367646573737
0.00628137978608
0.0158988957902
0.00244867138971
0.0109178100538
0.000908080232481
0.00305690277772
0.00326429563709
0.0300708926697
0.000299924569944
0.00591539422298
0.0229919695452
0.00101193358234
0.00279447040068
0.00195110800312
0.0019518210624
0.00554429387145
0.00737059939299
0.00113400789467
0.00113493143909
0.00201549700146
0.000853503415838
0.00573437720664
0.00171115247256
0.000970926363684
0.000427437518718
0.0032461525974
0.00103354861475
0.000531087998165
0.0046159339629
0.00233736658781
0.000944827347097
0.00139274465211
0.000521651097985
0.00138389824679
0.00295393861781
0.00603182050701
0.00220070908523
0.00814554073337
0.00713453403641
0.00278778827732
0.00092346628761
0.00251224657178
0.00328333394423
0.0026398605284
0.00275305572837
0.00209304624717
0.00102000650049
0.00158725085565
0.00117020402261
0.00173093848425
0.000877390003067
0.000687045123807
0.00118072349277
0.00176634810588
0.00063835233061
0.000905347209487
0.00248866316432
0.000873880200507
0.0019864264175
0.0013790748171
0.00334346305849
0.00980833200866
0.00171638237432
0.00341163783576
0.00246270365693
0.0220014255705
0.00137570665647
0.00746117572779
0.0167565442085
0.00523469387755
0.00812670068027
0.0173699015471
0.00637617065557
0.0242430795848
0.0061592380622
0.011977596946
0.00731470814132
0.00760477847053
0.00196251568713
0.00167690648032
0.00348558344454
0.00852945793776
0.00388778698883
0.00119646200096
0.00395941873597
0.00214536491339
0.00145534203677
0.00187988790984
0.00864229713989
0.00882468694168
0.000827015145074
0.000772622600902
0.00890677786202
0.0130588984616
0.0040888056436
0.0119092209824
0.00799570116623
0.00536683489307
0.00104210353825
0.00179044949248
0.0220989988909
0.0084528900631
0.00487167513113
0.00134222958795
0.00123754440135
0.00994386366143
0.0072568319588
0.000580734639326
0.000504413029374
0.000592098342842
0.00409351717344
0.00114909793198
0.00047291610145
0.00396825396825
0.00893860240422
0.00826815428265
0.000961276101564
0.00141531145274
0.00723169146324
0.00102052878585
0.00304185387917
0.0627467585563
0.0009533566135
0.000660779371037
0.00454253905981
0.0012266860233
0.00137910422702
0.0103156266866
0.005768313264
0.00116578983398
0.00151087579182
0.00157046364126
0.00277183528904
0.00151888668447
0.000762070307862
0.000374564783127
0.000869719695605
0.00485513828129
0.00137024800492
0.00148795550771
0.0016617737819
0.000711658235127
0.00776086409278
0.00184736718186
0.001951116623
0.00214131192128
0.00516907004096
0.00131152142416
0.00342744689538
0.00298481564898
0.000710997353597
0.0156523033499
0.000858939016323
0.00136262560282
0.0017558164801
0.00114730901393
0.000728186950201
0.00144655462851
0.000724218962567
0.000949985352769
0.00164356583068
0.00105697742892
0.00192651796226
0.00116310750111
0.00195096469125
0.00109925508616
0.00103025207346
0.00197447796219
0.00176974669513
0.00112907491962
0.0107137492169
0.00559454137416
0.00675946025956
0.00756962692205
0.00413404575593
0.0023979076776
0.00699856764736
0.00490139569665
0.00370955020019
0.0116943875001
0.00340120250254
0.00590977930589
0.00190852241057
0.0023027984488
0.00316037738168
0.0143118705048
0.0052979282228
0.000927250662571
0.00383682324463
0.00277564235323
0.000896144175872
0.00180241224618
0.00379956487036
0.00556805902239
0.00268987010658
0.00336053581786
0.00350162892862
0.00266857494075
0.0028105338069
0.00701345852881
0.00573422180622
0.00287957099167
0.000904869821068
0.000312525400351
0.00105327354144
0.0012563299278
0.000663510168134
0.000878691101452
0.000746254963001
0.00116404526987
0.0011649521447
0.00100978913125
0.00423108346945
0.00352371803823
0.0047318285489
0.00307068346337
0.000878391930497
0.00729661803165
0.0107528823672
0.00178350860367
0.0032366807587
0.00310352466147
0.00081424671504
0.00123449683438
0.00237795524017
0.00415982353192
0.000731574017011
0.00120500866319
0.006504061831
0.00101275997086
0.0065022541329
0.00767061071052
0.0225684475457
0.00841954194319
0.0220498942116
0.00184745780076
0.00506272436258
0.00172841364162
