0.0837131739855475
0.091035483285982
0.0837085209271302
0.0907666345226615
0.0988578180385979
0.0863037249283668
0.0909365376486927
0.0843697478991597
0.0909090909090909
0.0915501519756839
0.0915724188252463
0.0996427153632394
0.0913668628283686
0.0915445869552003
0.0925231922344412
0.0989032639390556
0.0915557176728069
0.0993665874901029
0.108815028901734
0.0919357792564556
0.091433428450003
0.0934069341933883
0.0914611927608405
0.0906082666506227
0.0907447577729573
0.0910519951632406
0.0916560160671901
0.0919357792564556
0.0839137460299772
0.0988124138836034
0.0915668510974646
0.0843177873579307
0.0907010358949651
0.0907174266610445
0.0913779503670894
0.0911732655285143
0.0913779503670894
0.0907611643464111
0.0841293782470253
0.0779180463576159
0.0774094063222822
0.0911346444780635
0.0774094063222822
0.0911787854937337
0.0796361905769129
0.0908816607326052
0.0915891260718847
0.099157229391625
0.0914834163528125
0.0915891260718847
0.0989552533017938
0.0919077261076529
0.0992617980490377
0.0992879746835443
0.0915000911355489
0.0909420289855072
0.0993862601465056
0.0993534767119673
0.0994125024754109
0.0916114118863678
0.093430113530616
0.0989292517900545
0.0937324951764486
0.0797289427709249
0.0796193497224425
0.0911456757247473
0.0843272299680833
0.0907447577729573
0.0842847548690396
0.083857675817139
0.0915334589436577
0.0842564618999664
0.0911456757247473
0.0995110347561781
0.0995636652122174
0.0995702479338843
0.0996031746031746
0.0861999885524584
0.10846236946345
0.0996295316221222
0.0913668628283686
0.0843036274070757
0.0993338170305389
0.0988643077529049
0.0914834163528125
0.101468804743296
0.110023378141438
0.109201653252121
0.101694915254237
0.101523527032493
0.100252962321928
0.101729262361524
0.0994256288373935
0.0995307646553433
0.100621367007416
0.0990333399092523
0.109999269593163
0.10106704248037
0.108744313668857
0.0988383540066942
0.0997615262321145
0.101134913706266
0.0999004975124378
0.0997879671349059
0.10138000673174
0.108018935590303
0.108933092224231
0.100013281976358
0.0997218911402463
0.0996427153632394
0.0997218911402463
0.101660591332523
0.101537216828479
0.0998806207719857
0.110605170387779
0.0995505023796933
0.0999601752289924
0.0997813555953091
0.0998210379797176
0.0998739969493998
0.0918909024345598
0.0915167719980554
0.108360915239603
0.09169508037019
0.0919021175321901
0.0998607519395266
0.108658008658009
0.108603158577919
0.108712914170216
0.0992160221358456
0.108034433285509
0.0998475104422197
0.0995044598612488
0.0991180729235224
0.10994305738064
0.109862853807995
0.108485808961245
0.0990854661490888
0.0992814292306678
0.0993076162215628
0.108877964141122
0.108775731310943
0.108065442020666
0.108493624378647
0.109312622486753
0.0918572735590119
0.0994913126775451
0.0992029510572426
0.109983203096473
0.0992617980490377
0.0999270121425254
0.0916058394160584
0.100119664938173
0.107926042711767
0.100073094557778
0.100086395959327
0.100931572950875
0.101168883514712
0.101332256762212
0.101073825503356
0.11019243433087
0.109999269593163
0.0991898834222486
0.109288824383164
0.0995702479338843
0.100346481876333
0.0996295316221222
0.107879656160458
0.0991964168093795
0.0994978858350951
0.108251868890167
0.108595327372368
0.117362842892768
0.11768383214816
0.127605490594814
0.118470736312146
0.118601354544023
0.117960366570063
0.118359006601698
0.117831155621626
0.11822892133773
0.118312514730144
0.128170212765957
0.11805283373834
0.117244063838069
0.118256772673734
0.10856401384083
0.127843803056027
0.108345323741007
0.108972503617945
0.11759194190677
0.108767875198613
0.127648754026106
0.128432543066689
0.117785077428437
0.108712914170216
0.108205201896824
0.118006582040433
0.117408591252826
0.118359006601698
0.118191806623764
0.127670396744659
0.117564402810304
0.118182531585969
0.11815471520477
0.10843113255094
0.108236308753773
0.116419294990724
0.119145569620253
0.116473317865429
0.118331107095152
0.109830805134189
0.118854076237077
0.118957345971564
0.118582677165354
0.127876369194192
0.118722901064249
0.119410085632731
0.118182531585969
0.118201083117495
0.107856477834276
0.117399438727783
0.109846827133479
0.117555225977675
0.128993576017131
0.101578308377175
0.127681220856295
0.11765625
0.118080602164027
0.108610990913025
0.119353304802663
0.129059902305253
0.117739035259167
0.128684952576263
0.108493624378647
0.117794290183809
0.109782767167226
0.108665848906848
0.117785077428437
0.128905246939998
0.108259650636187
0.118694829760404
0.108689376443418
0.128137496809325
0.118414845101431
0.128443496801706
0.118275347522186
0.117472698907956
0.118657421998109
0.118303220738413
0.129270386266094
0.117161972926715
0.118043580498511
0.118769716088328
0.117840375586854
0.118163985876814
0.118006582040433
0.117052697030934
0.117564402810304
0.127692046803459
0.117472698907956
0.11765625
0.127421947711312
0.119599745870394
0.118173258003766
0.125447730112453
0.127131521188587
0.135883785978526
0.125804026397126
0.127454299255247
0.150856455975158
0.127013578476849
0.126363483806008
0.127378837858412
0.127475876079228
0.135164243403339
0.119476398254661
0.117262321887409
0.116834755624515
0.137710314557425
0.126767676767677
0.126661059714045
0.137408759124088
0.127368064952639
0.126458980602905
0.127357293868922
0.12752985011432
0.127724535662794
0.12655462184874
0.12677834834582
0.126395300041964
0.127120790073436
0.126543987900176
0.126639757820383
0.139599555061179
0.126629109560246
0.137296016045218
0.126172922252011
0.126714345814051
0.139573679332715
0.127822101510779
0.139379916705229
0.139405720633157
0.139625440385685
0.126906547568889
0.127303465765004
0.135115736587116
0.135602377093463
0.13501882732652
0.13718345782474
0.136822022349414
0.138139790864062
0.147531347962382
0.118573340681836
0.127519051651143
0.127843803056027
0.13950903195924
0.139910813823857
0.118657421998109
0.127789563003818
0.127228182816592
0.139470272272643
0.11952380952381
0.118489378442172
0.117454375292466
0.126586534420442
0.137396222972357
0.127767879867651
0.126895854398382
0.136859323882225
0.126172922252011
0.127131521188587
0.137158469945355
0.138063806380638
0.127303465765004
0.117748240813135
0.117628680777943
0.136983809350555
0.119457444276989
0.126374087438114
0.126586534420442
0.134994621728218
0.126363483806008
0.138279313194381
0.139625440385685
0.126331683583592
0.138330118489942
0.138152463076782
0.126767676767677
0.134272467902996
0.132827659199153
0.135006723442402
0.131643356643357
0.136487221315933
0.132535421983631
0.136499592132693
0.135127860026918
0.136400688343447
0.133747779751332
0.132956652246844
0.125103837846818
0.134909970438054
0.123940416426632
0.125961860153898
0.125249500998004
0.136252601103773
0.126035651518956
0.136277259976473
0.131850814218175
0.137208454810496
0.145310690852953
0.137534246575342
0.144571373716041
0.135932845924722
0.13624027501357
0.135079379316531
0.144626908671852
0.133569844789357
0.135164243403339
0.136450122315847
0.145058755538432
0.14525462962963
0.132605441577881
0.133759658939515
0.135419476665767
0.136511965192168
0.132710609799084
0.126395300041964
0.134644613321413
0.135067264573991
0.126151784218462
0.134958329599426
0.135382955771305
0.1352249259226
0.12655462184874
0.135249214189493
0.126004016064257
0.137559371574717
0.134584450402145
0.137071084008374
0.137584505755527
0.144599135861738
0.14389451557424
0.137108521485798
0.144919168591224
0.134332352154134
0.136326604508011
0.135761290904174
0.126682368775236
0.146797933521786
0.134837496642493
0.135945116447012
0.126586534420442
0.134260497459214
0.136437760463852
0.123341523341523
0.135176375549771
0.144183820009574
0.135431654676259
0.132198033707865
0.135297816907735
0.131816192560175
0.14214252005663
0.136178677999819
0.134248529149581
0.135103615322508
0.135969664138678
0.144807692307692
0.14389451557424
0.134236562973527
0.143319375713742
0.143455896361212
0.13162034609334
0.143033526450755
0.143729719412102
0.144807692307692
0.133700284090909
0.14455749664043
0.132980132450331
0.132944915254237
0.142979208202791
0.132968391312025
0.130197977003545
0.140432674375233
0.133003620948512
0.144613020933359
0.144488151204068
0.156094527363184
0.151113786875376
0.139755011135857
0.139625440385685
0.152259629966636
0.153329260843005
0.152182700080841
0.152013727667306
0.157481961727491
0.151983045716016
0.154414026453399
0.152213462704669
0.15050969418349
0.154382368016402
0.152228848680885
0.150404474183561
0.153282442748092
0.137609649122807
0.141581272915296
0.134656652360515
0.133795309168444
0.134620541700188
0.141103719666448
0.13405732597472
0.144321993291806
0.144488151204068
0.143908265647396
0.14283004552352
0.156386292834891
0.156907689101896
0.153033228330454
0.157251748981936
0.164770240700219
0.144585253456221
0.151509054325956
0.151053159478435
0.152275025278059
0.140171258376768
0.143483231707317
0.143019943019943
0.140800299177263
0.143702290076336
0.140014875418371
0.143812070282659
0.140197356172035
0.140445770773105
0.133309728246437
0.14360636979117
0.143729719412102
0.133321529745042
0.132757404795487
0.136264929424539
0.153360488798371
0.15213657945247
0.155981356809943
0.155916761569521
0.155787731457536
0.143935773678677
0.140576869224307
0.143047112462006
0.144183820009574
0.156046005595275
0.142397881996974
0.144321993291806
0.140471970898237
0.143169502804449
0.140668783859518
0.140301844605925
0.141714500799849
0.143798338584933
0.164950711938664
0.143990821302228
0.156159270012443
0.155787731457536
0.1570222083203
0.139988845510318
0.151204819277108
0.163891609533137
0.156483790523691
0.151204819277108
0.15331365163392
0.157136894824708
0.149820931157979
0.150194474917722
0.150962309542903
0.151432880844646
0.139444444444444
0.149553128103277
0.146227789105738
0.149746445262007
0.149523431294678
0.156143079315708
0.149686909849916
0.149553128103277
0.156143079315708
0.150149551345962
0.15721891637958
0.149123675611447
0.151189639594418
0.158342971296394
0.157153292288427
0.149835837230126
0.149865658274455
0.154398195612057
0.15114411882778
0.156110707992122
0.152105847894152
0.156630265210608
0.150735662095886
0.150539784086365
0.147488003133875
0.156062176165803
0.151265568501406
0.157894736842105
0.14922711058264
0.149806028051328
0.149806028051328
0.145916093401802
0.155836092715232
0.150464581876311
0.150584941505849
0.149761336515513
0.155932905363429
0.150359424920128
0.144114832535885
0.139470272272643
0.156760695326325
0.151615826034431
0.139819886732894
0.139910813823857
0.15049465374238
0.152029073288916
0.159179790719797
0.147343704138538
0.162634989200864
0.150089695036875
0.151295961422544
0.151311162463579
0.149761336515513
0.149746445262007
0.15
0.151189639594418
0.16230197219528
0.149746445262007
0.157186097484605
0.149850746268657
0.154986106823094
0.145212612091409
0.145226615236258
0.144807692307692
0.144682486309924
0.150089695036875
0.163535671625584
0.156500051958849
0.164734193830672
0.163873775843308
0.171702200433246
0.164644145621515
0.159348217119882
0.164213280994439
0.151799213788933
0.165421792618629
0.144460431654676
0.144446575868022
0.154970158468821
0.16261742792355
0.162424503882657
0.162529678394129
0.164052287581699
0.149315883402736
0.163677861102054
0.163766855154415
0.167911695841231
0.163731245923027
0.162371967654987
0.162442023514184
0.163677861102054
0.162214562688496
0.163181276411312
0.163588963719314
0.151722748337699
0.166041896361632
0.158844003797068
0.166261867962023
0.156842324515726
0.168815155251653
0.166225165562914
0.164052287581699
0.153532470180447
0.155594586217584
0.168815155251653
0.164932647026613
0.16509537382153
0.164267015706806
0.164016554127641
0.156630265210608
0.159838675440458
0.164590163934426
0.153877592725043
0.162005163511188
0.164034418908616
0.154970158468821
0.163163596966414
0.165023011176857
0.156029838375466
0.151707464490783
0.153626440885443
0.154890465905585
0.155819968960166
0.163145921351966
0.162670123136747
0.167147613762486
0.167836843864928
0.162582316744035
0.15002988643156
0.144974971120524
0.153516819571865
0.151799213788933
0.154604250076994
0.149686909849916
0.152167323431343
0.155049933079378
0.151585304479114
0.156630265210608
0.152244237767893
0.152460012148208
0.151432880844646
0.151220002008234
0.152398299939284
0.157301023605599
0.149806028051328
0.165822506055935
0.159112519809826
0.149182763744428
0.15876027830487
0.151983045716016
0.157449032932567
0.152090486770349
0.148608644168147
0.155642827614717
0.168211772590193
0.155305764669485
0.163802479878181
0.167482206405694
0.158961367954402
0.155161755615083
0.157597321054835
0.153298045602606
0.167444963308873
0.149820931157979
0.166096834675196
0.158193277310924
0.163517915309446
0.163340563991323
0.149835837230126
0.157465495608532
0.165840766435415
0.158060453400504
0.152722847581381
0.153033228330454
0.157580830804646
0.157153292288427
0.157994125052455
0.156711758584807
0.158077044190196
0.155113811927078
0.1553698545342
0.158027282266527
0.163234337741166
0.149345497818326
0.14833054269674
0.149094149094149
0.158710085361998
0.151875756353368
0.149597695440548
0.149375123983337
0.163945133899412
0.153861871679608
0.153689151954281
0.165749504732556
0.155594586217584
0.165312843029638
0.156793336803748
0.157564344005022
0.15697310819262
0.155433997316545
0.151814516129032
0.149419585276317
0.151250376619464
0.157778941854374
0.14846214511041
0.149241898721633
0.149553128103277
0.158543004526792
0.151768618361383
0.152614511552493
0.157186097484605
0.148814229249012
0.149271483794231
0.155610663360198
0.168305766651766
0.156029838375466
0.156679151061174
0.164644145621515
0.164428431051425
0.168005354752343
0.157268170426065
0.155321782178218
0.157597321054835
0.151038010229666
0.157186097484605
0.151983045716016
0.151007720846285
0.151631091421667
0.164320785597381
0.157630311911241
0.156679151061174
0.165713028169014
0.155997513983841
0.156679151061174
0.155723296453314
0.165131578947368
0.16423118865867
0.155949052500777
0.167874261509308
0.167594035165813
0.16711051930759
0.148637978681405
0.149404761904762
0.167389129709903
0.149079390219758
0.158326324642557
0.15754786065488
0.167184724689165
0.165312843029638
0.15140243289434
0.152105847894152
0.152198079838302
0.152090486770349
0.151448109412711
0.167054908485857
0.148711365656167
0.165204036858271
0.167221852098601
0.167258996001777
0.167091978253634
0.167277574141953
0.164968780808413
0.167351927991999
0.167258996001777
0.156500051958849
0.157564344005022
0.16688829787234
0.155852219807513
0.156793336803748
0.156646557104223
0.156891342848213
0.167184724689165
0.164590163934426
0.150932050511124
0.165694795907141
0.158726812816189
0.148902511370378
0.158409592931524
0.150856455975158
0.148843644989128
0.15876027830487
0.15827640567525
0.152198079838302
0.148976159857553
0.151814516129032
0.148126290941281
0.156777014366021
0.148873072360617
0.158927817644576
0.167855550601872
0.156143079315708
0.159129332206255
0.158027282266527
0.168268156424581
0.152831337527907
0.155530310854074
0.156175464067199
0.167706013363029
0.155081865925239
0.156256484747873
0.155707196029777
0.156175464067199
0.154176904176904
0.156386292834891
0.156272698972709
0.156386292834891
0.144460431654676
0.152707361589941
0.153579441158474
0.168701691497704
0.16847522094194
0.151570048309179
0.151692183722804
0.158593091828138
0.151875756353368
0.151204819277108
0.14360636979117
0.152784822968449
0.15050969418349
0.14593023255814
0.151692183722804
0.152537222728654
0.152151949888866
0.153438614365767
0.153329260843005
0.155498193082086
0.158877518725604
0.156094527363184
0.164070160148164
0.167314742806355
0.163909447104919
0.155642827614717
0.156013674505335
0.155353827109552
0.154874537227478
0.157383216637057
0.15128076343546
0.151038010229666
0.15247544801053
0.146256191123628
0.146726422447389
0.144933115195843
0.144613020933359
0.14476593290397
0.153532470180447
0.153298045602606
0.144821617463218
0.15468364831553
0.159095710965561
0.158559696778269
0.159584613754371
0.152090486770349
0.152908924763935
0.143414912865441
0.15721891637958
0.167687339939873
0.152645449016825
0.154540790148794
0.155997513983841
0.156940391829929
0.155836092715232
0.155658914728682
0.155819968960166
0.155658914728682
0.142102283449707
0.153376107546593
0.151921718954908
0.152213462704669
0.153111020740138
0.152228848680885
0.15178391453336
0.147473560517039
0.151524298219137
0.151676906032833
0.14041958041958
0.140892506314903
0.140721360493366
0.139949818790075
0.140892506314903
0.15140243289434
0.151631091421667
0.146313028271641
0.14078713658035
0.146769320728974
0.150254414845855
0.151829821554592
0.141581272915296
0.151204819277108
0.141607898448519
0.152352048558422
0.158743543796775
0.158526315789474
0.146043444530644
0.152986590816741
0.152336637669432
0.15315773416048
0.157927852348993
0.160468833244539
0.159078905672335
0.152321229897846
0.146384136858476
0.146969844832634
0.152336637669432
0.152290423703104
0.131873905429072
0.146697837521917
0.146100116414435
0.146057608379401
0.146284604176785
0.139690195714683
0.146043444530644
0.135127860026918
0.152228848680885
0.151921718954908
0.152275025278059
0.141794557951229
0.152986590816741
0.141701166729394
0.151906394996974
0.159517000317763
0.151524298219137
0.151983045716016
0.14769049720506
0.142965635086387
0.151921718954908
0.141381900112655
0.136722650930549
0.146626423911985
0.140826631756125
0.141567963902989
0.159381945179384
0.141701166729394
0.146313028271641
0.152986590816741
0.14705595156723
0.126458980602905
0.12641651976832
0.135395127213881
0.135103615322508
0.13658625068021
0.134704830053667
0.13662342375034
0.126949338278682
0.130231753718437
0.13494623655914
0.147545801900656
0.127045722962713
0.147516896855716
0.137408759124088
0.137371157529873
0.136314265025344
0.136784741144414
0.139315448658649
0.136611030478955
0.135480388629003
0.136450122315847
0.139251040221914
0.136611030478955
0.140027894002789
0.14058999253174
0.140053938435785
0.136437760463852
0.136117136659436
0.134176764076978
0.136450122315847
0.133926189417519
0.133926189417519
0.12604620020087
0.136511965192168
0.140066964285714
0.139289678135405
0.134296415195292
0.136536718041704
0.146697837521917
0.136437760463852
0.146626423911985
0.135785772247768
0.134777161267227
0.125604670558799
0.134873723804406
0.129760468723074
0.129973245879002
0.129671086619597
0.133914280633114
0.134897886062343
0.134332352154134
0.13494623655914
0.140145170295924
0.134909970438054
0.136289592760181
0.141661179569184
0.130288087204775
0.136511965192168
0.146284604176785
0.136092535694921
0.136314265025344
0.136561479869423
0.134452281046335
0.131827731092437
0.136141746519617
0.137195955179011
0.135945116447012
0.129648760330579
0.134392289844726
0.13606794362125
0.137158469945355
0.129637600068865
0.136289592760181
0.13709604005462
0.136549097832986
0.12970459047455
0.136178677999819
0.129726935997933
0.130209233961612
0.138177814478393
0.1255
0.134728931830381
0.141315567232805
0.129336997595328
0.129481557905597
0.120028692117638
0.12989477315853
0.129626441728353
0.129214929214929
0.129905977745191
0.129259291047979
0.135761290904174
0.129962029685882
0.128072114975763
0.132640479126299
0.140892506314903
0.137383689107827
0.134789224022196
0.137195955179011
0.13624027501357
0.129514963880289
0.137371157529873
0.129503826640296
0.140721360493366
0.125772507098714
0.133985765124555
0.125552313463943
0.129570678826465
0.134765100671141
0.140984834300693
0.126575895108422
0.134970424807313
0.129827586206897
0.128093901505486
0.128050335855795
0.131333391471178
0.119952210274791
0.122190669371197
0.122230338446555
0.133286131516063
0.119656761481011
0.121559447897328
0.119466920514041
0.133074136255191
0.129503826640296
0.129995684074234
0.141647855530474
0.126746339000168
0.141541353383459
0.135055152004305
0.129861170992498
0.136166365280289
0.130254281266217
0.125615147218283
0.140668783859518
0.132279314888011
0.12989477315853
0.130231753718437
0.132722305455186
0.132395604395604
0.129514963880289
0.122200584225901
0.14547913446677
0.120557156580211
0.120009562514941
0.119933105041013
0.121923575129534
0.1195807527394
0.119742386896716
0.119599745870394
0.11952380952381
0.128017681060864
0.119514324259979
0.119287128712871
0.127908951927977
0.119533296293357
0.121785540999515
0.119362764524055
0.121637993700024
0.119504840501508
0.111845525436316
0.110345838218054
0.12109029508724
0.119637750238322
0.123029164283964
0.12137330754352
0.12103190548903
0.121295103092784
0.111779113783122
0.121041633177946
0.120925004014774
0.111912016051126
0.12103190548903
0.119438496312158
0.123210341160108
0.121295103092784
0.121451612903226
0.119656761481011
0.111978585768459
0.113403614457831
0.119410085632731
0.12217084448771
0.110890214269936
0.121687136393019
0.119694802098236
0.122160934458144
0.131047685346328
0.121716641073305
0.119315480906354
0.121765847347995
0.119230464729633
0.121746160064673
0.121422236555672
0.131116141389518
0.12165764601341
0.119971321596431
0.119533296293357
0.11212030970816
0.120586115781888
0.111820611820612
0.119514324259979
0.121012454801125
0.111770817871456
0.11193697041772
0.11952380952381
0.121304873137334
0.121061093247588
0.120973572174472
0.121441819208128
0.112020232073788
0.121187736380462
0.121314644755921
0.119136144292382
0.120944426598137
0.128377802403887
0.111862140681869
0.11187876086472
0.111283529150964
0.119637750238322
0.111912016051126
0.121041633177946
0.120866773675762
0.12093471452662
0.12169696969697
0.121285334621889
0.121412447597549
0.12107082562907
0.11192033293698
0.120857074071102
0.121402660217654
0.12309955860716
0.111795709301462
0.120993010363943
0.111258865248227
0.111663082968785
0.111324659964518
0.121041633177946
0.121022179363549
0.112673948825378
0.11183721966434
0.113352401023634
0.104736073440434
0.11349762604567
0.113608931804466
0.113746223564955
0.114646772228989
0.111580351189153
0.111201358635457
0.111209570225964
0.112203844434511
0.111654804270463
0.111621701749185
0.11131643136965
0.111555555555556
0.111671362894854
0.105219031649549
0.113378001957389
0.112329380174536
0.112995198079232
0.113746223564955
0.113514735810658
0.105277874868927
0.113668956147634
0.113489073097212
0.103976801988401
0.103704723867236
0.113335340156532
0.103955270242286
0.103711865573996
0.104721507544677
0.113148009015778
0.104113377117179
0.10337726523888
0.103193093051939
0.103819109334069
0.104041450777202
0.104048638938787
0.103363074811256
0.104034263608732
0.113148009015778
0.103726151938839
0.123019114523771
0.111423498076354
0.111160318866253
0.111489487710986
0.111439988160426
0.111423498076354
0.120663408380739
0.111160318866253
0.103797642842374
0.111961935915545
0.103505154639175
0.104012708059949
0.113190529875986
0.124658554755401
0.113395075672013
0.104257528556594
0.113190529875986
0.113156510631903
0.120827984595635
0.120857074071102
0.120925004014774
0.1209541402297
0.12084737602311
0.111481234732401
0.123089497343686
0.111654804270463
0.120798909120077
0.120905587668593
0.112128657583203
0.113703284258211
0.11352329262777
0.113626075147125
0.114298724954463
0.113703284258211
0.113548970821081
0.114498593476773
0.113489073097212
0.11346342198448
0.104048638938787
0.112145357063072
0.104525263742365
0.104336982125537
0.0960520441354678
0.105094207955338
0.0966313763233879
0.0960581706850364
0.0965879938429964
0.0961072112316528
0.0960642980162021
0.0960826847007784
0.0891335227272727
0.103919403808998
0.0963223536936361
0.0964333738874304
0.104228666343692
0.0963901689708141
0.10409898389438
0.0964704375120108
0.0964580798052905
0.0971174308376862
0.104207030168835
0.103320526893524
0.103719008264463
0.0956372642408078
0.103697583143979
0.103783336778995
0.103533617489344
0.105167597765363
0.10513822954482
0.0956433379906008
0.0965075296379366
0.0960336691748502
0.0962607861936721
0.0966499807470158
0.0967804125698863
0.0964210256738588
0.0964395491803279
0.10446001248526
0.0970923860486107
0.104214241228981
0.104221453287197
0.103476707434382
0.0895096582466568
0.0895149786019971
0.0964704375120108
0.0894777493910047
0.0894671181607557
0.089112426035503
0.104077401520387
0.103926575115589
0.0966499807470158
0.104816258351893
0.0966065815639233
0.0966375770020534
0.0967431104259009
0.104207030168835
0.10513822954482
0.0965260863991796
0.105130890052356
0.10510154232675
0.105130890052356
0.103955270242286
0.103327615780446
0.103783336778995
0.10402707743317
0.103320526893524
0.103905064164482
0.103711865573996
0.104055828093692
0.0963901689708141
0.0890544615930459
0.089075530845212
0.0890597279716144
0.0895096582466568
0.0892814797249229
0.0895043385237133
0.0829752066115702
0.0889755405884438
0.0889650283553875
0.0893662473296938
0.0827881919630587
0.089573544281211
0.0895895300416419
0.0721333461059488
0.0889282550930027
0.0895628902765388
0.0828018473718936
0.0675366608368088
0.0675396896582653
0.067563930013459
0.0634425815148707
0.0890123529759442
0.0889492646624535
0.0830026455026455
0.0893874643874644
0.0893609446389367
0.0890386661936857
0.0825476869107652
0.0885986586657254
0.0893397401672896
0.0889440113394755
0.0721126221030454
0.067497310864109
0.0720953611948873
0.0721022645664768
0.0721091692602346
0.0721437125748503
0.0721195287807681
0.0773100616016427
0.0675578682935582
0.0675699928212491
0.0830988246978977
0.0893450403417181
0.0889807976366322
0.0887500736637398
0.0889597731702995
0.0829112530279674
0.0889650283553875
0.0887605351564802
0.089307952321651
0.0889597731702995
0.0721368012645495
0.0771911840082009
0.0771990978060283
0.0772981573679618
0.0721057167480609
0.0721264367816092
0.0721057167480609
0.0772466146901929
0.0721160752765407
0.0721126221030454
0.0675487777528594
0.067563930013459
0.0634693189480782
0.0675396896582653
0.0771555919872944
0.0721229826157751
0.0675396896582653
0.07723869114781
0.0771674523467924
0.0770490125856953
0.0720953611948873
0.0720953611948873
0.0771634984884972
0.0721160752765407
0.0771951407042903
0.0830850711684873
0.0830942396821894
0.08893350655486
0.0830988246978977
0.0830896551724138
0.0829614939679392
0.0828793131913488
0.089664205763277
0.0772426527158024
0.067563930013459
0.0675366608368088
0.0675427187514015
0.0890070921985816
0.0890702625975869
0.0893715506498131
0.0889807976366322
0.0890018320430235
25.1
30.734693877551
25.5254237288136
31.375
25.5254237288136
34.2272727272727
25.5254237288136
33.4666666666667
31.375
33.4666666666667
0.067545748116254
0.0674368619022031
0.0674821884661917
32.7391304347826
48.5806451612903
0.0597785099035446
47.0625
32.7391304347826
57.9230769230769
53.7857142857143
41.8333333333333
57.9230769230769
251
188.25
188.25
32.7391304347826
50.2
251
251
25.5254237288136
25.5254237288136
188.25
188.25
22.8181818181818
22.8181818181818
33.4666666666667
27.3818181818182
18.825
22.8181818181818
18.825
57.9230769230769
0.0597785099035446
0.0633598384450334
47.0625
48.5806451612903
0.0597737646358404
0.063378503492972
0.0597785099035446
0.0674519639897881
37.65
0.0633598384450334
0.0674217665756368
0.0675063875565915
0.0674429019256605
0.0674519639897881
