0.000710491367862
0.00199590526782
0.00061365648517
0.003510481882
0.00390023240372
0.0032249573136
0.00340036678682
0.00330629861506
0.00321776386517
0.00401366755201
0.00422670429394
0.00612798804781
0.00319729020426
0.00414314962373
0.005305523936
0.00542911686587
0.00403248118637
0.00613830392715
0.00860897679125
0.00529963479416
0.00458582337317
0.00477174634794
0.00393766205021
0.00227810978309
0.00321112375893
0.00243027888446
0.00540346550307
0.00459171251502
0.00164065958389
0.00376189685702
0.0039968696642
0.00199147853032
0.00334558591033
0.00341032694618
0.0036067634225
0.00372351862392
0.00353150888509
0.0036067634225
0.00135402833112
0.000472000885347
0.000192009738822
0.00280046480744
0.000147742363878
0.00284583886676
0.000795152722444
0.00311816227155
0.0051972664896
0.00558883513565
0.00550990482514
0.0053356020363
0.00577218902169
0.00548777113767
0.00582677227598
0.00621411180674
0.00391940175805
0.00338653323215
0.00599166824764
0.00433330171378
0.00667283247961
0.00418797034086
0.00541915670651
0.00518785967242
0.00590479352432
0.00101648959717
0.000789619300575
0.00281208499336
0.00201693227092
0.00263778220452
0.00190405046481
0.00123118636565
0.00350439511794
0.00182547587428
0.0037954531082
0.00611526117751
0.00614790836653
0.00639912571934
0.00626134351483
0.00291508568899
0.00745324258521
0.00620047587428
0.00394394643648
0.00212040725985
0.00587546638841
0.00355771359008
0.0038886122178
0.00681902021543
0.00858847678071
0.00778642045574
0.00698502287148
0.00651136195957
0.00727623895951
0.00712335841818
0.00604146904446
0.00539698349459
0.00691601319589
0.00575594447606
0.00831757625582
0.00701500874808
0.0079789308375
0.00523766046923
0.0058075633972
0.00726722738675
0.00637252576994
0.00650532789477
0.00763519994098
0.00713005122368
0.00841541242438
0.00591325175489
0.00579704989566
0.0058285904003
0.00631553152469
0.00699055629335
0.00739172937878
0.00614786884209
0.00965655894939
0.00557942831847
0.00687883387087
0.00670674445077
0.00669567760703
0.00577997533675
0.00532212420161
0.00465941788402
0.00738569531398
0.00474739929172
0.00545492632644
0.00662097641181
0.00721028584076
0.0078549294884
0.00768734585468
0.00579246506039
0.0077497944729
0.00672611142731
0.00566567065073
0.00574100423702
0.00830073884357
0.00763174813972
0.00712654672316
0.00527509011573
0.00599166824764
0.00599609498514
0.0080268344611
0.00747791901178
0.00778639410612
0.00737831741816
0.0076616286178
0.00484755422753
0.00649955732625
0.00585333270094
0.00882997112081
0.00586716625561
0.0054932650351
0.00480218016822
0.0065830592972
0.00702296633572
0.00628259448977
0.00630694154599
0.00715429288138
0.00591670355615
0.00697279664411
0.00738464132886
0.00922616412656
0.00842658466662
0.0055734206033
0.00754310799132
0.00588495225447
0.00663420392504
0.00562385379118
0.00664582411096
0.00548275153355
0.00515627964333
0.00757630852252
0.0076067423428
0.0116796570332
0.00981987394338
0.0124396330024
0.00996283384979
0.00859675056388
0.00965572893611
0.0100746880204
0.00885792807606
0.00839636164337
0.0101266626615
0.013648013765
0.0113626710091
0.00951968820246
0.0098450534083
0.00704745831489
0.0139436170661
0.0076257009001
0.00715037996163
0.00841304095786
0.00712049948355
0.0129520278674
0.015267211577
0.00789621935538
0.00711164600856
0.00669110594658
0.008801487173
0.0105781264073
0.00964470161681
0.0103855633263
0.012482793693
0.0087792349122
0.00859730390607
0.00914036973798
0.00725840026139
0.00698726258985
0.0102887284436
0.0107469748232
0.00840296222517
0.0117480343178
0.00721290762874
0.0101198009789
0.00989648788205
0.0113495644646
0.0124983028444
0.0117252838094
0.0102542631303
0.0105200254777
0.00924961529543
0.00750076413921
0.0104288294154
0.007160340121
0.0114640272484
0.0107800807353
0.00654458884041
0.0137096742899
0.00833363635405
0.0107120352165
0.007316501191
0.0101299982849
0.011008215814
0.00830403254706
0.0101400219229
0.0069180948165
0.0083947806657
0.00699931754464
0.0066435975674
0.00832976295875
0.0150619611501
0.00721954773499
0.00895855730517
0.00724444813339
0.0132058933578
0.00926510887666
0.0119392535677
0.00990034570712
0.00787325565463
0.0094509132781
0.0096733568372
0.015434731732
0.00873374227956
0.00835636290816
0.011205695496
0.00891128607264
0.00979196968739
0.00997781361327
0.008549716478
0.00911625982841
0.0124202660258
0.00994022826443
0.0100746904158
0.0130085897392
0.0100423330727
0.00886946921309
0.0130174266305
0.0106482295925
0.0134907054728
0.0110267156482
0.011497056507
0.0202255781514
0.0101585217571
0.0127104568738
0.009912284484
0.0117089075157
0.0120713432392
0.00921014594819
0.0102389911254
0.00856236429942
0.015079219143
0.00879334753339
0.00874354673657
0.014178931405
0.00968699516508
0.0108766808667
0.0107184250013
0.0114101027348
0.0131542075491
0.0143417589309
0.0144899755881
0.0121942676624
0.0108695664672
0.011834595241
0.0146089441582
0.0144282515846
0.0142160712056
0.0156157502671
0.0135481871861
0.00850798106276
0.0141883382222
0.0146034107364
0.0137517512368
0.0139807953777
0.0136869311521
0.0098917317742
0.00912817225566
0.0119488174692
0.014668454793
0.0123612945451
0.0137808148764
0.0126829839778
0.0155853823209
0.0151443685981
0.00944808308852
0.0116867738282
0.0139935485976
0.0135165808074
0.0136198054749
0.00935184107246
0.0136407534291
0.0108845462307
0.0144655626578
0.00932279060765
0.00918820988293
0.00864074366315
0.0138868326045
0.0141081036051
0.014253224181
0.00983158874842
0.0132866803036
0.0140189759886
0.0128077099417
0.0135926785329
0.0149632676052
0.0109176281885
0.00834675846877
0.00907697253315
0.0152020742832
0.00955657768158
0.0106015572151
0.0125756092439
0.0126185723123
0.00875880317115
0.0131467506044
0.0127503731513
0.0105849569495
0.0128735576619
0.0129827768697
0.00706449334935
0.0129433051271
0.0111254802266
0.0116975965233
0.0116325788163
0.012428917272
0.0117485435289
0.0121079788037
0.0112959491446
0.0119336364904
0.0129094554368
0.0118879067111
0.0107908830693
0.0126029924959
0.011360377578
0.0120513175219
0.0119662872726
0.01215759156
0.011867528867
0.0122378261771
0.0113196410532
0.0129494242293
0.0142253426815
0.0125387916274
0.0131759292242
0.0121437448305
0.0123946064633
0.011142432619
0.0133612198079
0.0118308597666
0.0112462932707
0.0118401504059
0.0129925250344
0.0145865829058
0.0110431376393
0.0117526013716
0.0114858113887
0.0104703913469
0.00982851441019
0.0123626910753
0.0125840279501
0.0128199421576
0.0120110025912
0.0124733595127
0.0130720362344
0.012638848351
0.0124045869838
0.013067886168
0.0118541037316
0.0128846173194
0.0128467265544
0.012286836485
0.0124761262236
0.0133159212044
0.0124532607351
0.0117696591626
0.0134161156646
0.0118750181499
0.0123109140564
0.0125479421346
0.0125028842708
0.0150178173236
0.0117165191493
0.012857616137
0.0124301592977
0.0126720488822
0.0133531340653
0.0108341491584
0.0125181011809
0.0116010670567
0.00998309450252
0.00964393526645
0.0100057815322
0.0102309786274
0.0112729219652
0.0102791193976
0.0120994774556
0.0118786148741
0.0121622458624
0.0126632249815
0.0110073484874
0.010601287546
0.0112591191824
0.0119420356646
0.00751289593172
0.011981599631
0.0102079035396
0.0121812639367
0.00913552638154
0.0103379389535
0.00806808259248
0.00789594765939
0.0113725543307
0.00798646461993
0.00740130525738
0.0102224748838
0.0090587076344
0.0134013834587
0.0104936125554
0.0126220519373
0.0133461972033
0.0128957766632
0.0121428623944
0.0128166607076
0.0122467062781
0.0123994287216
0.0120451052747
0.0136189777649
0.0156220764811
0.0139591909861
0.0143770565608
0.0135636435462
0.0136693319039
0.014244254436
0.0135973974196
0.0143051220765
0.0111055667256
0.0108907154525
0.011023948753
0.00930835359122
0.0107511510549
0.0108035341153
0.0108265900397
0.0113126089272
0.0120019810682
0.0120590675372
0.0121167630879
0.0131425672785
0.0136922033809
0.0125644920042
0.0132426272267
0.0170846257549
0.0121500510519
0.016030918506
0.0125819346287
0.0158045093279
0.0122247522472
0.0125767748925
0.0113320058464
0.0104953285058
0.011203353788
0.0107938805698
0.0119640148475
0.0103662153289
0.0109081217771
0.0107537333185
0.0108132176036
0.0116483031871
0.00877825536939
0.00809482746485
0.00903279277532
0.012207972325
0.0125552065243
0.0128678328828
0.0129918737563
0.0125390673772
0.0102524112858
0.0100786618391
0.0100334722272
0.0109333910703
0.0133009273448
0.00951268500571
0.0111602613669
0.0110533741012
0.0104187828366
0.0102970475555
0.0100332877798
0.0104857372412
0.0102677204196
0.0151572981578
0.0101743900374
0.0107174589097
0.0106368553978
0.0128012673655
0.0107449248037
0.0109529982339
0.014609589632
0.0103374972747
0.0112200780627
0.00986162299409
0.012898471143
0.0125163460746
0.0126991334437
0.0119244543821
0.0128666476102
0.0111903325574
0.0113639035452
0.011572697997
0.0112855074135
0.0116865172418
0.0117138002546
0.0114620372987
0.0111986464178
0.0118508524086
0.0123252511101
0.011860812568
0.011625826586
0.0119345915262
0.0119299803413
0.012361368066
0.0116752237544
0.0106973002466
0.0112118015156
0.0115117800526
0.012294759247
0.0120086142646
0.0126166702561
0.0115947813806
0.0118769858959
0.0120135272725
0.0143685668213
0.0112250146563
0.0114273611883
0.0105249070687
0.00965644323214
0.0111303137249
0.0102509004202
0.0136542448993
0.0116463505507
0.0120008584451
0.0111031999578
0.0124439010893
0.0113003362655
0.00980641932584
0.0102957582664
0.0113326972017
0.0130433641539
0.010345005721
0.0110343395353
0.0120418147958
0.0114995394527
0.0122488821493
0.0106264353177
0.0126361422626
0.0117031175074
0.0130604658916
0.0119023206947
0.0122103478453
0.010778604419
0.0113674232474
0.0106575299055
0.013461544358
0.00928375013285
0.0105898197457
0.0102918926101
0.0106014121079
0.0102155313883
0.0104197146553
0.00899958376801
0.00995485691452
0.00975625737329
0.012358899585
0.0125961827755
0.0133227210667
0.0119125536556
0.0176455073442
0.0120917862203
0.015902321358
0.0123394320008
0.00926765474823
0.0123787076875
0.00935337248335
0.00955478903935
0.0101983260026
0.0123637674484
0.0126609122027
0.0128911388523
0.0121717577096
0.00950000816286
0.0129265164524
0.0125911910872
0.0154788440496
0.0128567953369
0.0123170351856
0.0128036241831
0.0131289893889
0.0124805226498
0.0126081434797
0.01238464354
0.00984876612616
0.014454576982
0.0141388855906
0.0138461675738
0.0132964431172
0.0136867237639
0.0133368257646
0.012580135852
0.0120470661108
0.0130839597174
0.0137388191895
0.0109606773078
0.0128369642015
0.0133958398102
0.0133239053259
0.0122271811116
0.0129422573148
0.0138019929753
0.0125660314306
0.011743764941
0.0124188424089
0.0124764480392
0.0122778988018
0.0126142302437
0.0125954166094
0.0124117070033
0.00856426119623
0.00862060149162
0.0125911523919
0.0122951646258
0.012203863165
0.0143120852882
0.0155338648367
0.0133564633316
0.00976289747953
0.00952053360171
0.010365487121
0.00996496798539
0.0107270193102
0.00956530401501
0.00928752476312
0.0124366074017
0.0127879796904
0.0108362988642
0.0123828648019
0.0117050584892
0.0109442254201
0.0111051976926
0.0120618868091
0.0116152744813
0.0110105621286
0.012078476065
0.012707083799
0.0108992419065
0.0116559854396
0.011576130036
0.0109749102067
0.0116228739075
0.0106175907334
0.0112296054801
0.0129464883648
0.0116446469459
0.011720471962
0.0128149203423
0.012539998551
0.0107287821556
0.0114297157948
0.0105817595235
0.0125684149663
0.010966797792
0.0117902350895
0.0107919919648
0.0118801075898
0.0116449371604
0.0109391306827
0.0117428787274
0.0120740493275
0.0133955284976
0.0131229851287
0.0100620882917
0.0114658958608
0.0119022813545
0.0124735485667
0.0117168716447
0.0134460864316
0.0113247532496
0.0117151110104
0.011580504581
0.0116680769246
0.0118970303619
0.0110106264825
0.0110836173473
0.011685424239
0.011932092135
0.0112217234864
0.0118917484592
0.0118986481462
0.0101538093196
0.011193136858
0.0119122301817
0.0110557570841
0.0121197100082
0.0117492402278
0.0129785205756
0.0113920498308
0.0120176167163
0.0115307902497
0.0111429869286
0.0107234136953
0.0121275225346
0.010831041791
0.0116906840301
0.0113766626615
0.0121931187357
0.0118995455537
0.0123801359571
0.0119261059786
0.0118240394971
0.0111099262531
0.0121756022217
0.0124963278661
0.0132561518182
0.0126153815658
0.0157755187947
0.0153403790119
0.0126657357048
0.0126131681971
0.0126743763559
0.0127402240761
0.0106173891495
0.00926100906803
0.0110831635072
0.0100970915152
0.00953544919556
0.015061068902
0.0130590768701
0.0128322065735
0.0102798495105
0.0123171430256
0.0134826944949
0.0125829600991
0.00995205811199
0.0153148104754
0.0115453430917
0.0113780209274
0.0125624864382
0.0125071522196
0.0100805696535
0.0102763676581
0.0127136218234
0.0102492782137
0.00957340555822
0.00937675625798
0.00945301213815
0.0123879086936
0.0089212393682
0.00969884111941
0.0105096255283
0.0103076556301
0.0091441397156
0.0106233004598
0.0121362001305
0.0136777110558
0.0098190388737
0.00980988744523
0.00961323814499
0.00946961240376
0.0094915028639
0.00950004622403
0.00974625309375
0.0117554002988
0.0132423182635
0.0118022794031
0.0127272121508
0.0125514195945
0.0131672894484
0.0137954057986
0.0127136218234
0.0111463560878
0.00986944362816
0.0124357940751
0.0104688380547
0.00993366034327
0.00995699653195
0.010007353527
0.00985065901525
0.0101514353195
0.00970799254788
0.0105732598798
0.0105886654754
0.0102406132399
0.0102561797893
0.00886611797344
0.0101349248822
0.0110048667855
0.0117027866738
0.00985795335858
0.0128683699881
0.0129703126448
0.0116888679895
0.0150370457126
0.0102953065101
0.0120543717863
0.0111829950721
0.00962900078562
0.0108886013555
0.0115294852521
0.0125174138795
0.0110148363423
0.0126834165355
0.0109518100591
0.0121352264841
0.0106467129009
0.0123942587371
0.0141234777622
0.0115375597195
0.0109978842262
0.0119268791711
0.012164998732
0.0137286042647
0.0124987066354
0.0122839247373
0.014187544479
0.0118203942439
0.0114425527406
0.0113242226422
0.0129729583789
0.0134901204997
0.0129740650633
0.0128261098755
0.0125192177857
0.0112745316879
0.0101285569028
0.0126357352254
0.0127615431011
0.011315819528
0.01276963041
0.0111770062791
0.011957899799
0.0111740179917
0.01090278911
0.00607048104434
0.0123366148641
0.0118575593807
0.0119122125628
0.0114408501493
0.0117027938275
0.0116511201802
0.0111837588563
0.0112276005834
0.0125383405296
0.0123149970294
0.0113724424613
0.0172964580091
0.0144907759754
0.014905836881
0.0150171286805
0.0120124689274
0.0117977721589
0.0126001183298
0.0115111904214
0.0107038128428
0.0143622053913
0.0154085754666
0.0112880388204
0.0112021195014
0.0112883429115
0.0112046733884
0.0107073336153
0.0111413571781
0.0104968229773
0.0111422136846
0.0110848490325
0.0118144849171
0.0110592123566
0.0117298235626
0.0118995810406
0.012419543687
0.0116844495032
0.0101594423412
0.0114819610802
0.0118301714135
0.0115341333435
0.0113681306875
0.0125602248925
0.0123444214397
0.0116590873791
0.012299284527
0.0118479549248
0.0119888793224
0.0118292005771
0.0115908681923
0.0124815065497
0.0129184690172
0.0126784963682
0.0133239814913
0.0121977264735
0.0116269935322
0.0124514733906
0.0122586084595
0.0132243798977
0.00992651638846
0.0123204954355
0.0121919421882
0.0126920054273
0.0105959023367
0.0127419528597
0.0129030940093
0.010565073272
0.0109395278347
0.0100347089018
0.0109515771431
0.0102604527518
0.0105699488942
0.0104109618266
0.0120981021542
0.0100912881404
0.0107352203481
0.00831904346185
0.0117627474227
0.0105020018498
0.00931467802762
0.0118507683548
0.00995363015562
0.0112539492819
0.0127989783294
0.0114306235373
0.0114603459176
0.0124657538511
0.0103026309777
0.0120167710109
0.0112024991598
0.0108143482808
0.013367569039
0.0110833966079
0.0122464717766
0.01289061219
0.0129248692976
0.0128110648968
0.0124572951497
0.011605885614
0.0117396422324
0.0117772695011
0.0103272599079
0.00955005254483
0.00975257578521
0.0108466227998
0.0100452506899
0.0124910662677
0.0128176276692
0.0119490187714
0.00997580624543
0.0128756390876
0.00993375223923
0.0101698015062
0.0101906901738
0.010498714612
0.0104395558223
0.012779591106
0.00874092583625
0.0106923843773
0.00937601847967
0.0103185044108
0.00953466893404
0.00837452936674
0.00858244769344
0.00777343500437
0.00891520235591
0.00930531274053
0.00781598810181
0.00930600441826
0.00982712346214
0.00990417636165
0.00994069694598
0.00892138862562
0.0134613086801
0.0126589625093
0.00888345389491
0.00789763234356
0.00945296330728
0.00891115179516
0.00945517667603
0.0124287721596
0.0081414220224
0.00900499530809
0.0108747146713
0.0123201827988
0.0121952630876
0.0112403594072
0.0101635555117
0.0107878399479
0.0101558087211
0.00897274994333
0.00858023432469
0.0106031619931
0.00738870214759
0.00807716561398
0.0101458616486
0.00947629547625
0.00945194842004
0.00929147918586
0.00919713020008
0.00983917483791
0.00995661862067
0.00804451842496
0.0100093113771
0.0117055628636
0.0094316519712
0.0120181935879
0.0098090313426
0.00939845143999
0.0113146754329
0.0119324331602
0.0100724222235
0.0109513498517
0.01004221625
0.0124189173101
0.00921738034425
0.012279198408
0.0126340290853
0.010481389643
0.00908608363566
0.00971841270718
0.0114702875588
0.0118565833128
0.0108566939812
0.0115023086901
0.0105150865547
0.0109634157868
0.0108108479536
0.0107528690847
0.0113373367696
0.0179051271318
0.0111801224894
0.00860204793427
0.0169376842671
0.0108581587105
0.00977776136917
0.00986344803428
0.00945189978284
0.00943184112857
0.00986435670895
0.00952517693567
0.011530824279
0.0101178633794
0.00929635366665
0.00942915579149
0.00753545179598
0.00986389559046
0.00950170057965
0.00994990775097
0.0102232425165
0.00965110297009
0.0102522929813
0.0107209004366
0.010086481913
0.0150375281818
0.0114576638519
0.0154248677125
0.0148625337152
0.0161703993762
0.0115776124773
0.0141111118628
0.0110813911649
0.0163336353213
0.0117175560884
0.0111649055793
0.0110326567966
0.00925369078361
0.0110711140786
0.0103257339773
0.0108013597625
0.00902189322953
0.010815884995
0.00883099017508
0.0102161597131
0.016696012067
0.0119733368972
0.0116492167113
0.0174751802527
0.0169959235323
0.0108511632718
0.0165376388502
0.0159477550949
0.00989267381205
0.0154785790681
0.0120791010173
0.0140086052227
0.0125610783367
0.013315698744
0.0127410908575
0.013505218443
0.00859399192302
0.00925096370908
0.00757890738101
0.00800921230511
0.00809335286704
0.012359760427
0.00798984532857
0.013019343316
0.0123351176652
0.0117612452795
0.010484652305
0.0119271394371
0.0112034004063
0.0101657901547
0.0107613382456
0.0112669411065
0.0110263896286
0.0120860399163
0.0118057883734
0.00978401583093
0.011720834073
0.0105548050347
0.0101550995338
0.0116065851862
0.0108935875037
0.011277346585
0.0109052037879
0.0127189880024
0.0129624585646
0.0125702880946
0.0133042403065
0.01087300592
0.0130874061182
0.0119898463212
0.0132268466361
0.0130442437144
0.0120570497013
0.00756019139528
0.0133797552402
0.0119508953712
0.0129569251427
0.0108782960723
0.0131435540753
0.0117009805711
0.0119840844815
0.0118586602525
0.0123098248591
0.0120867782815
0.0108727626504
0.0121574650334
0.0117758925727
0.0116992428779
0.0121561956923
0.0106819252661
0.0108154754593
0.0123205662074
0.0113355132803
0.0115208829129
0.0117908224374
0.0109308790005
0.0119899048521
0.0117978154537
0.0106846263069
0.0118097931136
0.0109040102092
0.011491735085
0.0107059891797
0.0109985552987
0.0118865610101
0.0117899361762
0.0107483150032
0.0102805169103
0.0121035081696
0.0106716064907
0.0108099420374
0.0121192404475
0.0117706348698
0.0104417877932
0.0115099353242
0.0105816423184
0.0107827984781
0.00957028150573
0.00881046673432
0.00839014366928
0.00910948851213
0.0119844922028
0.0117726536079
0.00820905972618
0.0114755848025
0.011359637198
0.01020305495
0.0111382032457
0.0116140775264
0.0120500186649
0.0105186541517
0.00620761427495
0.0062921688442
0.00636808350913
0.00641797253803
0.00637517017222
0.00603772851585
0.0065157296577
0.00565893552247
0.00593560661588
0.0132148185799
0.0114634759469
0.00988710113429
0.0109273396174
0.0128829103454
0.0118941752274
0.0133864517354
0.0113634232235
0.0105832107401
0.0107673698515
0.0112894501101
0.0112304269435
0.0114498222667
0.0114074964433
0.00951497203536
0.0113060503757
0.00995673434876
0.00994141550716
0.00995120092689
0.00991800039568
0.00872699258367
0.0108343533794
0.0101933493787
0.0107433916901
0.01131148672
0.0107458186295
0.00576649376673
0.00644856048914
0.00635664929491
0.00750624533703
0.00758581088099
0.00686987717173
0.00716511473274
0.00776456876845
0.00752475398923
0.00608043380408
0.0097409308959
0.0112156711519
0.0117359098851
0.0097769814662
0.0111991679639
0.0110146234907
0.0116435891097
0.0114979727447
0.00828862155722
0.00734956212834
0.00868940185954
0.00883909548271
0.00835399883228
0.00753216504999
0.00773521327143
0.00743994135219
0.00835769748795
0.0071760844989
0.00477814695903
0.0109279332148
0.0113872072298
0.0114868088234
0.00952428853422
0.0107988200378
0.0117302793856
0.0108523097826
0.0111199526613
0.0117691104163
0.0104662053234
0.00576076585869
0.00593927843473
0.00425233183117
0.00582964163716
0.00669848190636
0.00733417238395
0.00591264296518
0.00617649981847
0.0058912250343
0.00588947763792
0.0044583498643
0.00651847761516
0.00697425912391
0.00606034726018
0.0065085544315
0.00744191169598
0.00662586635473
0.00599098904233
0.00705900784831
0.00663632608254
0.00783359059442
0.00739211089916
0.00830179312904
0.00619019222958
0.00588158970374
0.00601937190826
0.0065671806732
0.00687035285185
0.00778184191794
0.0068745824857
0.0058913874487
0.00726663660706
0.00681606935746
0.00612188135638
0.00838119887608
0.00719479287222
0.00726777132153
0.00770459576591
0.00684145699907
0.00775906413884
0.00632092103606
0.00712540891073
0.00633993177406
0.00694668942316
0.00696162966221
0.00662290919929
0.00666788000559
0.0063026741623
0.00627122102747
0.00871774741875
0.00813420549102
0.00760118687596
0.00644192823533
0.00747004477768
0.00747685962356
0.00672137279893
0.00643712289529
0.0082040230221
0.00678952125773
0.00682272178894
0.00672303282549
0.00684618729453
0.00830179312904
0.00817598058972
0.00942790163257
0.00830825849564
0.00836819419146
0.00588997720636
0.00770776572986
0.00835805929246
0.00722172852011
0.00608687070944
0.00628966838451
0.00618665936794
0.00686727025772
0.00626791329959
0.00661302408452
0.00382516955417
0.0039149610776
0.00381701951053
0.00369236742933
0.00295621617151
0.00365599693417
0.0032280853045
0.00499624777082
0.0029743263745
0.00363283160691
0.00302261723392
0.00300420685259
0.00370753280213
0.00227266045153
0.00186942408651
0.00397449690002
0.00285638944413
0.00292943061279
0.00445228437109
0.00403108789224
0.00414193444887
0.00378215895276
0.00297749633846
0.00373243320053
0.00417181492696
0.00545758506545
0.0034402685259
0.00515395029406
0.00518715082527
0.00525355188769
0.00529324243597
0.00545758506545
0.00532478294062
0.00424010114969
0.00366935219124
0.00373409322709
0.00384856001518
0.00406428842345
0.00407243846709
0.00417204006071
0.00306374267502
0.00404089796244
0.00381535948397
0.00302405212673
0.00403108789224
0.00502446822235
0.00483024511478
0.00477553928287
0.00505932878012
0.00535798347183
0.00502280819579
0.00508083408082
0.00496304723961
0.00542438453425
0.00542272450768
0.00296934629482
0.00360627118194
0.00294263578069
0.00364113173971
0.0036211363764
0.0050907191956
0.00242198779738
0.00492486662872
0.00261455087839
0.00234894662872
0.00494154193891
0.00494154193891
0.00254980984254
0.00460802668943
0.00470913822045
0.00399117221021
0.00405757327262
0.00324144056156
0.00402603276798
0.00402437274142
0.0033058063745
0.00337220743692
0.00407575852021
0.00496138721305
0.003239780535
0.00320824003036
0.00370753280213
0.00429292182129
0.00373228311137
0.00420833551129
0.00437101811421
0.00350666958831
0.000716681206602
0.000836128074369
0.000836128074369
0.000955574942136
0.000836128074369
0.000597234338835
0.000836128074369
0.000477787471068
0.000477787471068
0.000477787471068
0.00155280928097
0.000477787471068
0.0010750218099
0.000358340603301
0.000836128074369
0.000716681206602
0.000716681206602
0.000358340603301
0.000836128074369
0.000597234338835
0.000477787471068
0.000477787471068
0.000716681206602
0.000477787471068
0.000477787471068
0.000358340603301
0.000238893735534
0.000716681206602
0.000716681206602
0.000836128074369
0.000836128074369
0.000477787471068
0.000477787471068
0.000597234338835
0.000597234338835
0.000477787471068
0.000477787471068
0.000477787471068
0.000597234338835
0.000477787471068
0.000836128074369
0.000716681206602
0.000836128074369
0.000716681206602
0.000836128074369
0.000597234338835
0.000477787471068
0.000716681206602
0.000836128074369
0.000477787471068
0.000836128074369
0.000358340603301
0.00119446867767
0.000597234338835
0.000597234338835
