0.00265604249667995
0.0106241699867198
0.00332005312084993
0.0139442231075697
0.0119521912350598
0.0139442231075697
0.0146082337317397
0.0159362549800797
0.0106241699867198
0.0119521912350598
0.0146082337317397
0.0252324037184595
0.0119521912350598
0.0126162018592297
0.0225763612217795
0.0152722443559097
0.0132802124833997
0.0205843293492696
0.0398406374501992
0.0205843293492696
0.0139442231075697
0.0172642762284197
0.0166002656042497
0.0132802124833997
0.0126162018592297
0.0146082337317397
0.0265604249667995
0.0239043824701195
0.00730411686586985
0.00929614873837981
0.0172642762284197
0.00929614873837981
0.0119521912350598
0.0139442231075697
0.0166002656042497
0.0146082337317397
0.0146082337317397
0.0172642762284197
0.0099601593625498
0.00265604249667995
0.00132802124833997
0.0139442231075697
0.00132802124833997
0.0166002656042497
0.00531208499335989
0.0106241699867198
0.0166002656042497
0.0132802124833997
0.0172642762284197
0.0152722443559097
0.0219123505976096
0.0192563081009296
0.0179282868525896
0.0199203187250996
0.0152722443559097
0.0152722443559097
0.0199203187250996
0.0126162018592297
0.0219123505976096
0.0166002656042497
0.0219123505976096
0.0185922974767596
0.0312084993359894
0.00531208499335989
0.00398406374501992
0.0159362549800797
0.0099601593625498
0.0139442231075697
0.00796812749003984
0.00398406374501992
0.0159362549800797
0.00796812749003984
0.0172642762284197
0.0265604249667995
0.0258964143426295
0.0225763612217795
0.0298804780876494
0.0106241699867198
0.0345285524568393
0.0278884462151394
0.0132802124833997
0.00796812749003984
0.0159362549800797
0.0106241699867198
0.0106241699867198
0.0159362549800797
0.0351925630810093
0.0212483399734396
0.0185922974767596
0.0159362549800797
0.0205843293492696
0.0212483399734396
0.0185922974767596
0.0166002656042497
0.0245683930942895
0.0159362549800797
0.0272244355909695
0.0212483399734396
0.0245683930942895
0.0179282868525896
0.0205843293492696
0.0192563081009296
0.0225763612217795
0.0205843293492696
0.0219123505976096
0.0298804780876494
0.0298804780876494
0.0219123505976096
0.0199203187250996
0.0166002656042497
0.0185922974767596
0.0179282868525896
0.0219123505976096
0.0219123505976096
0.0338645418326693
0.0152722443559097
0.0285524568393094
0.0245683930942895
0.0232403718459495
0.0192563081009296
0.0139442231075697
0.0132802124833997
0.0318725099601594
0.0166002656042497
0.0146082337317397
0.0258964143426295
0.0312084993359894
0.0358565737051793
0.0318725099601594
0.0166002656042497
0.0391766268260292
0.0219123505976096
0.0152722443559097
0.0152722443559097
0.0332005312084993
0.0278884462151394
0.0212483399734396
0.0159362549800797
0.0192563081009296
0.0159362549800797
0.0272244355909695
0.0258964143426295
0.0345285524568393
0.0205843293492696
0.0285524568393094
0.0159362549800797
0.0205843293492696
0.0159362549800797
0.0292164674634794
0.0172642762284197
0.0212483399734396
0.0159362549800797
0.0185922974767596
0.0192563081009296
0.0199203187250996
0.0212483399734396
0.0185922974767596
0.0139442231075697
0.0239043824701195
0.0219123505976096
0.0351925630810093
0.0272244355909695
0.0172642762284197
0.0245683930942895
0.0199203187250996
0.0219123505976096
0.0199203187250996
0.0212483399734396
0.0179282868525896
0.0172642762284197
0.0205843293492696
0.0219123505976096
0.0298804780876494
0.0265604249667995
0.0358565737051793
0.0239043824701195
0.0252324037184595
0.0192563081009296
0.0232403718459495
0.0292164674634794
0.0185922974767596
0.0225763612217795
0.0424966799468791
0.0258964143426295
0.0219123505976096
0.0192563081009296
0.0252324037184595
0.052456839309429
0.0232403718459495
0.0258964143426295
0.0199203187250996
0.0232403718459495
0.0405046480743692
0.0544488711819389
0.0199203187250996
0.0219123505976096
0.0199203187250996
0.0272244355909695
0.0239043824701195
0.0285524568393094
0.0278884462151394
0.0391766268260292
0.0258964143426295
0.0205843293492696
0.0258964143426295
0.0219123505976096
0.0219123505976096
0.0159362549800797
0.0292164674634794
0.0166002656042497
0.0318725099601594
0.0245683930942895
0.0245683930942895
0.0232403718459495
0.0278884462151394
0.0298804780876494
0.0305444887118194
0.0258964143426295
0.0212483399734396
0.0272244355909695
0.0212483399734396
0.0265604249667995
0.0265604249667995
0.0305444887118194
0.0338645418326693
0.0212483399734396
0.0424966799468791
0.0219123505976096
0.0232403718459495
0.0239043824701195
0.0219123505976096
0.0378486055776892
0.0205843293492696
0.0318725099601594
0.0219123505976096
0.0239043824701195
0.0212483399734396
0.0199203187250996
0.0258964143426295
0.0564409030544489
0.0192563081009296
0.0265604249667995
0.0219123505976096
0.0438247011952191
0.0252324037184595
0.0358565737051793
0.0278884462151394
0.0172642762284197
0.0278884462151394
0.0265604249667995
0.052456839309429
0.0225763612217795
0.0192563081009296
0.0298804780876494
0.0239043824701195
0.0252324037184595
0.0212483399734396
0.0179282868525896
0.0245683930942895
0.0371845949535193
0.0239043824701195
0.0272244355909695
0.0378486055776892
0.0245683930942895
0.0245683930942895
0.0179282868525896
0.0272244355909695
0.0265604249667995
0.0305444887118194
0.0312084993359894
0.0610889774236388
0.0258964143426295
0.0431606905710491
0.0272244355909695
0.0325365205843293
0.0225763612217795
0.0172642762284197
0.0245683930942895
0.0152722443559097
0.0332005312084993
0.0205843293492696
0.0192563081009296
0.0371845949535193
0.0272244355909695
0.0278884462151394
0.0265604249667995
0.0318725099601594
0.0232403718459495
0.0278884462151394
0.0305444887118194
0.0444887118193891
0.0252324037184595
0.0365205843293493
0.0318725099601594
0.0258964143426295
0.0292164674634794
0.0431606905710491
0.0325365205843293
0.0179282868525896
0.0245683930942895
0.0292164674634794
0.0212483399734396
0.0272244355909695
0.0205843293492696
0.0219123505976096
0.0232403718459495
0.0205843293492696
0.0411686586985392
0.0345285524568393
0.0252324037184595
0.0205843293492696
0.0405046480743692
0.0378486055776892
0.0225763612217795
0.0358565737051793
0.0258964143426295
0.0252324037184595
0.0292164674634794
0.0185922974767596
0.0245683930942895
0.0272244355909695
0.0292164674634794
0.0225763612217795
0.0219123505976096
0.0212483399734396
0.0272244355909695
0.0292164674634794
0.0272244355909695
0.0205843293492696
0.0219123505976096
0.0245683930942895
0.0205843293492696
0.0258964143426295
0.0338645418326693
0.0245683930942895
0.0185922974767596
0.0239043824701195
0.0371845949535193
0.0212483399734396
0.0312084993359894
0.0252324037184595
0.0219123505976096
0.0232403718459495
0.0225763612217795
0.0219123505976096
0.0285524568393094
0.0252324037184595
0.0205843293492696
0.0146082337317397
0.0345285524568393
0.0212483399734396
0.0225763612217795
0.0205843293492696
0.0272244355909695
0.0225763612217795
0.0258964143426295
0.0219123505976096
0.0298804780876494
0.0239043824701195
0.0225763612217795
0.0192563081009296
0.0239043824701195
0.0219123505976096
0.0252324037184595
0.0245683930942895
0.0272244355909695
0.0278884462151394
0.0245683930942895
0.0192563081009296
0.0278884462151394
0.0371845949535193
0.0298804780876494
0.0252324037184595
0.0232403718459495
0.0292164674634794
0.0232403718459495
0.0332005312084993
0.0258964143426295
0.0205843293492696
0.0179282868525896
0.0431606905710491
0.0431606905710491
0.0179282868525896
0.0172642762284197
0.0232403718459495
0.0212483399734396
0.0166002656042497
0.0185922974767596
0.0245683930942895
0.0252324037184595
0.0185922974767596
0.0232403718459495
0.0298804780876494
0.0252324037184595
0.0205843293492696
0.0298804780876494
0.0239043824701195
0.0278884462151394
0.0285524568393094
0.0252324037184595
0.0285524568393094
0.0305444887118194
0.0239043824701195
0.0252324037184595
0.0338645418326693
0.0212483399734396
0.0265604249667995
0.0272244355909695
0.0272244355909695
0.0411686586985392
0.0245683930942895
0.0252324037184595
0.0205843293492696
0.0298804780876494
0.0305444887118194
0.0192563081009296
0.0285524568393094
0.0245683930942895
0.0212483399734396
0.0146082337317397
0.0192563081009296
0.0185922974767596
0.0245683930942895
0.0205843293492696
0.0232403718459495
0.0205843293492696
0.0252324037184595
0.0305444887118194
0.0272244355909695
0.0185922974767596
0.0272244355909695
0.0325365205843293
0.0112881806108898
0.0325365205843293
0.0239043824701195
0.0325365205843293
0.0159362549800797
0.0272244355909695
0.0152722443559097
0.0139442231075697
0.0278884462151394
0.0146082337317397
0.0119521912350598
0.0292164674634794
0.0152722443559097
0.0438247011952191
0.0292164674634794
0.0245683930942895
0.0292164674634794
0.0292164674634794
0.0212483399734396
0.0258964143426295
0.0219123505976096
0.0245683930942895
0.0205843293492696
0.0265604249667995
0.0424966799468791
0.0272244355909695
0.0292164674634794
0.0225763612217795
0.0239043824701195
0.0305444887118194
0.0232403718459495
0.0272244355909695
0.0285524568393094
0.0252324037184595
0.0232403718459495
0.0205843293492696
0.0205843293492696
0.0245683930942895
0.0212483399734396
0.0239043824701195
0.0272244355909695
0.0258964143426295
0.0252324037184595
0.0298804780876494
0.0258964143426295
0.0239043824701195
0.0252324037184595
0.048472775564409
0.0265604249667995
0.051128818061089
0.0265604249667995
0.0471447543160691
0.0265604249667995
0.0245683930942895
0.0225763612217795
0.0272244355909695
0.0219123505976096
0.0199203187250996
0.0252324037184595
0.0205843293492696
0.0278884462151394
0.0199203187250996
0.0219123505976096
0.0232403718459495
0.0132802124833997
0.0159362549800797
0.0199203187250996
0.0225763612217795
0.0192563081009296
0.0225763612217795
0.0239043824701195
0.0225763612217795
0.0305444887118194
0.0212483399734396
0.0225763612217795
0.0318725099601594
0.0285524568393094
0.0199203187250996
0.0318725099601594
0.0292164674634794
0.0232403718459495
0.0205843293492696
0.0245683930942895
0.0245683930942895
0.0245683930942895
0.051792828685259
0.0292164674634794
0.0239043824701195
0.0199203187250996
0.0292164674634794
0.0258964143426295
0.0265604249667995
0.0418326693227092
0.0245683930942895
0.0265604249667995
0.0252324037184595
0.0265604249667995
0.0245683930942895
0.0278884462151394
0.0239043824701195
0.0258964143426295
0.0219123505976096
0.0185922974767596
0.0205843293492696
0.0212483399734396
0.0212483399734396
0.0225763612217795
0.0212483399734396
0.0199203187250996
0.0225763612217795
0.0252324037184595
0.0239043824701195
0.0232403718459495
0.0258964143426295
0.0239043824701195
0.0305444887118194
0.0225763612217795
0.0318725099601594
0.0245683930942895
0.0272244355909695
0.0265604249667995
0.0258964143426295
0.0245683930942895
0.0232403718459495
0.0205843293492696
0.0212483399734396
0.0398406374501992
0.0245683930942895
0.0166002656042497
0.0192563081009296
0.0239043824701195
0.0172642762284197
0.0225763612217795
0.0411686586985392
0.0212483399734396
0.0245683930942895
0.0232403718459495
0.0312084993359894
0.0219123505976096
0.0212483399734396
0.0225763612217795
0.0192563081009296
0.0338645418326693
0.0225763612217795
0.0252324037184595
0.0312084993359894
0.0245683930942895
0.0292164674634794
0.0245683930942895
0.0325365205843293
0.0225763612217795
0.0278884462151394
0.0225763612217795
0.0232403718459495
0.0219123505976096
0.0199203187250996
0.0205843293492696
0.0385126162018592
0.0185922974767596
0.0225763612217795
0.0252324037184595
0.0245683930942895
0.0199203187250996
0.0185922974767596
0.0119521912350598
0.0185922974767596
0.0179282868525896
0.0232403718459495
0.0205843293492696
0.0312084993359894
0.0205843293492696
0.051128818061089
0.0219123505976096
0.0391766268260292
0.0252324037184595
0.0152722443559097
0.0265604249667995
0.0159362549800797
0.0159362549800797
0.0232403718459495
0.0318725099601594
0.0272244355909695
0.0225763612217795
0.0285524568393094
0.0252324037184595
0.0265604249667995
0.0252324037184595
0.048472775564409
0.0285524568393094
0.0245683930942895
0.0285524568393094
0.0258964143426295
0.0285524568393094
0.0252324037184595
0.0245683930942895
0.0212483399734396
0.0239043824701195
0.0239043824701195
0.0239043824701195
0.0278884462151394
0.0205843293492696
0.0232403718459495
0.0258964143426295
0.0185922974767596
0.0239043824701195
0.0212483399734396
0.0219123505976096
0.0219123505976096
0.0245683930942895
0.0232403718459495
0.0159362549800797
0.0185922974767596
0.0272244355909695
0.0265604249667995
0.0192563081009296
0.0245683930942895
0.0258964143426295
0.0212483399734396
0.0278884462151394
0.0265604249667995
0.0219123505976096
0.0199203187250996
0.0219123505976096
0.0245683930942895
0.0239043824701195
0.0205843293492696
0.0385126162018592
0.049136786188579
0.0305444887118194
0.0172642762284197
0.0112881806108898
0.0245683930942895
0.0239043824701195
0.0292164674634794
0.0192563081009296
0.0205843293492696
0.0225763612217795
0.0212483399734396
0.0219123505976096
0.0292164674634794
0.0159362549800797
0.0159362549800797
0.0192563081009296
0.0185922974767596
0.0166002656042497
0.0152722443559097
0.0212483399734396
0.0278884462151394
0.0199203187250996
0.0245683930942895
0.0265604249667995
0.0205843293492696
0.0252324037184595
0.0212483399734396
0.0146082337317397
0.0239043824701195
0.0152722443559097
0.0232403718459495
0.0245683930942895
0.0219123505976096
0.0225763612217795
0.0219123505976096
0.0232403718459495
0.0325365205843293
0.0159362549800797
0.0205843293492696
0.0219123505976096
0.0272244355909695
0.0272244355909695
0.0166002656042497
0.0166002656042497
0.0199203187250996
0.0265604249667995
0.0391766268260292
0.0132802124833997
0.0212483399734396
0.0192563081009296
0.0332005312084993
0.0166002656042497
0.0351925630810093
0.0139442231075697
0.0166002656042497
0.0318725099601594
0.0232403718459495
0.0292164674634794
0.0199203187250996
0.0205843293492696
0.0305444887118194
0.0239043824701195
0.0245683930942895
0.0252324037184595
0.0232403718459495
0.0219123505976096
0.0139442231075697
0.0239043824701195
0.0239043824701195
0.0219123505976096
0.0225763612217795
0.0298804780876494
0.0172642762284197
0.0219123505976096
0.0239043824701195
0.0239043824701195
0.0219123505976096
0.0285524568393094
0.0212483399734396
0.0225763612217795
0.0292164674634794
0.0292164674634794
0.0265604249667995
0.0252324037184595
0.0278884462151394
0.0318725099601594
0.0192563081009296
0.0159362549800797
0.0179282868525896
0.0245683930942895
0.0219123505976096
0.0431606905710491
0.0424966799468791
0.0179282868525896
0.0239043824701195
0.0258964143426295
0.0205843293492696
0.0272244355909695
0.0172642762284197
0.0232403718459495
0.0285524568393094
0.0172642762284197
0.0371845949535193
0.0239043824701195
0.0205843293492696
0.0106241699867198
0.0245683930942895
0.0292164674634794
0.0245683930942895
0.0119521912350598
0.0351925630810093
0.0239043824701195
0.0205843293492696
0.0225763612217795
0.0232403718459495
0.0205843293492696
0.0232403718459495
0.0225763612217795
0.0232403718459495
0.0199203187250996
0.0166002656042497
0.0126162018592297
0.0345285524568393
0.0179282868525896
0.0172642762284197
0.0219123505976096
0.0172642762284197
0.0179282868525896
0.0278884462151394
0.0212483399734396
0.0351925630810093
0.0179282868525896
0.0172642762284197
0.0146082337317397
0.0152722443559097
0.0139442231075697
0.0146082337317397
0.0172642762284197
0.0265604249667995
0.0258964143426295
0.0166002656042497
0.0199203187250996
0.0225763612217795
0.0278884462151394
0.0285524568393094
0.0205843293492696
0.0126162018592297
0.0252324037184595
0.0358565737051793
0.0258964143426295
0.0219123505976096
0.0192563081009296
0.0265604249667995
0.0199203187250996
0.0278884462151394
0.0199203187250996
0.0219123505976096
0.0232403718459495
0.0199203187250996
0.0245683930942895
0.0139442231075697
0.0239043824701195
0.0312084993359894
0.0219123505976096
0.0172642762284197
0.0219123505976096
0.0152722443559097
0.0192563081009296
0.0332005312084993
0.0192563081009296
0.0225763612217795
0.0205843293492696
0.0152722443559097
0.0172642762284197
0.0212483399734396
0.0272244355909695
0.0185922974767596
0.0219123505976096
0.0179282868525896
0.0185922974767596
0.0185922974767596
0.0325365205843293
0.0278884462151394
0.0265604249667995
0.0232403718459495
0.0272244355909695
0.0318725099601594
0.0205843293492696
0.0332005312084993
0.0278884462151394
0.0365205843293493
0.0179282868525896
0.0185922974767596
0.0212483399734396
0.0185922974767596
0.0265604249667995
0.0265604249667995
0.0225763612217795
0.0199203187250996
0.0179282868525896
0.0225763612217795
0.0245683930942895
0.0351925630810093
0.0219123505976096
0.0365205843293493
0.0199203187250996
0.0239043824701195
0.0172642762284197
0.0166002656042497
0.00863213811420983
0.0159362549800797
0.0212483399734396
0.0199203187250996
0.0239043824701195
0.0225763612217795
0.0212483399734396
0.0192563081009296
0.0179282868525896
0.0305444887118194
0.0258964143426295
0.0205843293492696
0.0391766268260292
0.0219123505976096
0.0159362549800797
0.0265604249667995
0.0232403718459495
0.0212483399734396
0.0285524568393094
0.0192563081009296
0.0179282868525896
0.0305444887118194
0.0385126162018592
0.0212483399734396
0.0205843293492696
0.0219123505976096
0.0205843293492696
0.0179282868525896
0.0199203187250996
0.0219123505976096
0.0239043824701195
0.0252324037184595
0.0205843293492696
0.0219123505976096
0.0225763612217795
0.0232403718459495
0.0219123505976096
0.0192563081009296
0.0192563081009296
0.0179282868525896
0.0199203187250996
0.0139442231075697
0.0146082337317397
0.0219123505976096
0.0179282868525896
0.0152722443559097
0.0252324037184595
0.0185922974767596
0.0159362549800797
0.0172642762284197
0.0166002656042497
0.0192563081009296
0.0219123505976096
0.0205843293492696
0.0252324037184595
0.0172642762284197
0.0152722443559097
0.0192563081009296
0.0199203187250996
0.0239043824701195
0.0205843293492696
0.0185922974767596
0.0159362549800797
0.0185922974767596
0.0239043824701195
0.0232403718459495
0.0232403718459495
0.0239043824701195
0.0285524568393094
0.0146082337317397
0.0199203187250996
0.0185922974767596
0.0152722443559097
0.0179282868525896
0.0278884462151394
0.0159362549800797
0.0225763612217795
0.0205843293492696
0.0185922974767596
0.0185922974767596
0.0139442231075697
0.0212483399734396
0.0245683930942895
0.0166002656042497
0.0232403718459495
0.0185922974767596
0.0185922974767596
0.0166002656042497
0.0278884462151394
0.0232403718459495
0.0179282868525896
0.0185922974767596
0.0371845949535193
0.0185922974767596
0.0179282868525896
0.0332005312084993
0.0192563081009296
0.0278884462151394
0.0205843293492696
0.0225763612217795
0.0292164674634794
0.0312084993359894
0.0146082337317397
0.0126162018592297
0.0166002656042497
0.0199203187250996
0.0132802124833997
0.0285524568393094
0.0305444887118194
0.0278884462151394
0.0172642762284197
0.0298804780876494
0.0166002656042497
0.0159362549800797
0.0152722443559097
0.0166002656042497
0.0126162018592297
0.0292164674634794
0.0166002656042497
0.0199203187250996
0.0172642762284197
0.0258964143426295
0.0245683930942895
0.0152722443559097
0.0152722443559097
0.0119521912350598
0.0205843293492696
0.0139442231075697
0.0132802124833997
0.0172642762284197
0.0179282868525896
0.0172642762284197
0.0159362549800797
0.0152722443559097
0.0391766268260292
0.0278884462151394
0.0199203187250996
0.0119521912350598
0.0172642762284197
0.0159362549800797
0.0152722443559097
0.0292164674634794
0.0159362549800797
0.0119521912350598
0.0199203187250996
0.0312084993359894
0.0332005312084993
0.0298804780876494
0.0199203187250996
0.0192563081009296
0.0205843293492696
0.0185922974767596
0.0159362549800797
0.0199203187250996
0.0126162018592297
0.0126162018592297
0.0245683930942895
0.0179282868525896
0.0172642762284197
0.0159362549800797
0.0185922974767596
0.0166002656042497
0.0252324037184595
0.0119521912350598
0.0205843293492696
0.0312084993359894
0.0146082337317397
0.0272244355909695
0.0172642762284197
0.0152722443559097
0.0285524568393094
0.0345285524568393
0.0245683930942895
0.0219123505976096
0.0179282868525896
0.0312084993359894
0.0192563081009296
0.0312084993359894
0.0411686586985392
0.0172642762284197
0.0199203187250996
0.0179282868525896
0.0185922974767596
0.0272244355909695
0.0212483399734396
0.0239043824701195
0.0225763612217795
0.0225763612217795
0.0179282868525896
0.0192563081009296
0.0205843293492696
0.0378486055776892
0.0225763612217795
0.0192563081009296
0.0318725099601594
0.0205843293492696
0.0239043824701195
0.0219123505976096
0.0232403718459495
0.0225763612217795
0.0219123505976096
0.0232403718459495
0.0239043824701195
0.0258964143426295
0.0199203187250996
0.0219123505976096
0.0112881806108898
0.0252324037184595
0.0205843293492696
0.0265604249667995
0.0258964143426295
0.0258964143426295
0.0252324037184595
0.0212483399734396
0.0166002656042497
0.0166002656042497
0.0332005312084993
0.0166002656042497
0.0146082337317397
0.0232403718459495
0.0285524568393094
0.0345285524568393
0.0245683930942895
0.0252324037184595
0.0272244355909695
0.0212483399734396
0.0258964143426295
0.0152722443559097
0.0239043824701195
0.0192563081009296
0.0199203187250996
0.0159362549800797
0.0185922974767596
0.0212483399734396
0.0166002656042497
0.0205843293492696
0.0192563081009296
0.0179282868525896
0.0358565737051793
0.0252324037184595
0.0166002656042497
0.0292164674634794
0.0212483399734396
0.0179282868525896
0.0318725099601594
0.0185922974767596
0.0278884462151394
0.0185922974767596
0.0305444887118194
0.0199203187250996
0.0258964143426295
0.0225763612217795
0.0285524568393094
0.0152722443559097
0.0185922974767596
0.0185922974767596
0.0239043824701195
0.0185922974767596
0.0192563081009296
0.0219123505976096
0.0285524568393094
0.0146082337317397
0.0272244355909695
0.0179282868525896
0.0132802124833997
0.0199203187250996
0.0192563081009296
0.0252324037184595
0.0285524568393094
0.0265604249667995
0.0166002656042497
0.0258964143426295
0.0152722443559097
0.0172642762284197
0.0272244355909695
0.0205843293492696
0.0245683930942895
0.0205843293492696
0.0258964143426295
0.0312084993359894
0.0192563081009296
0.0232403718459495
0.0139442231075697
0.0212483399734396
0.0212483399734396
0.0225763612217795
0.0192563081009296
0.0192563081009296
0.0159362549800797
0.0205843293492696
0.0185922974767596
0.0338645418326693
0.0272244355909695
0.0205843293492696
0.0172642762284197
0.0179282868525896
0.0192563081009296
0.0345285524568393
0.0185922974767596
0.0179282868525896
0.0212483399734396
0.0252324037184595
0.0245683930942895
0.0318725099601594
0.0205843293492696
0.0212483399734396
0.0258964143426295
0.0199203187250996
0.0232403718459495
0.0278884462151394
0.0185922974767596
0.0212483399734396
0.0166002656042497
0.0166002656042497
0.0192563081009296
0.0212483399734396
0.0245683930942895
0.0152722443559097
0.0179282868525896
0.0265604249667995
0.0252324037184595
0.0172642762284197
0.0159362549800797
0.0351925630810093
0.0205843293492696
0.0239043824701195
0.0312084993359894
0.0265604249667995
0.0219123505976096
0.0232403718459495
0.0239043824701195
0.0239043824701195
0.0252324037184595
0.0179282868525896
0.0199203187250996
0.0232403718459495
0.0252324037184595
0.0232403718459495
0.0179282868525896
0.0232403718459495
0.0239043824701195
0.0232403718459495
0.0232403718459495
0.0305444887118194
0.0305444887118194
0.0258964143426295
0.0166002656042497
0.0166002656042497
0.0172642762284197
0.00664010624169987
0.0199203187250996
0.0172642762284197
0.00929614873837981
0.0146082337317397
0.0212483399734396
0.0305444887118194
0.0245683930942895
0.00730411686586985
0.0232403718459495
0.0192563081009296
0.0126162018592297
0.0318725099601594
0.0358565737051793
0.0225763612217795
0.0265604249667995
0.0272244355909695
0.0225763612217795
0.0265604249667995
0.0278884462151394
0.0219123505976096
0.0245683930942895
0.0239043824701195
0.0278884462151394
0.0252324037184595
0.0225763612217795
0.0152722443559097
0.0258964143426295
0.0272244355909695
0.0252324037184595
0.0245683930942895
0.0245683930942895
0.0159362549800797
0.0132802124833997
0.0126162018592297
0.0205843293492696
0.0172642762284197
0.0159362549800797
0.0166002656042497
0.0265604249667995
0.0152722443559097
0.00597609561752988
0.0239043824701195
0.0298804780876494
0.0278884462151394
0.0199203187250996
0.0232403718459495
0.0292164674634794
0.0278884462151394
0.0285524568393094
0.0185922974767596
0.0192563081009296
0.0192563081009296
0.0205843293492696
0.0166002656042497
0.0192563081009296
0.0199203187250996
0.0212483399734396
0.0172642762284197
0.0159362549800797
0.00863213811420983
0.0318725099601594
0.0252324037184595
0.0305444887118194
0.0199203187250996
0.0318725099601594
0.0272244355909695
0.0285524568393094
0.0225763612217795
0.0292164674634794
0.0258964143426295
0.00730411686586985
0.0132802124833997
0.00863213811420983
0.0112881806108898
0.00863213811420983
0.0152722443559097
0.0139442231075697
0.0159362549800797
0.0152722443559097
0.0139442231075697
0.00730411686586985
0.0146082337317397
0.0126162018592297
0.0099601593625498
0.0166002656042497
0.0139442231075697
0.0139442231075697
0.0132802124833997
0.0166002656042497
0.0159362549800797
0.0205843293492696
0.0126162018592297
0.0219123505976096
0.0152722443559097
0.0106241699867198
0.0132802124833997
0.0219123505976096
0.0152722443559097
0.0119521912350598
0.00929614873837981
0.0112881806108898
0.0159362549800797
0.00730411686586985
0.0159362549800797
0.0185922974767596
0.0139442231075697
0.0139442231075697
0.0179282868525896
0.0119521912350598
0.0199203187250996
0.0099601593625498
0.0132802124833997
0.0185922974767596
0.0166002656042497
0.0172642762284197
0.0152722443559097
0.0159362549800797
0.0159362549800797
0.0172642762284197
0.0199203187250996
0.0199203187250996
0.0192563081009296
0.0119521912350598
0.0152722443559097
0.0179282868525896
0.0099601593625498
0.0132802124833997
0.0099601593625498
0.00863213811420983
0.00929614873837981
0.00929614873837981
0.00929614873837981
0.0219123505976096
0.0225763612217795
0.0225763612217795
0.0192563081009296
0.0212483399734396
0.0139442231075697
0.0152722443559097
0.0225763612217795
0.0152722443559097
0.0146082337317397
0.0106241699867198
0.0119521912350598
0.0166002656042497
0.0152722443559097
0.0159362549800797
0.0106241699867198
0.0139442231075697
0.0132802124833997
0.00863213811420983
0.0106241699867198
0.00929614873837981
0.0099601593625498
0.0139442231075697
0.0106241699867198
0.0106241699867198
0.0119521912350598
0.0099601593625498
0.0119521912350598
0.00863213811420983
0.00464807436918991
0.0112881806108898
0.00597609561752988
0.00863213811420983
0.0139442231075697
0.0152722443559097
0.0099601593625498
0.0112881806108898
0.00730411686586985
0.0132802124833997
0.0099601593625498
0.0139442231075697
0.00863213811420983
0.0119521912350598
0.0126162018592297
0.0139442231075697
0.0159362549800797
0.0146082337317397
0.0166002656042497
0.0126162018592297
0.0126162018592297
0.0126162018592297
0.0132802124833997
0.0146082337317397
0.0112881806108898
0.0132802124833997
0.00730411686586985
0.0126162018592297
0.0119521912350598
0.00929614873837981
0.0132802124833997
0.0139442231075697
0.00796812749003984
0.00929614873837981
0.0139442231075697
0.0126162018592297
0.0139442231075697
0.0126162018592297
0.0126162018592297
0.0139442231075697
0.0132802124833997
0.00863213811420983
0.0112881806108898
0.00730411686586985
0.0112881806108898
0.00929614873837981
0.0126162018592297
0.00796812749003984
0.0119521912350598
0.0112881806108898
0.00796812749003984
0.0139442231075697
0.0139442231075697
0.0106241699867198
0.0112881806108898
0.00863213811420983
0.0106241699867198
0.0119521912350598
0.0112881806108898
0.0126162018592297
0.0112881806108898
0.00531208499335989
0.00597609561752988
0.0132802124833997
0.0112881806108898
0.0112881806108898
0.0106241699867198
0.0126162018592297
0.0106241699867198
0.0106241699867198
0.0106241699867198
0.0146082337317397
0.00863213811420983
0.00398406374501992
0.00464807436918991
0.00464807436918991
0.00531208499335989
0.00464807436918991
0.00332005312084993
0.00464807436918991
0.00265604249667995
0.00265604249667995
0.00265604249667995
0.00863213811420983
0.00265604249667995
0.00597609561752988
0.00199203187250996
0.00464807436918991
0.00398406374501992
0.00398406374501992
0.00199203187250996
0.00464807436918991
0.00332005312084993
0.00265604249667995
0.00265604249667995
0.00398406374501992
0.00265604249667995
0.00265604249667995
0.00199203187250996
0.00132802124833997
0.00398406374501992
0.00398406374501992
0.00464807436918991
0.00464807436918991
0.00265604249667995
0.00265604249667995
0.00332005312084993
0.00332005312084993
0.00265604249667995
0.00265604249667995
0.00265604249667995
0.00332005312084993
0.00265604249667995
0.00464807436918991
0.00398406374501992
0.00464807436918991
0.00398406374501992
0.00464807436918991
0.00332005312084993
0.00265604249667995
0.00398406374501992
0.00464807436918991
0.00265604249667995
0.00464807436918991
0.00199203187250996
0.00664010624169987
0.00332005312084993
0.00332005312084993
