0.000232403718459495
0.000531208499335989
0.000199203187250996
0.00099601593625498
0.000896414342629482
0.000763612217795485
0.00112881806108898
0.00109561752988048
0.000763612217795485
0.00099601593625498
0.00126162018592297
0.00132802124833997
0.000763612217795485
0.00122841965471448
0.00139442231075697
0.000962815405046481
0.00106241699867198
0.00142762284196547
0.00199203187250996
0.00149402390438247
0.000962815405046481
0.00106241699867198
0.00106241699867198
0.000697211155378486
0.000796812749003984
0.000830013280212483
0.00156042496679947
0.00139442231075697
0.000365205843293493
0.000730411686586985
0.00119521912350598
0.000597609561752988
0.000896414342629482
0.00112881806108898
0.00112881806108898
0.00112881806108898
0.00106241699867198
0.00129482071713147
0.000597609561752988
0.000232403718459495
0.000132802124833997
0.000830013280212483
9.9601593625498e-05
0.00109561752988048
0.000298804780876494
0.000863213811420983
0.00142762284196547
0.00122841965471448
0.00172642762284197
0.00132802124833997
0.00126162018592297
0.00166002656042497
0.00146082337317397
0.00172642762284197
0.00102921646746348
0.00112881806108898
0.00156042496679947
0.000796812749003984
0.00169322709163347
0.00119521912350598
0.00132802124833997
0.00106241699867198
0.00169322709163347
0.000332005312084993
0.000265604249667995
0.00112881806108898
0.000630810092961487
0.000896414342629482
0.00049800796812749
0.000199203187250996
0.000896414342629482
0.000531208499335989
0.00126162018592297
0.00169322709163347
0.00172642762284197
0.00142762284196547
0.00192563081009296
0.000664010624169987
0.00189243027888446
0.00179282868525896
0.000929614873837981
0.000564409030544489
0.00142762284196547
0.000597609561752988
0.00099601593625498
0.00132802124833997
0.00249003984063745
0.00116201859229748
0.00129482071713147
0.00106241699867198
0.00166002656042497
0.00166002656042497
0.00122841965471448
0.00166002656042497
0.00162682602921647
0.00152722443559097
0.00152722443559097
0.00175962815405046
0.00189243027888446
0.00152722443559097
0.00139442231075697
0.00166002656042497
0.00192563081009296
0.00185922974767596
0.00166002656042497
0.00209163346613546
0.00235723771580345
0.00156042496679947
0.00126162018592297
0.00136122177954847
0.00159362549800797
0.00142762284196547
0.00169322709163347
0.00172642762284197
0.00169322709163347
0.000863213811420983
0.00205843293492696
0.00212483399734396
0.00189243027888446
0.00122841965471448
0.00106241699867198
0.00099601593625498
0.00235723771580345
0.00099601593625498
0.00122841965471448
0.00195883134130146
0.00215803452855246
0.00278884462151394
0.00229083665338645
0.00129482071713147
0.00282204515272244
0.00182602921646746
0.00112881806108898
0.00126162018592297
0.00215803452855246
0.00152722443559097
0.00195883134130146
0.00102921646746348
0.00149402390438247
0.00119521912350598
0.00235723771580345
0.00235723771580345
0.00232403718459495
0.00185922974767596
0.00222443559096946
0.00132802124833997
0.00136122177954847
0.00136122177954847
0.00222443559096946
0.00126162018592297
0.00139442231075697
0.00106241699867198
0.00119521912350598
0.00156042496679947
0.00152722443559097
0.00159362549800797
0.00152722443559097
0.00099601593625498
0.00162682602921647
0.00162682602921647
0.00249003984063745
0.00179282868525896
0.00172642762284197
0.00169322709163347
0.00205843293492696
0.00179282868525896
0.00172642762284197
0.00122841965471448
0.00189243027888446
0.00149402390438247
0.00142762284196547
0.00139442231075697
0.00232403718459495
0.00192563081009296
0.00275564409030544
0.00166002656042497
0.00162682602921647
0.00119521912350598
0.00182602921646746
0.00209163346613546
0.00122841965471448
0.00166002656042497
0.00249003984063745
0.00219123505976096
0.00132802124833997
0.00129482071713147
0.00189243027888446
0.00308764940239044
0.00182602921646746
0.00189243027888446
0.00116201859229748
0.00182602921646746
0.00268924302788845
0.00341965471447543
0.00102921646746348
0.00175962815405046
0.00156042496679947
0.00179282868525896
0.00159362549800797
0.00172642762284197
0.00182602921646746
0.00282204515272244
0.00175962815405046
0.00156042496679947
0.00212483399734396
0.00182602921646746
0.00179282868525896
0.00129482071713147
0.00195883134130146
0.00119521912350598
0.00252324037184595
0.00146082337317397
0.00149402390438247
0.00162682602921647
0.00209163346613546
0.00179282868525896
0.00212483399734396
0.00195883134130146
0.00119521912350598
0.00222443559096946
0.00159362549800797
0.00162682602921647
0.00139442231075697
0.00202523240371846
0.00195883134130146
0.00129482071713147
0.00235723771580345
0.00162682602921647
0.00162682602921647
0.00175962815405046
0.00156042496679947
0.00222443559096946
0.00122841965471448
0.00185922974767596
0.00205843293492696
0.00122841965471448
0.00132802124833997
0.00149402390438247
0.00139442231075697
0.00322045152722444
0.00156042496679947
0.00189243027888446
0.00185922974767596
0.00255644090305445
0.00182602921646746
0.00265604249667995
0.00215803452855246
0.00126162018592297
0.00189243027888446
0.00192563081009296
0.00282204515272244
0.00182602921646746
0.00132802124833997
0.00205843293492696
0.00185922974767596
0.00159362549800797
0.00136122177954847
0.00152722443559097
0.00146082337317397
0.00282204515272244
0.00162682602921647
0.00169322709163347
0.00245683930942895
0.00162682602921647
0.00152722443559097
0.00139442231075697
0.00239043824701195
0.00229083665338645
0.00222443559096946
0.00262284196547145
0.00315405046480744
0.00219123505976096
0.00312084993359894
0.00212483399734396
0.00239043824701195
0.00172642762284197
0.00109561752988048
0.00182602921646746
0.000929614873837981
0.00199203187250996
0.00139442231075697
0.00132802124833997
0.00205843293492696
0.00182602921646746
0.00245683930942895
0.00229083665338645
0.00252324037184595
0.00175962815405046
0.00192563081009296
0.00209163346613546
0.00288844621513944
0.00189243027888446
0.00252324037184595
0.00209163346613546
0.00192563081009296
0.00239043824701195
0.00222443559096946
0.00162682602921647
0.00116201859229748
0.00192563081009296
0.00249003984063745
0.00172642762284197
0.00205843293492696
0.00182602921646746
0.00199203187250996
0.00199203187250996
0.00149402390438247
0.00245683930942895
0.00195883134130146
0.00229083665338645
0.00152722443559097
0.00278884462151394
0.00212483399734396
0.00149402390438247
0.00292164674634794
0.00199203187250996
0.00192563081009296
0.00212483399734396
0.00132802124833997
0.00202523240371846
0.00172642762284197
0.00219123505976096
0.00149402390438247
0.00142762284196547
0.00122841965471448
0.00199203187250996
0.00149402390438247
0.00195883134130146
0.00152722443559097
0.00159362549800797
0.00199203187250996
0.00169322709163347
0.00215803452855246
0.00232403718459495
0.00235723771580345
0.00116201859229748
0.00139442231075697
0.00215803452855246
0.00139442231075697
0.00215803452855246
0.00159362549800797
0.00132802124833997
0.00219123505976096
0.00219123505976096
0.00192563081009296
0.00205843293492696
0.00229083665338645
0.00179282868525896
0.000896414342629482
0.00219123505976096
0.00156042496679947
0.00159362549800797
0.00146082337317397
0.00169322709163347
0.00149402390438247
0.00179282868525896
0.00136122177954847
0.00169322709163347
0.00166002656042497
0.00149402390438247
0.00109561752988048
0.00189243027888446
0.00169322709163347
0.00189243027888446
0.00185922974767596
0.00215803452855246
0.00229083665338645
0.00192563081009296
0.00106241699867198
0.00229083665338645
0.00229083665338645
0.00225763612217795
0.00142762284196547
0.00149402390438247
0.00209163346613546
0.00159362549800797
0.00189243027888446
0.00169322709163347
0.00152722443559097
0.00129482071713147
0.00225763612217795
0.00255644090305445
0.00132802124833997
0.00132802124833997
0.00172642762284197
0.00149402390438247
0.00126162018592297
0.00166002656042497
0.00185922974767596
0.00136122177954847
0.00162682602921647
0.00175962815405046
0.00202523240371846
0.00169322709163347
0.00172642762284197
0.00229083665338645
0.00199203187250996
0.00205843293492696
0.00175962815405046
0.00199203187250996
0.00209163346613546
0.00172642762284197
0.00149402390438247
0.00162682602921647
0.00179282868525896
0.00126162018592297
0.00189243027888446
0.00192563081009296
0.00182602921646746
0.00212483399734396
0.00136122177954847
0.00179282868525896
0.00149402390438247
0.00195883134130146
0.00195883134130146
0.00106241699867198
0.00179282868525896
0.00166002656042497
0.00146082337317397
0.00102921646746348
0.00136122177954847
0.00139442231075697
0.00132802124833997
0.00139442231075697
0.00179282868525896
0.00142762284196547
0.00149402390438247
0.00255644090305445
0.00172642762284197
0.00112881806108898
0.00192563081009296
0.00212483399734396
0.000730411686586985
0.00199203187250996
0.00212483399734396
0.00185922974767596
0.00102921646746348
0.00205843293492696
0.00116201859229748
0.000929614873837981
0.00179282868525896
0.00112881806108898
0.000730411686586985
0.00189243027888446
0.00122841965471448
0.00242363877822045
0.00219123505976096
0.00182602921646746
0.00179282868525896
0.00192563081009296
0.00149402390438247
0.00195883134130146
0.00149402390438247
0.00179282868525896
0.00142762284196547
0.00172642762284197
0.00315405046480744
0.00185922974767596
0.00239043824701195
0.00146082337317397
0.00202523240371846
0.00262284196547145
0.00159362549800797
0.00232403718459495
0.00152722443559097
0.00166002656042497
0.00146082337317397
0.00126162018592297
0.00136122177954847
0.00159362549800797
0.00149402390438247
0.00185922974767596
0.00229083665338645
0.00159362549800797
0.00162682602921647
0.00205843293492696
0.00219123505976096
0.00149402390438247
0.00175962815405046
0.00272244355909695
0.00169322709163347
0.00305444887118194
0.00179282868525896
0.00315405046480744
0.00156042496679947
0.00162682602921647
0.00195883134130146
0.00195883134130146
0.00175962815405046
0.00152722443559097
0.00212483399734396
0.00149402390438247
0.00169322709163347
0.00139442231075697
0.00142762284196547
0.00169322709163347
0.000962815405046481
0.00116201859229748
0.00122841965471448
0.00149402390438247
0.00136122177954847
0.00169322709163347
0.00179282868525896
0.00156042496679947
0.00179282868525896
0.00146082337317397
0.00169322709163347
0.00222443559096946
0.00189243027888446
0.00142762284196547
0.00232403718459495
0.00179282868525896
0.00175962815405046
0.00139442231075697
0.00149402390438247
0.00149402390438247
0.00172642762284197
0.00272244355909695
0.00175962815405046
0.00185922974767596
0.00159362549800797
0.00255644090305445
0.00225763612217795
0.00222443559096946
0.00239043824701195
0.00149402390438247
0.00239043824701195
0.00136122177954847
0.00199203187250996
0.00242363877822045
0.00212483399734396
0.00152722443559097
0.00202523240371846
0.00136122177954847
0.00152722443559097
0.00182602921646746
0.00132802124833997
0.00119521912350598
0.00156042496679947
0.00192563081009296
0.00179282868525896
0.00222443559096946
0.00222443559096946
0.00159362549800797
0.00199203187250996
0.00229083665338645
0.00142762284196547
0.00179282868525896
0.00199203187250996
0.00162682602921647
0.00166002656042497
0.00192563081009296
0.00249003984063745
0.00192563081009296
0.00242363877822045
0.00199203187250996
0.00182602921646746
0.00185922974767596
0.00219123505976096
0.00159362549800797
0.00099601593625498
0.00122841965471448
0.00199203187250996
0.00179282868525896
0.00219123505976096
0.00235723771580345
0.00202523240371846
0.00232403718459495
0.00215803452855246
0.00169322709163347
0.00166002656042497
0.00152722443559097
0.00172642762284197
0.00122841965471448
0.00315405046480744
0.00192563081009296
0.00215803452855246
0.00162682602921647
0.00182602921646746
0.00159362549800797
0.00249003984063745
0.00179282868525896
0.00209163346613546
0.00305444887118194
0.00199203187250996
0.00239043824701195
0.00195883134130146
0.00175962815405046
0.00126162018592297
0.00225763612217795
0.00172642762284197
0.00225763612217795
0.00185922974767596
0.00149402390438247
0.00175962815405046
0.00129482071713147
0.000730411686586985
0.00142762284196547
0.00182602921646746
0.00185922974767596
0.00156042496679947
0.00199203187250996
0.00119521912350598
0.00262284196547145
0.00162682602921647
0.00209163346613546
0.00185922974767596
0.00099601593625498
0.00185922974767596
0.00109561752988048
0.00099601593625498
0.00166002656042497
0.00182602921646746
0.00209163346613546
0.00162682602921647
0.00172642762284197
0.00156042496679947
0.00199203187250996
0.00212483399734396
0.00255644090305445
0.00189243027888446
0.00192563081009296
0.00162682602921647
0.00212483399734396
0.00215803452855246
0.00219123505976096
0.00182602921646746
0.00185922974767596
0.00169322709163347
0.00156042496679947
0.00139442231075697
0.00175962815405046
0.00169322709163347
0.00129482071713147
0.00202523240371846
0.00142762284196547
0.00156042496679947
0.00146082337317397
0.00139442231075697
0.00132802124833997
0.00215803452855246
0.00209163346613546
0.00106241699867198
0.00122841965471448
0.00229083665338645
0.00205843293492696
0.00112881806108898
0.00192563081009296
0.00212483399734396
0.00175962815405046
0.00225763612217795
0.00199203187250996
0.00212483399734396
0.00169322709163347
0.00169322709163347
0.00142762284196547
0.00192563081009296
0.00172642762284197
0.00192563081009296
0.00258964143426295
0.00192563081009296
0.00182602921646746
0.000697211155378486
0.00172642762284197
0.00199203187250996
0.00195883134130146
0.00162682602921647
0.00122841965471448
0.00189243027888446
0.00209163346613546
0.00162682602921647
0.00262284196547145
0.00149402390438247
0.00156042496679947
0.00146082337317397
0.00159362549800797
0.00122841965471448
0.00156042496679947
0.00122841965471448
0.00189243027888446
0.00132802124833997
0.00136122177954847
0.00212483399734396
0.00142762284196547
0.00229083665338645
0.00169322709163347
0.00106241699867198
0.00162682602921647
0.00116201859229748
0.00182602921646746
0.00132802124833997
0.00199203187250996
0.00182602921646746
0.00175962815405046
0.00199203187250996
0.00166002656042497
0.00146082337317397
0.00146082337317397
0.00129482071713147
0.00179282868525896
0.00169322709163347
0.00142762284196547
0.00126162018592297
0.00136122177954847
0.00146082337317397
0.00209163346613546
0.000763612217795485
0.00175962815405046
0.00166002656042497
0.00166002656042497
0.00139442231075697
0.00202523240371846
0.00112881806108898
0.00129482071713147
0.00195883134130146
0.00159362549800797
0.00222443559096946
0.00162682602921647
0.00149402390438247
0.00166002656042497
0.00159362549800797
0.00209163346613546
0.00209163346613546
0.00162682602921647
0.00122841965471448
0.000796812749003984
0.00169322709163347
0.00215803452855246
0.00189243027888446
0.00199203187250996
0.00182602921646746
0.00112881806108898
0.00152722443559097
0.00195883134130146
0.00192563081009296
0.00149402390438247
0.00192563081009296
0.00146082337317397
0.00152722443559097
0.00212483399734396
0.00162682602921647
0.00219123505976096
0.00202523240371846
0.00192563081009296
0.00222443559096946
0.00132802124833997
0.00129482071713147
0.00152722443559097
0.00195883134130146
0.00179282868525896
0.00278884462151394
0.00272244355909695
0.00162682602921647
0.00179282868525896
0.00162682602921647
0.00169322709163347
0.00142762284196547
0.00116201859229748
0.00185922974767596
0.00169322709163347
0.00139442231075697
0.00229083665338645
0.00169322709163347
0.00149402390438247
0.000763612217795485
0.00142762284196547
0.00172642762284197
0.00149402390438247
0.000830013280212483
0.00209163346613546
0.00146082337317397
0.00152722443559097
0.00159362549800797
0.00159362549800797
0.00142762284196547
0.00172642762284197
0.00172642762284197
0.00166002656042497
0.00126162018592297
0.00112881806108898
0.000796812749003984
0.00205843293492696
0.00122841965471448
0.00129482071713147
0.00156042496679947
0.00132802124833997
0.00102921646746348
0.00152722443559097
0.00139442231075697
0.00179282868525896
0.00142762284196547
0.00146082337317397
0.00126162018592297
0.00106241699867198
0.00109561752988048
0.00116201859229748
0.00142762284196547
0.00139442231075697
0.00189243027888446
0.00116201859229748
0.00136122177954847
0.00162682602921647
0.00166002656042497
0.00169322709163347
0.00159362549800797
0.000863213811420983
0.00152722443559097
0.00205843293492696
0.00179282868525896
0.00142762284196547
0.00129482071713147
0.00162682602921647
0.00129482071713147
0.00185922974767596
0.00132802124833997
0.00159362549800797
0.00209163346613546
0.00149402390438247
0.00179282868525896
0.000763612217795485
0.00169322709163347
0.00189243027888446
0.00162682602921647
0.00119521912350598
0.00142762284196547
0.00142762284196547
0.00149402390438247
0.00179282868525896
0.00149402390438247
0.00192563081009296
0.00149402390438247
0.00142762284196547
0.00116201859229748
0.00142762284196547
0.00195883134130146
0.00102921646746348
0.00159362549800797
0.00119521912350598
0.00132802124833997
0.00109561752988048
0.00189243027888446
0.00179282868525896
0.00185922974767596
0.00162682602921647
0.00162682602921647
0.00182602921646746
0.00166002656042497
0.00209163346613546
0.00179282868525896
0.00185922974767596
0.00166002656042497
0.00156042496679947
0.00169322709163347
0.00179282868525896
0.00175962815405046
0.00182602921646746
0.00179282868525896
0.00166002656042497
0.00139442231075697
0.00159362549800797
0.00189243027888446
0.00205843293492696
0.00149402390438247
0.00215803452855246
0.00152722443559097
0.00166002656042497
0.00142762284196547
0.00116201859229748
0.00049800796812749
0.00159362549800797
0.00179282868525896
0.00159362549800797
0.00172642762284197
0.00166002656042497
0.00156042496679947
0.00149402390438247
0.00146082337317397
0.00199203187250996
0.00212483399734396
0.00159362549800797
0.00195883134130146
0.00126162018592297
0.00149402390438247
0.00202523240371846
0.00162682602921647
0.00156042496679947
0.00159362549800797
0.00126162018592297
0.00136122177954847
0.00192563081009296
0.00205843293492696
0.00156042496679947
0.00156042496679947
0.00136122177954847
0.00152722443559097
0.00149402390438247
0.00116201859229748
0.00126162018592297
0.00139442231075697
0.00179282868525896
0.00129482071713147
0.00132802124833997
0.00132802124833997
0.00166002656042497
0.00129482071713147
0.00139442231075697
0.00122841965471448
0.00119521912350598
0.00129482071713147
0.00112881806108898
0.00106241699867198
0.00159362549800797
0.00146082337317397
0.00119521912350598
0.00139442231075697
0.00136122177954847
0.00099601593625498
0.00136122177954847
0.00109561752988048
0.00122841965471448
0.00169322709163347
0.00126162018592297
0.00172642762284197
0.00109561752988048
0.00099601593625498
0.00129482071713147
0.00122841965471448
0.00172642762284197
0.00129482071713147
0.00132802124833997
0.00122841965471448
0.00142762284196547
0.00166002656042497
0.00129482071713147
0.00132802124833997
0.00162682602921647
0.00209163346613546
0.00102921646746348
0.00149402390438247
0.00152722443559097
0.00106241699867198
0.00152722443559097
0.00146082337317397
0.00126162018592297
0.00116201859229748
0.00152722443559097
0.00152722443559097
0.00149402390438247
0.000796812749003984
0.00152722443559097
0.00129482071713147
0.00126162018592297
0.00139442231075697
0.00132802124833997
0.00116201859229748
0.00102921646746348
0.00142762284196547
0.00169322709163347
0.00159362549800797
0.00132802124833997
0.00212483399734396
0.00162682602921647
0.00129482071713147
0.00189243027888446
0.00162682602921647
0.00166002656042497
0.00109561752988048
0.00149402390438247
0.00268924302788845
0.00275564409030544
0.00112881806108898
0.000929614873837981
0.00112881806108898
0.00156042496679947
0.000929614873837981
0.00258964143426295
0.00275564409030544
0.00219123505976096
0.00112881806108898
0.00275564409030544
0.00109561752988048
0.00119521912350598
0.00119521912350598
0.00116201859229748
0.00099601593625498
0.00225763612217795
0.00119521912350598
0.00132802124833997
0.00126162018592297
0.00152722443559097
0.00136122177954847
0.00116201859229748
0.00116201859229748
0.000830013280212483
0.00122841965471448
0.000697211155378486
0.000763612217795485
0.00122841965471448
0.00129482071713147
0.00146082337317397
0.00116201859229748
0.00112881806108898
0.00295484727755644
0.00205843293492696
0.00116201859229748
0.000597609561752988
0.00119521912350598
0.00122841965471448
0.00119521912350598
0.00212483399734396
0.00109561752988048
0.000863213811420983
0.00149402390438247
0.00159362549800797
0.00239043824701195
0.00239043824701195
0.00156042496679947
0.00152722443559097
0.00132802124833997
0.00109561752988048
0.00129482071713147
0.00146082337317397
0.000962815405046481
0.000929614873837981
0.00146082337317397
0.00132802124833997
0.00119521912350598
0.00122841965471448
0.00136122177954847
0.00116201859229748
0.00146082337317397
0.00102921646746348
0.00149402390438247
0.00239043824701195
0.00129482071713147
0.00189243027888446
0.00126162018592297
0.00116201859229748
0.00219123505976096
0.00285524568393094
0.00136122177954847
0.00166002656042497
0.00146082337317397
0.00219123505976096
0.00136122177954847
0.00199203187250996
0.00249003984063745
0.00129482071713147
0.00139442231075697
0.00142762284196547
0.00146082337317397
0.00172642762284197
0.00126162018592297
0.00152722443559097
0.00152722443559097
0.00182602921646746
0.00132802124833997
0.00142762284196547
0.00152722443559097
0.00189243027888446
0.00152722443559097
0.00175962815405046
0.00175962815405046
0.00159362549800797
0.00166002656042497
0.00172642762284197
0.00149402390438247
0.00162682602921647
0.00136122177954847
0.00159362549800797
0.00132802124833997
0.00235723771580345
0.00136122177954847
0.00152722443559097
0.000697211155378486
0.00175962815405046
0.00172642762284197
0.00212483399734396
0.00222443559096946
0.00195883134130146
0.00229083665338645
0.00146082337317397
0.00109561752988048
0.00126162018592297
0.00249003984063745
0.00126162018592297
0.00112881806108898
0.00162682602921647
0.00215803452855246
0.00175962815405046
0.00225763612217795
0.00162682602921647
0.00192563081009296
0.00162682602921647
0.00189243027888446
0.00132802124833997
0.00185922974767596
0.00146082337317397
0.00129482071713147
0.00102921646746348
0.00129482071713147
0.00126162018592297
0.00139442231075697
0.00136122177954847
0.00136122177954847
0.00136122177954847
0.00265604249667995
0.00185922974767596
0.00129482071713147
0.00192563081009296
0.00139442231075697
0.00116201859229748
0.00235723771580345
0.00122841965471448
0.00185922974767596
0.00142762284196547
0.00215803452855246
0.00162682602921647
0.00215803452855246
0.00182602921646746
0.00225763612217795
0.00116201859229748
0.00136122177954847
0.00139442231075697
0.00126162018592297
0.00126162018592297
0.00129482071713147
0.00146082337317397
0.00179282868525896
0.00099601593625498
0.00199203187250996
0.00122841965471448
0.000697211155378486
0.00102921646746348
0.00132802124833997
0.00162682602921647
0.00239043824701195
0.00205843293492696
0.00126162018592297
0.00205843293492696
0.00106241699867198
0.00132802124833997
0.00212483399734396
0.00149402390438247
0.00152722443559097
0.00142762284196547
0.00205843293492696
0.00209163346613546
0.00146082337317397
0.00179282868525896
0.000730411686586985
0.00152722443559097
0.00146082337317397
0.00166002656042497
0.00156042496679947
0.00102921646746348
0.00109561752988048
0.00185922974767596
0.00139442231075697
0.00219123505976096
0.00192563081009296
0.00162682602921647
0.000962815405046481
0.00129482071713147
0.00142762284196547
0.00242363877822045
0.00122841965471448
0.00132802124833997
0.00179282868525896
0.00169322709163347
0.00199203187250996
0.00182602921646746
0.00175962815405046
0.00139442231075697
0.00222443559096946
0.00139442231075697
0.00142762284196547
0.00202523240371846
0.00122841965471448
0.00156042496679947
0.00129482071713147
0.00129482071713147
0.00119521912350598
0.00139442231075697
0.00156042496679947
0.000896414342629482
0.00136122177954847
0.00159362549800797
0.00182602921646746
0.00099601593625498
0.00109561752988048
0.00242363877822045
0.00129482071713147
0.00182602921646746
0.00225763612217795
0.00209163346613546
0.00175962815405046
0.00179282868525896
0.00192563081009296
0.00195883134130146
0.00205843293492696
0.00112881806108898
0.00139442231075697
0.00152722443559097
0.00209163346613546
0.00169322709163347
0.00102921646746348
0.00159362549800797
0.00265604249667995
0.00126162018592297
0.00232403718459495
0.00262284196547145
0.00182602921646746
0.00142762284196547
0.00122841965471448
0.00132802124833997
0.00132802124833997
0.000365205843293493
0.00146082337317397
0.00109561752988048
0.00049800796812749
0.00119521912350598
0.00142762284196547
0.00192563081009296
0.00149402390438247
0.00049800796812749
0.00146082337317397
0.00189243027888446
0.000896414342629482
0.00212483399734396
0.00258964143426295
0.00209163346613546
0.00292164674634794
0.00262284196547145
0.00252324037184595
0.00288844621513944
0.00282204515272244
0.00126162018592297
0.00272244355909695
0.00192563081009296
0.00278884462151394
0.00275564409030544
0.00219123505976096
0.000796812749003984
0.00288844621513944
0.00275564409030544
0.00285524568393094
0.00275564409030544
0.00262284196547145
0.000962815405046481
0.000796812749003984
0.000763612217795485
0.00129482071713147
0.00126162018592297
0.00119521912350598
0.00106241699867198
0.00142762284196547
0.00109561752988048
0.000365205843293493
0.00232403718459495
0.00232403718459495
0.00322045152722444
0.00126162018592297
0.00242363877822045
0.00192563081009296
0.00312084993359894
0.00278884462151394
0.00139442231075697
0.00126162018592297
0.00156042496679947
0.00169322709163347
0.00116201859229748
0.00132802124833997
0.00129482071713147
0.00132802124833997
0.00116201859229748
0.00112881806108898
0.000431606905710491
0.00209163346613546
0.00258964143426295
0.00225763612217795
0.00122841965471448
0.00209163346613546
0.00302124833997344
0.00166002656042497
0.00232403718459495
0.00322045152722444
0.00288844621513944
0.000365205843293493
0.000796812749003984
0.000597609561752988
0.000664010624169987
0.000564409030544489
0.000896414342629482
0.000830013280212483
0.000929614873837981
0.000962815405046481
0.000863213811420983
0.000365205843293493
0.000962815405046481
0.000962815405046481
0.000564409030544489
0.00102921646746348
0.00109561752988048
0.000763612217795485
0.000962815405046481
0.000863213811420983
0.000896414342629482
0.00109561752988048
0.00102921646746348
0.00159362549800797
0.00109561752988048
0.000896414342629482
0.000962815405046481
0.00146082337317397
0.00112881806108898
0.000796812749003984
0.000630810092961487
0.00099601593625498
0.000962815405046481
0.000464807436918991
0.000830013280212483
0.00106241699867198
0.000697211155378486
0.000730411686586985
0.00106241699867198
0.000664010624169987
0.00106241699867198
0.000630810092961487
0.000962815405046481
0.00126162018592297
0.00116201859229748
0.00116201859229748
0.000962815405046481
0.00112881806108898
0.00102921646746348
0.000863213811420983
0.00149402390438247
0.00152722443559097
0.00116201859229748
0.000697211155378486
0.000896414342629482
0.00106241699867198
0.000564409030544489
0.000896414342629482
0.000564409030544489
0.000630810092961487
0.000664010624169987
0.000597609561752988
0.000630810092961487
0.00162682602921647
0.00156042496679947
0.00222443559096946
0.00156042496679947
0.00162682602921647
0.000796812749003984
0.00099601593625498
0.00169322709163347
0.000929614873837981
0.000962815405046481
0.000564409030544489
0.000630810092961487
0.00109561752988048
0.000796812749003984
0.00106241699867198
0.000564409030544489
0.000830013280212483
0.000730411686586985
0.000431606905710491
0.000730411686586985
0.000564409030544489
0.000564409030544489
0.000697211155378486
0.000564409030544489
0.000630810092961487
0.000796812749003984
0.000597609561752988
0.000697211155378486
0.000464807436918991
0.000232403718459495
0.000630810092961487
0.000365205843293493
0.000431606905710491
0.000763612217795485
0.000863213811420983
0.000531208499335989
0.000697211155378486
0.000398406374501992
0.000730411686586985
0.000564409030544489
0.00099601593625498
0.000431606905710491
0.000863213811420983
0.000896414342629482
0.000962815405046481
0.000830013280212483
0.00099601593625498
0.000863213811420983
0.000896414342629482
0.000664010624169987
0.000730411686586985
0.000763612217795485
0.000896414342629482
0.000730411686586985
0.000830013280212483
0.000398406374501992
0.000697211155378486
0.000730411686586985
0.000531208499335989
0.000863213811420983
0.000730411686586985
0.000531208499335989
0.000564409030544489
0.000763612217795485
0.000896414342629482
0.000730411686586985
0.000697211155378486
0.000664010624169987
0.000962815405046481
0.000962815405046481
0.000564409030544489
0.000597609561752988
0.000365205843293493
0.000630810092961487
0.000531208499335989
0.000630810092961487
0.000531208499335989
0.000630810092961487
0.000730411686586985
0.000464807436918991
0.000730411686586985
0.000730411686586985
0.000664010624169987
0.000564409030544489
0.00049800796812749
0.000730411686586985
0.000796812749003984
0.000664010624169987
0.000763612217795485
0.000763612217795485
0.000298804780876494
0.000365205843293493
0.000730411686586985
0.000664010624169987
0.000664010624169987
0.000630810092961487
0.000697211155378486
0.000597609561752988
0.000564409030544489
0.000597609561752988
0.000763612217795485
0.00049800796812749
0.000199203187250996
0.000232403718459495
0.000232403718459495
0.000265604249667995
0.000232403718459495
0.000166002656042497
0.000232403718459495
0.000132802124833997
0.000132802124833997
0.000132802124833997
0.000431606905710491
0.000132802124833997
0.000298804780876494
9.9601593625498e-05
0.000232403718459495
0.000199203187250996
0.000199203187250996
9.9601593625498e-05
0.000232403718459495
0.000166002656042497
0.000132802124833997
0.000132802124833997
0.000199203187250996
0.000132802124833997
0.000132802124833997
9.9601593625498e-05
6.64010624169987e-05
0.000199203187250996
0.000199203187250996
0.000232403718459495
0.000232403718459495
0.000132802124833997
0.000132802124833997
0.000166002656042497
0.000166002656042497
0.000132802124833997
0.000132802124833997
0.000132802124833997
0.000166002656042497
0.000132802124833997
0.000232403718459495
0.000199203187250996
0.000232403718459495
0.000199203187250996
0.000232403718459495
0.000166002656042497
0.000132802124833997
0.000199203187250996
0.000232403718459495
0.000132802124833997
0.000232403718459495
9.9601593625498e-05
0.000332005312084993
0.000166002656042497
0.000166002656042497
