0.000997506234413965
0.00467632237769892
0
1.39653329579839e-05
0.00155505766120829
0.000153173712658023
9.73183182689093e-05
0.000257659520235738
0.000171774383385401
0.000118497263542406
0.000214578620376301
0.000155357481347496
0.00176454714081733
2.25341626634567e-05
0.00349324773462223
0.000587435329131188
0.000181663277245742
0.00399101748597278
1.64989305450822e-05
2.64884148697136e-05
0.00370826685648804
0.000238254579107163
1.15127641223638e-05
0.000825117141097033
1.17049408542153e-05
5.61953860669623e-05
0.000760026274905335
9.56845687048656e-05
0.000141036552856883
0.000801260404767089
0.000981620222810433
0.000138839423541337
0.0184637304315821
0.000257993985792734
0.00223558717884424
0.00323739244757957
0
0.000565376207805039
0.000108130979778535
0.00497796205381299
0.00022919543961565
0.000104220977648484
0.00238766687977019
0.000558891822686618
0.00306061942224382
7.15739898556098e-05
4.17325754024034e-05
3.59993216289799e-05
0.00120799142766941
0.00399569840774012
9.89305926327614e-05
0.00239339611708219
5.06748482551199e-05
3.08447563362913e-05
1.95976658585468e-05
0.00356604880576694
0.0340602345035885
1.11074304193312e-05
0.000881607553874147
0.000226851902635206
0.00381696857223387
0.000153954896777547
0.000118767437038562
0.00047503755738795
6.05726732076262e-05
0.000603086423892432
3.00607768251165e-05
0.00132694504507074
1.45375133369954e-05
0.000353785028144587
6.88618700212993e-05
4.1576184938447e-05
8.45977170038265e-05
0.000153173712658023
0.000117361750109535
4.07360173859525e-05
0.000105301826961425
0.000257740280671419
0.000106715733271136
0.000103510485744925
0.000389496574703375
0.000242848149273567
0.000386905407776755
0.000386932913400594
0.000308401998749948
4.85483030187244e-05
0.00721462755940114
0.000616866793396256
0.000107206250811148
0.000126413389085646
0.00501503216695945
0.0021930382978462
3.1442322526685e-05
0.000767044522983355
0.00116480905379395
0.00063386646044922
0.00160382850443589
2.19188785407105e-05
3.88404510055412e-05
0.0832265796294575
0.000417687890997147
0.000265789185716031
0.000189764794996796
3.06047679960282e-05
8.21988429622048e-05
0.00559944248886904
0.000428828328481216
0.00024598084496347
1.14492592731569e-05
3.53879449846538e-05
1.87350104388297e-05
2.75785539375991e-05
0.000197574156341711
0.000614599831830742
0.000370285563487707
2.55265914011271e-05
0.000125519521557442
8.19333392798095e-05
1.95927381755099e-05
9.21709679365259e-05
0.000708933470381563
0.000515649421250496
0.000227058127703309
0.00028599120521615
0.00045995829383455
4.19398579402446e-05
0.000151264936637121
0.0111715144812739
0.00422395481952913
0.00352495965589318
0.0239803435402108
0.000112852240380214
0.000189965901014499
0.000511409666471127
0.0012669979333474
1.49175240853267e-05
0.000612567991903205
3.79195126027772e-05
0.000136212125981244
0.000108688050524193
0.000518466421242841
0.00395774136609255
0.000604654041642722
1.92881341313462e-05
0.000999734857190105
3.98474047509262e-05
0.000234679342309855
0.000127173397005809
2.95324082439178e-05
6.04633336593344e-05
4.81367069605704e-05
1.91080758169113e-05
0.00188978891298057
7.49633261136573e-05
0.0119174413767283
0.00759954816221056
9.17063022535793e-05
0.0046838109651976
0.000105606369060085
0.0013610039837533
7.92745219670558e-05
0.00218381057811543
0.000499900269516372
0.000803350961766571
0.00034093272179942
0.000433470967790788
0.000762390553271041
0.00414365863806898
0.00426908913806463
0.000826725220941194
0.000639414270774326
5.34508341233888e-05
0.000858102554495455
2.82149362973285e-05
4.4561691499775e-05
1.82727104370665e-05
6.67153241184075e-05
0.000393446836613585
3.07452218033169e-05
0.02402800714457
8.0194651366588e-05
2.54786040515846e-05
0.000690460064371745
8.36422351548669e-05
0.00147510730700262
1.90876053225061e-05
0.000214345691760574
9.43892415009957e-05
0.00829887131857992
8.87231239210518e-05
1.1158579399338e-05
0.00027420091070743
0.000125375858722167
6.46173841494336e-05
0.00835864268560669
9.24673223315255e-05
0.00724018760612708
8.24692369498978e-05
0.000433973900391713
0.000513897661772626
5.72029252780498e-05
0.00127419993406941
4.75901252889626e-05
2.58232773075968e-05
0.000191959148637824
0.00695215531064937
3.25335807508296e-05
3.31418685761235e-05
0.00018824601950139
0.000126037115809515
0.000567783124363292
0.000101935030081551
6.48521001752089e-05
0.00124434715249237
3.05389100614397e-05
0.0176836760915379
0.00101578496608834
0.280119772147168
5.2528090604978e-05
0.00971485865392054
0.000212861382676722
0.00366794033654055
9.16504052942233e-05
0.000498677943579187
4.96413564472955e-05
0.000165725799583085
0.000193602711502551
0.00511097301967214
2.10425117891779e-05
2.16620433392561e-05
0.000343988717672667
0.000134992558523839
0.000386790716794982
5.12650359771448e-05
0.000176442534423327
3.777289506333e-05
0.00010306860430932
0.126731932682903
0.00154748621638395
0.0180052130294064
0.0190064570695788
0.000147148635847114
4.90542347216607e-05
2.56431804065318e-05
0.00162076841428658
0.000510068752693992
0.000323408196688541
8.36752698622041e-05
9.53021799389432e-05
2.0793657247932e-05
0.00115653283566606
0.000825902354004275
0.000196796987091014
0.000320604185305073
0.000359486422745864
0.00040590572914247
0.000164861667108169
0.00100891667688752
0.000209220167387898
7.03511384232336e-05
0.000218296031433416
0.0074923851082905
0.000196584667684539
0.00305899586910721
0.00027333499741758
6.47324092253054e-05
4.22276359045651e-05
0.000232141254846842
0.000302394367429663
5.2372407665914e-05
0.00032776166779633
0.000287525129386467
0.000135395251430292
2.95318812324478e-05
3.37736824902046e-05
9.20173778390093e-05
0.000161183847985295
0.000457711484450291
0.000443859476357728
0.000298474248963231
0.00709131929549701
0.000988415483038242
0.000186644113058314
0.00125517988474662
0.00055448251917699
0.000596862671949645
0.00015571738719181
0.000621125842123455
3.20985634202375e-05
2.64750333447337e-05
0
2.76128821433756e-05
9.67846404171952e-05
0.00583984283746094
3.44412004141052e-05
7.73829017971961e-05
0.000320206591397974
0.00021147365748016
0.00100217641182062
0.000143707356735123
8.76072035928623e-05
5.51939044431411e-05
2.18187324185795e-05
8.61048951733746e-05
3.65036932459413e-05
0.000599594049807242
0.00230670670084383
0.000931728640034768
0.000455030115373438
2.48193414220002e-05
0.00221353995575892
3.89893430974115e-05
0.00212515042532593
0.00207128209952305
0.00149757426487885
9.12877246152076e-05
0.000104676717871346
0.00190350848406549
0.0155146284772202
0.000503751329702993
2.07404145584023e-05
0.000487905616443256
0.00562486787959211
0.000123783998331507
0.0030856859784237
0.000230638454260793
0.00293043962753927
7.6967496548163e-05
0.000457008958138535
0.00279266706952987
0.000116481119327018
0.000565044912109156
0.000283847636611679
0.00032852570539925
0.000223798414934639
0.00360297458736885
7.39920054352465e-05
0.000209571850643098
0.000126409002491261
0.000110587473654626
0.000501779624522332
0.0129619145014092
0.000183453108203014
0.000369738018790579
0.000412858004853901
0.000367667154244867
0.000108594371658119
0.00517160517118334
0.00228675486993239
0.000330532681974229
0.00158582398648357
6.58529978962096e-05
0.00261333634070403
0.000109036823518069
0.000672798493563616
0.000136220224147014
0.00146734691596241
0.000656605396105623
5.8219703814878e-05
0.00209441819491352
0.000208263356957737
0.00017355932258274
0.00014278602000523
0.000191481635038318
0.000227802967219613
0.00075071427703564
0.000177272686529374
7.05549999336212e-05
8.91789486203735e-05
0.000108603752826242
0.000148305193898398
3.02791829013184e-05
0.000955600720031237
0.000705105508157455
0.000671979348024495
0.000137558548833267
0.000117068220363576
0.000594483157944263
9.56899344015774e-06
4.88602723205302e-05
0.000185628667525977
0.000121889508101344
0.000202428906943301
0.00185184832552609
9.85229602713912e-05
0.000110395640692249
0.000510737550297493
0.000374959644875053
0.000685291532793152
0.00371828445055638
0.000387611921028587
0.000151737356073091
0.000217765161322947
0.000219105330174713
0.000307841047394682
0.000143009490497089
0.0215151452232082
2.42547738446193e-05
3.5097012972409e-05
0.000431046769442301
2.8825990564425e-05
0.000582420910957949
0.0004076243700011
1.36235630785619e-05
0.000100919309622402
4.17690912209935e-05
0.000107890613991966
8.4496893426433e-05
0.000118797748301582
7.36040713107457e-05
0.00205574131696745
2.67626360425851e-05
0.000109581244591325
9.92066792302162e-05
0.00025224707834035
2.68608127383302e-05
0.000144982265681601
5.93731203492563e-05
0.000371074132475396
0.000741983723288423
1.96216998446079e-05
2.68626846389366e-05
0.000341302180225449
0.000370327866634899
0.00145773976790175
0.000113025042847191
0.000721592397979842
4.18398258387832e-05
0.000343012360223747
4.4823373102118e-05
3.75468759500943e-06
0.000566155845751635
0.000354150304945081
0.0018237752236543
0.000165457412734065
8.41328143824499e-05
0.000126626808297538
1.21908263214496e-05
8.26685974278888e-05
4.93891652527765e-05
0.00114047169074976
0.000432123457435373
0.000180462914952709
0.000244704854868892
0.000116848733078583
3.9221796868658e-05
0.000537424597520634
0.000348273780954886
3.2204079156194e-05
8.51069713434187e-06
0.00168264298771479
0.000558550997891938
1.84787342360745e-06
6.37906734363131e-05
0.000133410186056954
0.000195951010090349
7.15992937615306e-05
0.00043662846417357
0.000286103122052255
0.0060136360542006
0.0201279049025373
0.0169872572632876
0.00367306029894834
0.0436704100097132
0.436462081167861
0.0304295877578537
0.00133027752917556
8.33564284338405e-05
0.0276409690528109
0.000220404098016621
0.000417488287893962
0.000529741382695013
0.000333352548599847
0.000252202467817613
0.00103888088812686
0.000152879861713767
0.000455595776893194
5.84074426432596e-05
0.000235485555780995
5.47625754434601e-06
0.000132359454074559
7.83482420247159e-05
6.71780530094749e-05
0.000655558904956333
6.35896411707976e-05
0.000136088213232684
9.97886297610885e-05
4.18558672339081e-05
8.07982093819789e-05
5.77871271229578e-05
0.000340351881157579
0.000716979143447722
0.000558091452347692
0.000440205811030134
8.02690302276416e-05
5.25999810657917e-05
2.84008592082726e-05
0.00010275792900198
0.000155482057107616
0.000268220212555597
1.44937271434211e-05
0.000222562769772199
6.26282847389291e-05
0.000160338383455009
0.000164197265424507
0.00114195806405094
0.000209071764395763
0.00100298660323473
0.000494064337112552
2.67322504495508e-05
0.0283011789605446
0.000278862350462874
3.74492502371437e-05
0.00134600368828135
0.000446991581443434
0.00220718530274355
0.00218095565346049
0.000213761026179913
0.00110728501988368
0.00280247597348851
0.00020828710479088
6.06814935142836e-05
0.00195332636825679
3.67344164389425e-05
0.000832343811326831
0.00375179805786203
0.000220922942711758
3.68184175366564e-05
3.03484651909271e-05
0.00126465943671696
0.000153094871800519
0.00147659599433938
0.000127487134156063
6.78886277043035e-05
0.00111726448455432
0.00124757252493172
1.35173907150148e-05
0.00123926115843467
0.000154137405093887
0.000181798691922771
0.00219353011762228
0.0017626705057095
0.00131964579242868
6.55413265049442e-05
0.00101464963736745
0.000244451537728143
0.0298071181989584
0.00047057764735408
0.00305397503764439
2.55521836494119e-05
3.27942017195697e-05
7.92053020850919e-06
0.00318350058429896
1.43958587966531e-05
1.94270336537266e-05
0.000117591704181933
0.00015894803675518
0.000273876054363046
2.78768467298288e-05
3.85481284564505e-05
0.0051129951368585
0.0288766676877725
6.68367161945953e-05
0.000124561256490444
4.2019174025736e-05
0.0291380508008439
0.00112874707329976
3.48131265196473e-05
0.00216689438024753
0.00046573055987438
0.000278151213017151
0.000913983416154884
8.7691168131338e-05
0.0267211033268117
0.00106059295541514
0.000652447547817
0.0263644089842012
0.00155422729074644
0.00464168352161854
0.00185173383113242
0.00761192392249817
0.00027615517128825
0.00326625575587072
0.00115886195055547
0.00641091592977688
2.68401901009227e-05
2.79645354707862e-05
0.000407660615849746
0.000691011577291926
3.62646356086812e-05
0.00250776319083327
0.000651085189249708
0.0252121105945765
0.000724189036883852
0.000912590269739429
0.00386213507537031
9.51639971492253e-05
7.10678587518256e-05
0.000293298906138997
0.000307869867219184
0.00123865628378335
0.000700239639316527
0.000186713334531961
3.46224774254033e-05
4.89189255568018e-05
2.80521604440146e-05
4.43865660744236e-05
5.1247119993515e-05
0.00046286064766761
6.07971266188392e-05
0.000587272462643077
3.6888337878267e-05
0.000551392747336696
0.000563904211890914
0.000544988316683666
0.000527468835521816
0.000503899051928113
2.81717918763445e-05
0.000211864049104409
0.000183604256645416
0.000339751705649339
0.000192605285201583
0.00842228723060002
0.00032903413600106
0.000393469535338306
5.25100948097212e-05
0.000320959344832338
0.000397046553165352
0.000438765772211387
0.000503721534150135
0.000507301307506742
0.000534978319380572
0.00412318767260635
0.000411240768030093
9.58807922579992e-06
1.69928841520034e-05
0.000554381124238227
2.51823294339507e-05
0.000457917983865626
0.000424169289487531
0.000625471905190688
0.000412457073057369
0.000396129425672275
2.89254804581113e-05
0.000400948731882704
4.73145645709039e-05
0.000345169149210709
2.83467565423245e-05
8.08753072706089e-06
0.000397439930667721
4.41965444948711e-05
5.51054921866974e-05
8.69788284247074e-05
0.000384945929189717
0.000211041100840645
4.11813890124273e-05
0.000135708618305908
0.000342304400412449
0.000376822188906203
2.84058397211201e-05
9.70924414534752e-06
0.000413100629949849
0.000171476651847677
0.00722698046289737
0.000361295901995991
0.000534499276786198
8.9013163544785e-06
3.46979002853057e-05
1.905061629371e-05
1.17867408992604e-05
2.40722058483498e-05
0.000652202363400274
0.000431574989495121
5.43095872928909e-05
3.63062585681408e-05
2.88201882734878e-05
0.000320610765668819
0.000336338145938524
0.000312891394745079
0.000437728625086275
5.7123462586967e-05
0.000465837265580996
3.70248062234893e-05
0.000276402601523537
0.000344219346659591
0.000438863515469638
0.00124051547256876
2.18686950220798e-05
9.30295627945094e-05
1.05335635933294e-05
2.36151534319421e-05
0.000534536931724254
0.000462658745242106
0.000225727072411168
0.000196924557896953
6.82859184089365e-05
0.000129313443921251
0.00728633040282647
8.58180210817529e-05
0.000271825052747284
0.000640634144396602
0.000150180957750071
0.000140630213705165
0.000178464786807569
7.60150596531041e-05
0.000196345674256093
0.00577461781677179
3.09791757248928e-05
6.41331575892188e-05
0.000161992700146892
0.000253070455363943
2.81125689019595e-05
3.12256870572376e-05
0.000143214964356133
2.71945415091e-05
0.000117087062409186
0.000150004561818735
7.66835005970319e-05
0.000329107233651389
0.000406852202058754
0.000119461494454521
5.45614094599614e-05
0.00561332648813699
0.000100196024920911
0.00170555217742508
0.00375949574015155
0.00192398362714007
0.000179899971670647
0.00642128928672122
0.000749593407249131
0.000414609525095396
0.000347022723530588
0.000609682469368478
4.41967263578088e-05
0.000409336684930181
0.000211963695069737
0.000298079795642574
0.000697515679282178
0.000231936065622597
0.000605373667656308
8.83386860913887e-05
0.00276505598392329
0.00178275386616474
3.65689500451886e-05
1.18319818003626e-05
3.76168058544669e-05
0.00408901406352279
7.44409766742894e-06
0.00313365068437698
0.000190954399132202
0.000152909500543684
0.00798667983261743
0.00110364147179784
0.000202225932762894
0.000408656775015611
0.000390015307324266
0.000937179377887443
8.959673395864e-05
0.000130796348372572
0.00212980963752874
3.49859871569873e-05
0.000239280389533301
7.2242834038087e-05
0.000327222878134147
0.00225413952088553
0.000256161792593806
7.65833970841849e-05
3.40801936667331e-05
0.000102997618785251
9.22091777349655e-05
0.000136849860466174
0.001506778858529
0.000260440674714919
0.00208487928076937
0.00661503849965555
0.00053011095483356
0.00315748858735586
0.000485457877693497
0.000367334515447214
4.30059527956978e-05
0.00444606399118737
0.000549484816257739
0.000309135806026752
0.000201795053223029
0.000208641459150181
0.000842432267339612
0.000339627134852643
2.20086924401438e-05
0.000871859829718976
2.37247002472903e-05
0.00035289373632211
3.69244611958037e-05
0.000232941043570586
0.000198351376329381
0.000259225337567753
1.71710537567515e-05
0.000143123039674252
0.000283961760071262
0.000123792571022681
0.00094475888949027
0.000253642656955374
7.60163793571603e-05
0.000153598769486013
0.000465153791671131
0.000452271308991793
0.000146172450613566
0.00043098849453995
0.00197076200715103
0.00358906251473193
0.00296894773185802
0.00156017335297931
0.00398318578283787
0.00177205860594903
6.82766030765064e-05
0.00527092719021835
0.000864645410121746
4.55975983193158e-05
0.000403573664369029
0.00028304596588184
0.000417819049291711
6.45404020219407e-05
0.00108473223819673
0.00130554051477701
0.0149751904713191
9.94474551491693e-05
0.000818809187520048
8.12094540447077e-05
0.0016696311391763
0.000199538335143427
0.000237102043313718
0.00120312384426165
4.23920469145249e-05
4.17384514580701e-05
5.74838521216639e-05
2.26523357650722e-05
0.000101898124514673
0.000199158852730347
0.000106693257845539
1.81263717625763e-05
0.000228612273354973
2.86390584061101e-05
4.81923422355591e-05
0.000525330222368773
0.000394258236298514
0.000853157506701096
3.11225697146201e-05
0.000691174154881707
7.10620547625772e-05
0.000102190992141231
0.00196095633654862
9.75613407886537e-05
0.000461858602541606
0.000836261205909696
5.93567498031533e-05
0.224476145861298
7.64036181829393e-05
3.24291408087238e-05
0.00627351927674719
0.000180651583509444
6.8153076494693e-05
0.00233987185841443
0.00147564397051239
0.00226843494782177
6.66897793962985e-05
0.00251016594592585
0.000453386050845083
0.00455050804972343
0.391469512572766
0.0232107983496124
0.000539176471287146
0.00111791564920544
0.00243860918127587
2.58971478104727e-05
0.000471675418886107
7.87972991481341e-05
1.22940111862129e-05
8.05475391364913e-05
3.62259295488466e-05
0.000507200999216531
0.00436038654656861
0.000144508394244491
8.81536705339741e-05
0.000819811715944437
0.000791337762416219
4.40574549346449e-05
0.000747106108143172
0.000342707768120261
0.000575324043606243
7.42024792434609e-05
0.00364502354068289
0.000140573209023614
0.00148314492493795
0.211685663793156
8.34238674492426e-05
0.00628316069998102
2.57254042002777e-05
0.00448287885516133
0.000894658995714723
0.00922231596186168
0.00142439220953196
0.00978499030667976
0.000103947288394084
0.00185702770586751
0.000581779597262768
0.000149856793398418
0.000816948003105314
0.000293682476602704
0.00157585683654999
0.000447497337005662
4.99331345288971e-05
8.82485055993865e-05
6.20201482575512e-05
0.00115516665208714
0.000759753747130114
1.42879870662394e-05
0.00340333183800174
0.000781497879089383
0.000326132589901617
6.17134171751045e-05
4.07015019832224e-05
2.37777671539359e-05
7.32671698169726e-05
0.000139776654013929
0.000307636865042764
4.78538175505157e-05
0.000298895363339032
9.31336854991161e-05
0.00380363545066657
3.88675732104888e-05
0.000629380412002178
0.00194199463042957
0.000174936828442685
0.000942749545176528
0.000141823084145627
0.000118098357262637
0.000541903071906883
0.000159902321969035
0.000607872653484174
0.000432331867465591
0.000747471539753122
0.00100226227951215
0.000122977183287319
0.000593164450753765
0.000294010589545711
0.000172251253542863
0.000535876017381788
0.000298617267772501
0.000343226030249433
0.00052872635386442
0.00156838053392566
0.00133556418487322
9.38264834265838e-05
1.55986943649958e-05
0.000291835108822451
0.000848093541666445
0.00290678565475852
0.000299886553771463
7.14147897672139e-06
0.00133688518248364
0.000172172274863166
0.000824724162955213
0.00013017372422902
0.00148630576223449
0.000522267803712161
5.6073451003759e-05
0.000236603878330263
8.07236453994872e-06
0.000433959475739474
4.97463316676624e-05
5.3307399415351e-05
0.00564273796519246
0.00388916031623178
0.000408168794730116
0.000235436638552456
4.91585994660962e-05
0.000138349962539492
0.000191819651084334
6.1714734314739e-05
0.000127056109226816
8.63954506865888e-05
0.000267512330138362
0.00012902193947307
0.000449924925553682
0.000636867682320064
0.000165380092816739
2.3246494220058e-05
0.000329126281255208
0.00373522622418661
8.27578729429106e-05
0.0021205674603413
0.000170049859681536
0.00129310245233464
0.000770299225226277
0.0014588138293443
0.00083885249560712
0.000818130926276105
0.000453582005241782
0.000817824739331692
0.00310590219223999
0.000955772609078465
0.000551672070062919
1.10004512645928e-05
0.000107604461932803
8.81178466424218e-05
0.000144899794570005
4.98643708812681e-05
0.0052126391882483
0.0010261574610624
5.75973060116733e-06
0.000190318807874545
0.00036848660581818
4.89866844127998e-05
0.000597350639185992
0.000334219982616568
6.70488745052272e-05
0.00237799789639886
4.38941243117608e-06
1.41302252210358e-05
0.000155618799324596
9.52399804828638e-05
0.000343008892003827
0.000368921646548917
0.00221261855090281
0.000403651595973451
5.08396908361581e-05
0.000559400399761802
0.000833322739716689
0.000528814889146511
0.000746072657921406
0.000136271055391634
0.000767158529341785
0.000370312822534826
0.000179180470224444
0.000270664095767297
2.1812420760696e-05
0.000517114523181869
0.000197520454459126
0.000581084284237752
0.00014780927859181
8.31802043082563e-06
0.000267276215665743
3.92137777472141e-06
3.89229864519272e-05
2.55870320046211e-05
5.69796138302061e-05
6.94169045851662e-05
3.38112263451508e-05
7.39125330408935e-05
1.44309494159334e-05
0.000196617517938934
0.000884839601075755
0.00154348005087937
0.00110231566684442
0.000146129682584406
0.000304438607399087
0.000183260852207365
0.000113047891480862
0.000318952467614878
0.00057688897881964
0.000363293917875937
0.00101098782424025
0.000348082911190604
2.39737110938592e-05
2.99549043514633e-05
0.00190783547660652
0.000180621474907239
0.0025869061184795
0.0532397605310828
0.000758944671000865
0.000102172943281455
0.00133769453502723
0.00321238341890473
0.000358567291545032
0.000622402843609856
2.97874527807882e-05
0.000432077141725376
4.38148913193202e-05
0.000424113896968118
0.000158580766824179
0.000985681859757921
0.00043096467056346
0.000163416373357446
6.16001704888437e-05
0.000441957908756855
0.0039364920774877
0.00421714623568833
0.00371227117806084
0.00035208155484522
0.202110597718765
0.00192481672100448
0.00508648744465432
0.0015201258096586
0.000153287180012594
0.000133005458654248
0.000300983456090336
0.000269737833156301
0.00138933665626969
4.89862011873809e-05
2.6289490508949e-05
6.62644151983793e-06
3.91225872469367e-05
6.66006833340607e-05
0.00175618094196765
0.0524010186515892
0.000498699124793019
3.75397342808181e-05
0.0880430575130034
0.0518442239717492
0.000385993481286806
0.000504786539862362
0.000100835931325318
0.0673745115139905
0.000422305077932866
0.000306453460858058
0.0451342516715232
0.000382995471480701
0.0038763751442202
0.010803771580074
0.0074620839817564
3.52990893407552e-05
1.71089040266177e-05
0.0102821187195773
0.000148518178505186
4.3055845075656e-05
0.000579878727567201
0.000143011649501895
0.0774614354914369
0.000393736597938823
0.000179421699767708
6.65450910315246e-05
0.0049826256823133
0.000527160169697312
0.000880141022750781
0.0522110012931915
7.43095687253975e-05
0.0444788553835402
0.0462823770229894
0.0537801311483619
0.000215387860623448
0.000256422970891621
0.000357514063988221
1.76254739153558e-05
0.000408800485691233
0.000134192411734237
8.90727535139335e-05
0.000829153850264028
8.71140983616806e-05
3.92215196951513e-05
0.000824759196871953
0.000777898587005412
6.25128344687218e-05
0.000369768511994237
2.0899611471496e-05
0.000393319021855625
0.000116928385431933
0.000448266254972598
0.00686876346920886
0.000106366916410778
0.000229286068942062
8.42563061290308e-05
3.32574427496605e-05
0.0327159463970673
0.000202730538869022
3.835607446965e-05
0.00486483432815483
0.00023193536409573
0.000350837106525964
0.00876794235612621
0.000313765575832116
0.00254880577931148
0.00497578576752282
0.000153947943387499
0.00413302527678088
0.000209570208853427
4.51890570537589e-05
0.000550720103130297
5.83787312544869e-05
0.000565103665109346
6.4351866047955e-05
1.48958624209886e-05
6.25601211908573e-05
0.000970283922279455
1.72863571802465e-05
0.000462425257018989
2.16994220542035e-05
7.3855115091194e-05
3.99811915348049e-05
1.32158658513066e-05
0.000158014792708841
0.000297485890925259
4.55343363240285e-05
2.37111834447504e-05
0.000922429838190778
0.000857229187133374
2.61573159366722e-05
0.000567937197712274
6.21992153071302e-05
9.4228957553469e-06
2.03113137210505e-05
0.000833124489983526
6.05374510252566e-06
1.61044721373202e-05
8.9767693604722e-06
0.000697385251962933
2.1943141147502e-05
3.98635118848167e-05
5.46144323744084e-05
1.45372005654607e-05
0.000109646398045866
9.73710223742009e-05
6.08043211000464e-05
0.00030995735948868
1.39210060959403e-05
0.000399721812756664
0.00010928525444163
0.000133786197904913
0.000137681860754221
0.00018686338138121
0.000466968014112027
8.03103147500911e-06
0.000235815372739599
2.98471644549607e-05
1.45597639409216e-05
1.19262748494922e-05
5.33441950971574e-05
0.000441233012730089
8.58189389315095e-05
0.000222301795873652
5.39387351185463e-05
1.81371659981373e-05
6.59189243720397e-05
7.57875737197827e-05
3.28355396671032e-05
4.43106855451721e-05
3.2255032312247e-05
4.61470653372596e-05
7.93195797794177e-05
4.78634078161895e-05
0.000313405188891501
7.35739694722279e-05
0.000143374572886919
6.43281550027296e-05
0.000174919308799244
0.000153014585635402
1.31008251764512e-05
0.000250845635221262
0.000563532045271808
3.86613371922822e-05
3.92019523215957e-05
1.60858051479556e-05
0.000792332509153641
1.80598950961581e-05
1.65925313399098e-05
1.02169645251693e-05
2.01623630500252e-05
3.14238419631112e-05
3.11979694814696e-05
3.33602549188774e-05
0.000833972072303551
6.52414263211033e-05
0.000439193752344608
2.55591063853497e-05
0.000403462954173949
0.000100642079422716
0.000712247734545516
8.3563780266526e-05
0.000377756017248926
0.00017086733418476
0.00131152541898914
4.37589691575226e-05
1.1896352923972e-05
0.000107273639450241
0.00246689411731744
2.61368884677038e-05
4.14470206983083e-05
4.14322332027213e-05
0.00257276567807443
0.00243858112231365
0.000681822416776128
2.641624053174e-05
6.78711547288373e-05
1.61023075208508e-05
1.49382761886946e-05
1.40397907579354e-05
0.000419039804655468
6.82441251486091e-05
3.39482361573895e-05
1.13897150863594e-05
1.24386907293956e-05
2.31334646729034e-05
0.000645801158059618
0.0567519467020933
0.00270283824310524
0.0479724168146086
0.0135522029806103
3.28897792846324e-05
0.0203875912858938
0.0042638868752666
0.0188408238626387
0.00019383877692394
0.00256899487796205
0.00447520389716335
0.00286739748783513
0.0136910982800117
0.00192518417033916
0.00543334073398662
0.000109608678978606
0.00163475937545738
0.214110459075324
8.80925839254328e-05
9.70966021974627e-06
2.3812159501063e-05
2.22686578435387e-05
0.00344428771607287
3.57968981952005e-05
0.00832340005826909
0.000128440328521952
0.00526167411886976
0.00966250035573474
0.000938060704254365
1.56005214139305e-05
0.000231687130945667
0.0283677169406203
0.00280204388339884
0.0076980802063934
0.0162608483597546
0.000251316425660923
0.0113166016012259
0.000314889007320256
4.84799168590562e-06
0.0177692717063077
0.000235746041201194
0.00309297280719016
0.000541242437096304
0.000285405844842569
5.29071721653225e-05
0.000422780314100683
0.000129431625805798
0.00240213449229798
0.00236908331657165
0.00410283419472172
0.000871296789304602
0.000170320494765061
0.000286206880879144
0.00433365082745016
0.00022043880111332
0.00140209803541774
0.000230243126482207
0.000983600163732319
0.000831323840511528
0.00119653460184937
0.00333835751381868
0.0173055123637434
0.00159450382546728
9.44346792626968e-05
0.00267494685660171
0.000637690536570969
0.00915342750437365
0.00980269821181541
0.00843704915989438
0.00322916349645541
0.00828573263985034
0.0569155958339439
0.000110096298701313
0.000385507044927372
0.00522311125153063
0.000195348378357253
0.000207204424183523
8.26311364178814e-06
1.02619288651448e-05
0.0802209858111583
0.000109490070605907
0.0104421753938952
0.00847210526974895
0.00298417746008503
0.00299700016796666
0.0354811006441771
0.00324417507493499
0.0112030373703683
0.00330672370109319
0.00967398368051253
0.000184682027828716
0.00152615567329342
1.10373785677408e-05
1.91680877833238e-05
1.46034988417647e-05
3.01132561670819e-05
0.000634433516361857
0.000950971771650958
4.62004610740678e-05
5.90704739367688e-05
0.000389812736443988
0.000321908756909933
4.34346433995473e-05
1.41861136164476e-05
9.06873942512702e-05
0.00117799365782368
0.00258498941986317
0.00408091384536984
0.0105514817177605
0.000161749048034304
0.0044388788657906
0.00583805379205178
0.00085161198405209
0.00464969154921986
0.000925270524267101
0.0240745363117579
0.000541372955566758
0.00115535864348269
0.000679631591992804
0.000365270701839359
0.00329007307096228
0.00972452893812837
0.0107839749737254
0.0149663721982659
0.0132620789778713
0.00123144266995916
0.0140383194572482
0.024658354369298
0.0138610426779479
2.58073436480564e-05
3.85333731862094e-05
0.00022589436348518
0.000217646282253587
0.00590213635080548
0.000209869451190334
0.00530230091810251
0.00322551076707652
0.00181833136623364
0.000484974571461155
0.00249367619841319
0.00205373834557232
0.00614766745043548
0.00397824369613295
0.000949508088155329
0.00976257148983642
0.000876834800011844
0.000132478913549825
0.00428688482346601
0.00120802129850873
0.000464802790156505
0.00018011898633943
0.00429817304232988
1.3351127455439e-05
1.41026400394155e-05
1.05949099063929e-05
0.00718674656463317
2.01049694196907e-05
0.000132051884442194
1.12394123297064e-05
0.0141887064623309
0.00092127227955891
0.00383001169616443
0.00184115464671765
8.81395138965885e-05
0.00158626975220383
0.000152655361657296
0.000388124060084947
0.00143356432776096
0.00106546961447694
0.000646958369995659
0.000576834175580461
0.000194820223759171
0.00105109802473877
0.000602628090617486
0.000394512365097636
0.0148482277609202
0.000494694755899173
3.5752657071045e-05
8.28283698902657e-06
0.0152954116722192
1.46057311395513e-05
0.000656491119152235
0.0155138134785221
1.87973869119268e-05
5.79045711144361e-05
0.000529291410576996
8.14545884805154e-05
3.69775434765366e-05
6.53444447559432e-05
0.000153826655733104
0.000794688971447228
0.000753043770300765
3.12886957634455e-05
0.000206136896134918
4.20945628114178e-05
0.000260944369763984
0.0012907046027014
0.00800870249110366
0.00412438095743873
0.00411503528129013
0.000473753094476182
0.0126976376658675
0.00294676121773618
0.00101400930420656
3.65745180132321e-05
0.000897825821667351
0.000602109671713561
0.00261491554721308
0.00321916702866174
0.00451291136028877
0.00533085847340371
0.00501884592538758
0.0641435692268036
3.99405660330496e-05
2.22794331065628e-05
2.92006345172378e-05
0.0127245196744131
5.90505495657324e-05
0.0118397594787818
0.000380543911014813
0.000232703049374261
7.86522767573878e-05
0.000676569913564271
0.00226674221416778
0.00399828182191925
0.000254050224892996
0.0023210924462664
0.0612885207344918
0.000748764873931146
0.000783942409819499
0.00994376309237702
4.52566536515892e-05
0.020188720691027
0.00102659567716006
0.00472568512097838
0.00656340639657223
0.000550803746273969
0.00267943531336312
0.00496907424060924
0.00630133498739763
0.00130954383588548
0.000839337179388896
0.00389328752514873
0.0674493866660485
0.000238552880447268
0.000219139213176166
0.000729792428601465
0.000164958568674065
0.000259129075350278
5.12367355654522e-05
0.000358147668809747
0.000188597829809614
0.000254365223383468
0.00208872107471952
0.000566404859847254
0.000925939032727647
0.000868367262534905
0.000504407969098314
8.26346633060804e-05
0.0228457197801035
0.000872237883964492
0.00546823019593812
0.00547797534679545
0.0120688420174364
0.00788729332545947
0.00223129577899804
0.00428390060233751
0.106896575553136
2.23798865640217e-05
0.000579102769238585
0.000713558369940176
0.00158213217591398
0.00902578225374957
0.0621311918741068
0.00277652730978871
0.0303104439708837
0.0611630804429797
0.00018901652497335
0.000426752652614738
0.00110805968575523
0.00019790545886416
0.00395353512252756
0.000547031344123237
0.000130823957052016
0.00600834448463631
0.00263358268824868
0.0630508031101432
0.000503264824527753
0.0174754451973744
0.00328452484147413
0.00177945090856468
0.00365295856895422
0.000298827169854676
0.0113803640310968
0.00606868207427591
0.000126745942083415
0.000593248628181339
1.35049644402729e-05
0.000693910500262846
0.00811181886152474
0.00111868202351108
0.000288942765641766
0.000259578441167925
0.000115967855801207
0.00952864741156687
0.000222147415007155
0.000648546584725695
0.000377813290271576
4.2836993755448e-05
0.000808858919184342
5.58615289928878e-05
0.000798705266822897
0.000926134948573645
0.000493369751274551
4.72479715783092e-05
0.000329702133149821
0.000803709329264305
0.0012378692129207
0.00042190059188367
0.00139745195336737
0.000318707243248409
0.00223779373933908
0.000883651986416947
0.0004139466820911
0.00184939325167984
0.00236985186934124
0.00860932827108077
5.43375124196941e-05
0.000649307514209174
0.0114759418430451
9.31450830657373e-05
0.0017019487596502
0.00102750204428879
0.000323594147405157
0.000948856364311196
7.63632184500061e-05
0.00147835379516016
0.00113489407059611
0.00042735492763773
0.00565804651596608
2.6048372881926e-05
2.62635444567193e-05
0.00101452124638911
0.000445899316290671
0.00125847875487124
0.000442488699395184
0.000435697990786551
0.00120182333246988
0.00539225654349407
0.000194928742637761
0.000365211041612467
1.58542566435692e-05
0.000261775205532877
8.85800820832991e-05
0.0591977619919471
2.08435276404451e-05
0.192357199177108
0.156566388546658
0.000960319593931145
0.00043660584713576
7.16540907617986e-05
0.000477585249330975
0.0338698385746091
0.0091987775183839
0.00153780384747569
0.000242686678371056
0.000592072278245087
0.000260245965965453
0.00044418003808697
0.00128386097566048
0.0349092725932698
6.69330944293374e-05
2.06513967673465e-05
0.000995607042213447
0.000289849605004531
0.00156944010024709
0.000360425379321446
7.01432752317257e-05
1.5363159175374e-05
0.000756024854439978
0.00135422836441372
0.000284225645436182
3.37261475006463e-05
0.000215483602970624
0.00130254476165912
0.000230496007123517
0.000238781116836147
0.000192787253274712
1.8978211807133e-05
0.00059069668489998
0.0388621618156606
5.28515749280994e-05
0.00238802786557156
0.00110448661534486
4.95703974570014e-05
6.9779055870108e-05
0.000142531837305425
0.0021229357932535
0.00462595779642055
0.00965581698873437
0.00211158817967248
0.000107304947932631
2.22823528162705e-05
6.78837466047427e-06
7.72135934575443e-05
0.00114859575047328
5.65596988671421e-05
0.000439596112304746
2.6479972517109e-06
0.000131784980507656
0.000116900756066717
1.58517809539628e-06
7.1460898077858e-05
0.000269482064647532
2.32327812484994e-06
1.87931885633798e-05
0.000319331121633234
0.00294442356153436
5.20467582007134e-05
3.57484621469566e-05
2.39205023140663e-05
1.91725057637679e-05
8.03632659492792e-05
0.000406248820501088
2.80789640410817e-05
6.37428732574281e-05
0.000222862866958999
5.8757742943291e-05
8.38220342250201e-05
1.49458577748873e-05
0.000692444916439282
0.00027176488370672
0.00070896382496595
0.000977771498190021
0.000271192359814991
0.000477766266008043
9.73604999874969e-05
0.000273012006096339
0.000662813949561056
2.98487457696487e-05
0.00187543227810721
0.000598651663903061
0.00077154760854409
0.00207312895503694
0.00165694879204544
5.4269211669563e-06
0.172592416715316
0.00185469007142389
0.00414030861824014
0.000347659460694732
0.00113138767013017
0.00067547310245716
0.000383638461544703
0.000129855949677071
2.68496814643844e-05
3.64073706493436e-05
0.00155714114795188
0.00227092945850771
0.000158538723965624
2.61448235887057e-05
0.00145436367172121
0.00212797173430669
1.89368952398489e-05
0.00225895615996257
0.000950526771654847
0.0949104299037609
0.0023134031879928
0.00113342837808952
0.0112386549892668
0.00180135537501165
0.00238305279275124
0.000822789611692371
0.00387094614785995
0.00076066886117496
0.000177969279258906
0.00024736971332633
0.00105831825428011
0.000765821690226875
0.0472389455670405
0.0494657359914136
0.00286790629036896
1.160758344261e-05
0.000783379059424719
0.00225735405171785
0.000616527851716413
0.00121756697481951
0.00223856278039527
0.00150117734337146
0.00126882250168721
0.000313014612108463
0.000389573384226818
0.00512083808975257
0.00032140058052237
9.54211875740392e-05
8.78746635128658e-05
0.00189613566146721
0.000743564682834982
0.00152939394336659
0.00143860253997272
0.000618128003135894
2.86461756042585e-05
6.65081235663854e-06
3.11646508776367e-06
3.14379310004243e-05
5.98714773237343e-06
0.000106227801906365
1.14021693596762e-05
2.46714046830239e-06
0.00173779463302362
6.65397600556968e-05
1.13025970276767e-05
0.00623815068877628
0.00307068759506797
6.60296123079779e-06
0.00280619386249071
1.83779832133532e-05
0.00547593167957109
0.00373246912469814
0.00373246912469814
0.000273377608652567
0.00249330286897616
0.00141254881144734
0.00804439469435498
0.00155773884847322
0.000759631744711054
0.000781023823306515
5.47691897159166e-05
2.87673254840576e-05
1.06421985499596e-05
8.87523807976105e-06
2.77553068471573e-05
0.000156925785014994
2.14557899784873e-05
6.3370367526247e-05
6.20800951539798e-06
5.59814573377836e-06
0.000581458228411381
0.0014449230478546
0.00116215072750403
0.000705183504592574
0.000772363401413647
0.0014449230478546
0.00233138910937636
0.00934026889610924
0.00147362085144626
0.00116215072750403
0.000759631744711054
6.24278039449065e-06
0.000301512651397212
0.00307357246602017
2.71824802549142e-05
6.81456138065436e-05
0.000217171407068236
0.000138826822797675
0.00012742317807572
0.000163630257420601
9.33624808236111e-05
0.0992765550136432
2.27227734843442e-05
1.57181953528744e-05
0.000711903214950154
0.00257307162507593
0.000441935446420333
0.0587522845167339
0.000705183504592574
0.000157094262732511
7.97085276568876e-06
9.86818395468814e-05
0.00251850685205749
0.000118264585085689
0.000432871084730454
0.000100724908179022
0.000948151735074009
5.99320074112787e-05
0.000261762410750913
0.000177521062830414
0.0028181650562624
0.0201485226542925
8.49798190882601e-06
1.14026724134678e-05
0.00117962639392138
0.000188437073022338
0.0100467169517762
0.00173779463302362
0.059881518513765
8.49798190882601e-06
0.00172914624608705
3.45111362290445e-05
0.00391927100042923
0.00156359406855208
0.0747440079097523
0.0389571411364537
0.00141704240818759
0.00334454820960793
0.00279920776244618
0.0401966002844008
0.00202465501081529
0.000437466390261332
2.83391965965332e-06
1.110512016952e-05
1.00536840185327e-06
2.44087641486284e-06
0.000115810524374793
0.00156691808810524
0.00010258881175828
9.87014853459397e-05
0.0116998609085228
0.013260721810217
0.0135420391296054
0.00694525472752612
0.00494296056191496
0.0146311882948515
0.013260721810217
0.00825979658988889
0.0116998609085228
0.0114419861976776
0.00153694444925009
0.00493655571792223
0.00177089134480643
0.00151265832947978
0.000643692720989201
0.000557375994082903
0.00055925242688151
3.25347564363079e-06
1.91210250744193e-05
0.000375379105122481
1.01340845240825e-05
0.00234861270018749
1.69410202482949e-06
1.43013545623916e-06
0.000878719150812613
0.00361628976496342
0.000268474195905533
0.00227809136506703
0.00140819773586658
0.00115844071860591
0.00303822253679505
0.00321005695354371
0.00321005695354371
0.0189746758195991
0.00227107457480761
0.00759896083733935
0.00825979658988889
0.00578886854841533
0.000717164986849035
0.0134134783650346
0.00234619574015273
0.00394710536239527
0.00153694444925009
0.00756552348611641
0.00894171756238147
1.45729067850886e-05
0.000250791946727406
6.13420117251011e-07
2.95988002619627e-06
0.000242489299687295
5.67041350975099e-06
1.59177649822969e-05
0.0023763354814164
1.43013545623916e-06
0.000375379105122481
0.00701193567335939
0.00756552348611641
0.00735858351701581
0.00387748213312498
0.00937947405604772
0.00387748213312498
0.00125129176767187
0.00522433774035115
0.00125129176767187
0.00786135685180121
0.00522433774035115
0.000250791946727406
1.51537211342486e-05
1.20257455743345e-05
0.000250791946727406
1.91210250744193e-05
1.91210250744193e-05
0.013260721810217
0.000201595764284586
0.0711265747806133
0.000250791946727406
0.00153694444925009
0.00248854824115931
0.00493655571792223
0.00884612468353434
0.00234619574015273
0.0016576845802781
9.59237347587312e-06
0.00274608164986556
0.00937947405604772
0.00303822253679505
0.014718899404656
0.00131289828566601
0.000717164986849035
0.00213825363084822
0.000738027104987587
0.000250791946727406
0.00754792106383554
1.20257455743345e-05
0.000677797091736462
6.42707799696964e-05
0.013260721810217
0.0712870797103676
0.00151265832947978
0.00361628976496342
6.31085531110917e-07
5.67041350975099e-06
0.00112014126360745
0.000746511963603964
0.00227809136506703
0.00112014126360745
0
0
0
