0.000543817806519
0.000513106224992
0.000640325766975
0.00105352049605
0.000464250225513
0.00594201067775
0.000785842709007
0.000283848426688
0.00244952362182
0.000549907291156
0.00143802163483
0.00086763495176
0.0010282056573
0.000694657852896
0.00228335198434
0.000638681621928
0.000589544853621
0.000954167578544
0.00426295261604
0.00078265573467
0.000395809750029
0.00406068193789
0.000431073163516
0.000831980428006
0.00105095788472
0.000563366166682
0.000692246868123
0.00051535890275
0.00117859886975
0.000770488359244
0.00218453528735
0.00662918778019
0.0100902205775
0.00136323292971
0.000848174767079
0.00482633114571
0.000760063238389
0.00168390681493
0.00178324560018
0.000882583764726
0.000665547292513
0.000859590994545
0.000567103222344
0.00246032982937
0.003236884456
0.00395395736229
0.0020462491145
0.00102404146701
0.00177086989597
0.0015085404788
0.00291242205645
0.00391504590073
0.00170688790246
0.00213977713792
0.00116672633577
0.0010381907878
0.00136805860296
0.00439990877603
0.00399375735167
0.00395430705542
0.00465995159109
0.00146876855045
0.00775733988016
0.00500484691916
0.0
0.0
0.00157626680743
0.00569223764115
0.00416618161154
0.00164164125996
0.00168690242763
0.000912236386335
0.000791674727212
0.000277601534972
0.0047986334505
0.00105918084158
0.00109928907304
0.00434930754346
0.000425236117264
0.0025463124222
0.000703748049446
0.0052846957507
0.00373794566114
0.00145687264213
0.0037764474925
0.000650660063873
0.00307156383404
0.00212185859407
0.00128189361128
0.00158241972008
0.00198067779229
0.00175918758427
0.00202073367198
0.00154276850665
0.0049424512465
0.00162393373296
0.00643006671382
0.00933455796551
0.00803617850673
0.000944025294146
0.00160192377329
0.00139383274283
0.00078424200108
0.00365004921728
0.00121871858402
0.00806329212094
0.00245382547331
0.00666592083431
0.000674695455556
0.000704432535041
0.000467328693864
0.00733676768551
0.000309454342187
0.00339258917388
0.00234610091381
0.00391870002062
0.000283147599365
0.0037915954573
0.000694467106698
0.00426068850464
0.00153367539108
0.00573354327393
0.0024217807925
0.00159911869837
0.00176693674923
0.00169385027093
0.00416275732865
0.00464819217968
0.0009227542168
0.00154062636812
0.00192255085315
0.00100440977028
0.00258025627306
0.00262166878713
0.00176695920052
0.00165102723244
0.0015724954738
0.00384820531066
0.00191114338551
0.00404754410753
0.000845608718459
0.00358174452662
0.0169724737555
0.00390771997819
0.00274079140634
0.00145383475646
0.00562938225208
0.00158704788364
0.00398491489801
0.00379961092081
0.000935925129371
0.00643245472346
0.00765610591309
0.00953071821654
0.000564080047841
0.00863768148833
0.0113045430153
0.00619002919916
0.00312973894156
0.000588540443443
0.0180280049556
0.00222798059807
0.00100984996896
0.00571633772088
0.0014403707145
0.000761256139904
0.00183167026336
0.00152905617993
0.000894687137046
0.00167617465417
0.00257229212831
0.00287732120988
0.000631010306933
0.000764620361565
0.000517081726801
0.00650154943909
0.0010646109541
0.00132894146297
0.00112804030995
0.00102757878485
0.00105691526087
0.000626418239036
0.000937426871593
0.00163504766461
0.00119715156838
0.00403489116036
0.000357164004766
0.00068994187309
0.000974802331641
0.00103401552857
0.00086753878495
0.00180909721353
0.000411094850228
0.00034988068155
0.000617566374064
0.000452154016867
0.000648815273225
0.000983207188693
0.00208123326958
0.000711900183339
0.00214424378081
0.00366242885065
0.000733674711714
0.00111437182365
0.000478904293742
0.00123293173496
0.00111543734286
0.0134479723609
0.00234235464993
0.000686483399829
0.00747628621602
0.00213402963512
0.00396971080576
0.00178856257029
0.00394610041734
0.00113840281014
0.00213374776351
0.0
0.0
0.00074822979271
0.0
0.00239410159816
0.0
0.0
0.0
0.0
0.0
0.00193592731556
0.0
0.0
0.00388483745753
0.00158688621018
0.00411018640653
0.00181349131332
0.00296031822341
0.00119349333529
0.00202626080101
0.00102575256771
0.00447147303196
0.00196189554458
0.0
0.00119874142472
0.0186137277512
0.0137008626069
0.00393069613427
0.00501554838934
0.00486481665819
0.0804228785131
0.00199778256783
0.00202131380558
0.00428314701091
0.0167210439741
0.000612435387912
0.00298501578202
0.00416473600387
0.00897725721032
0.00119184152827
0.00238320866168
0.00115606450034
0.00238133395779
0.00116882463682
0.000719510365185
0.00183134789424
0.0012479546921
0.00148339847845
0.00191940393306
0.00105592349137
0.000586450408854
0.00444615233882
0.000787207233448
0.00140679370596
0.00132415372308
0.00313423645891
0.00270081487582
0.000177872699121
0.00059896623205
0.0014842807209
0.000251364836882
0.00134160976717
0.00073093792407
0.000227419498411
0.000517247995194
0.00482725770319
0.000521717578736
0.00561561541351
0.00685430488413
0.00797587338615
0.00478023468995
0.0061948222365
0.00875497211418
0.000630249078108
0.00391129105856
0.000802346147291
0.000626870908421
0.00031866162809
0.00104873591944
0.000915382926987
0.000749518084189
0.000230678119494
0.000956748708431
0.000975374935869
0.00677190336257
0.00185300805751
0.0012316262559
0.00856099295441
0.0103524203396
0.00140905435303
0.00198315357882
0.000579267060172
0.00123209291641
0.00218257272006
0.000773759230567
0.00363976871705
0.00125935435111
0.00123990781737
0.00207770338306
0.00183502578068
0.00142193595811
0.000916386461827
0.000856393134184
0.00129670308864
0.00430316820065
0.00202031101448
0.00159326132303
0.00144473491627
0.00140900638335
0.000720619087624
0.00407166164742
0.0116901195422
0.000319603564462
0.000616782495237
0.000468051667492
0.00159462927218
0.00107061697287
0.00211903125846
0.000363890207477
0.00483196388371
0.000941983122363
0.00352008676532
0.000634247069134
0.000666293364208
0.00118454333783
0.00106315518914
0.00168040384169
0.000324625105295
0.00381831538817
0.000975329343124
0.000978813848113
0.000478811756586
0.00196267918121
0.00490461121157
0.00847557038313
0.00747823540464
0.00110857162489
0.00169471456234
0.00948541263701
0.00302849835023
0.00425983977708
0.00231306991706
0.00506661600811
0.00277627645431
0.00351465201465
0.00214699102357
0.00931819157585
0.00347896864554
0.00217063781855
0.0133289333594
0.0026047815589
0.0
0.0
0.00120142788896
0.00270969509587
0.000886369604387
0.00170097294116
0.00115281250959
0.00235118811896
0.0120487863893
0.00331859195928
0.00162896201367
0.00214915169986
0.0124947819426
0.00119526047493
0.0028034107375
0.00258370992635
0.00263743397126
0.000491188929976
0.0074770961923
0.00166074028084
0.00158350420788
0.012505413076
0.0061145155138
0.00166226488867
0.00315250893155
0.0080703231752
0.0125831306998
0.0111457874907
0.00608096487859
0.00884958208701
0.001746780557
0.00816818859343
0.0015493613179
0.00554619973071
0.00131103337582
0.00135842386416
0.00313096766994
0.000890770359406
0.00106995247143
0.00114172110722
0.00153219782748
0.0012834315502
0.00269022867506
0.00240376349705
0.00876608611201
0.00346200951693
0.00407357038984
0.0014229694493
0.00154738263325
0.00524065393969
0.00588378618632
0.00232884480055
0.00132139973782
0.000606032714993
0.00203759168546
0.000734100668179
0.000672992511682
0.00106178472588
0.00069438935707
0.00736555827718
0.000338720676177
0.000365046233512
0.000715852105506
0.000639287852909
0.000589856451854
0.00046046387252
0.00251894446666
0.00286518880431
0.000783222815601
0.00613663345634
0.000739211073667
0.00034824626516
0.00868711342784
0.00496461193383
0.000629863863614
0.00309544287756
0.00118001773725
0.000258465197763
0.000355484915716
0.000818201483099
0.000263129398506
0.000754905149614
0.00176336199812
0.0005009988457
0.000271829863746
0.000673158308522
0.000213352047969
0.000290154014887
0.000658018873387
0.00261589407779
0.000345412847905
0.000401712597989
0.00054098670876
0.00195699789943
0.00122783734408
0.000679370191726
0.00116642341483
0.00122422970153
0.000911287215724
0.00086192310346
0.00137869232151
0.00210911473108
0.000437809900872
0.00891521598968
0.00454523685127
0.00270818725141
0.00247551434344
0.00126104691701
0.00140981609002
0.00402623700812
0.00747415554754
0.00257504080486
0.00200621736763
0.00390482865423
0.0
0.00245369752851
0.00263111082902
0.0
0.0
0.0
0.0
0.0
0.00397224297546
0.0
0.0
0.00042982538974
0.000739637583631
0.00228431384946
0.000558702144169
0.000439075902929
0.00615933801911
0.00584111699714
0.00506795913645
0.00158197806309
0.000182402142483
0.00236340680319
0.00537920295051
0.00493838714032
0.0
0.00298093163437
0.0
0.0148177463324
0.00218689647774
0.00296824807441
0.00106321573479
0.00226324164598
0.0022162748327
0.00244124133802
0.00194779861836
0.00741495534838
0.00194176860157
0.00185522919115
0.0
0.0111003681293
0.000724232395184
0.00238389088585
0.00489611180116
0.00260236403857
0.00365573631642
0.00224768401864
0.00395624996707
0.00555669383202
0.00393300028299
0.0
0.0123536274404
0.00776970291027
0.00386816832783
0.00113960673963
0.00117780743711
0.00382877616656
0.00197350044075
0.00748875706217
0.00105995395895
0.0107383223915
0.0013342663417
0.0010520399368
0.00112968092448
0.000513821442709
0.00187382184743
0.000286069875249
0.000455483176365
0.000204272372781
0.00440158559376
0.00220324572752
0.00192586879391
0.00201525100299
0.00133719498587
0.00308970199871
0.00201374028749
0.000408260796641
0.000392420183036
0.0140999955166
0.00122218219604
0.00247956870323
0.00221670732186
0.00184131152741
0.00289000366447
0.00148300131778
0.0158393464719
0.00218558329245
0.00149172069722
0.0017504960909
0.00318879894762
0.000807001532799
0.000888853145509
0.000793833974927
0.00115866646638
0.000362207746145
0.000811000435301
0.000853537774247
0.000612872881279
0.00153041089303
0.000575221594892
0.0
0.0
0.0
0.000458086061338
0.00102455127331
0.00841250697685
0.00125349065447
0.000321182179415
0.00039781391183
0.00123438063369
0.000741942753048
0.000640828388659
0.00063571727923
0.00182926829268
0.00170947110683
0.000610806290759
0.000903306924554
0.00182924209709
0.000836653528938
0.00199920734524
0.000855106570739
0.00143209810304
0.000761655575286
0.000721649587802
0.00135054524174
0.00236898429585
0.00142817272693
0.00135481361275
0.00219501904387
0.00561806003295
0.00297105545348
0.00526295776296
0.00185097892184
0.00562049062049
0.00103252313282
0.00110760160695
0.000803858109472
0.00210144500146
0.00210581332064
0.00209669042128
0.000633098959002
0.00180182117432
0.000988026387867
0.00143188789055
0.0
0.0
0.0
0.0
0.0
0.0
0.0
0.0
0.0
0.0
0.00115842425517
0.00299325682993
0.00130245264654
0.000551118359919
0.00152683617722
0.000768727424491
0.000602744955569
0.00450801105211
0.00131876894102
0.00301041440075
0.00137850131429
0.00329464892696
0.00609235623912
0.00247581139211
0.00288375040568
0.00264037425883
0.00342408768547
0.00462801761899
0.0247778287086
0.00423224626008
0.0111814241239
0.000546504487854
0.00113345599507
0.00648845516153
0.00103600453513
0.000429776040746
0.00642566207069
0.00126294589277
0.000558777353692
0.0143506244028
0.00458887375204
0.000886039830385
0.00639741041553
0.00122429583186
0.00133400006085
0.00275498856487
0.000994609595638
0.0381514265844
0.000952530655699
0.00119873890946
0.00528031504742
0.00124830719324
0.00199636297186
0.00205335103816
0.00238098430968
0.00249971901205
0.0022471771028
0.00144516467318
0.000405438687091
0.000550283538273
0.00217210574357
0.00154645138111
0.00112408689409
0.0013907856814
0.00134936061127
0.00171167960058
0.000375652728878
0.00194593187261
0.000915047745011
0.00126021054402
0.00277033370349
0.00333228128107
0.00338046125198
0.00165630755921
0.000953829701204
0.000900334977698
0.00174386383011
0.00170122997998
0.00345743050077
0.00219186139501
0.00903589416198
0.00284757546783
0.000996071574052
0.0
0.00158623711619
0.000718993777611
0.0013098752006
0.000750175991483
0.00168284174994
0.000549508679091
0.00050931632833
0.000856264171924
0.00219786878655
0.000977574696195
0.000860042625169
0.0128487406705
0.00136772690262
0.000646222750191
0.000487672214467
0.0011988484832
0.000288975969607
0.00104683932618
0.00324298991912
0.00139048652852
0.000346784019214
0.000569726251396
0.0036063690488
0.00613071670044
0.00631916695898
0.00934076926849
0.00665805882747
0.0133930095991
0.00282961922805
0.00971855563005
0.00328816326531
0.00346027930403
0.00383026448691
0.0187018116705
0.00859863945578
0.00310766820519
0.00298720722466
0.00559050599251
0.00590339499149
0.00652060617466
0.00428916525433
0.00292034807516
0.00269980298545
0.00125743672638
0.00206362096341
0.00193308720824
0.00412217062643
0.0019046102321
0.00196168699948
0.0025365830598
0.0
0.0
0.0
0.0
0.0
0.0
0.0
0.0
0.0
0.0
0.00155021309008
0.00445473970895
0.00170144438269
0.000834720072313
0.00158102580879
0.00224096796186
0.00196421059986
0.000867701845699
0.0018509422387
0.0017499580067
0.000659752471369
0.0
0.0
0.00163430167913
0.0107651141638
0.000857859605098
0.00200470082238
0.00102771326791
0.00196723234151
0.000635122529804
0.00112634648858
0.000457988095271
0.00178758162718
0.00387357048701
0.00386510936632
0.00160146572127
0.000478189574791
0.00110348980487
0.0095960067373
0.00893645094694
0.0010398847175
0.00176333488374
0.00418063615935
0.000890597262323
0.00330151536928
0.000886976986669
0.000758612624798
0.000953906355859
0.00723215497492
0.00502489818835
0.0146456059213
0.00379710712705
0.00432169463831
0.00461290706489
0.00529361706344
0.00231721381628
0.00458177414419
0.00316170273152
0.0545591799375
0.0163353462732
0.00489138908712
0.00223877754086
0.00176494271874
0.00112390385228
0.000421475444849
0.00068460375751
0.00201067459631
0.00127344988018
0.00208020402791
0.0331215451807
0.000247318653482
0.0018456015208
0.000727881463602
0.00113844189018
0.00216653627034
0.00622571747702
0.00190267384704
0.00210382288293
0.00257419682124
0.000724505687223
0.00200959365228
0.00234409390533
0.00339657745876
0.00160030368388
0.0152832944231
0.00171924772616
0.000851168113368
0.00188575923567
0.00146116398066
0.0209972229088
0.00130469098149
0.00177097511021
0.00162187657832
0.000741884027843
0.000656556802836
0.0014183621559
0.00055477573524
0.00240325540097
0.00439967589625
0.0139053035663
0.00197571846022
0.00471662259693
0.00180985514542
0.00392940872001
0.00213988124529
0.000297209091515
0.000386864373948
0.000941057821783
0.000436442109245
0.00337386131154
0.00087592789226
0.000477016698912
0.00264324091669
0.000659547343967
0.00100161282399
0.000574109560847
0.0198551182111
0.00448097041847
0.0119438733724
0.00438826466916
0.00726805398016
0.00345694295321
0.000940670835845
0.00238024914607
0.00620024651275
0.000764108649789
0.00436836246219
0.00169312057235
0.00169060546716
0.00243140106707
0.00216721455124
0.00689842459807
0.00410626363545
0.00236421216877
0.00968618892366
0.00227020008923
0.0
0.0
0.0
0.0
0.0
0.0
0.0
0.0
0.0
0.0
0.00169242428589
0.00132470512535
0.000986475379361
0.00498162252332
0.000885461162409
0.0020264147093
0.00180319608213
0.000890359840263
0.00203749361169
0.00383408255686
0.0024915664933
0.00770009663116
0.00610443282236
0.00406322774574
0.00339140440978
0.00437111284967
0.00247005314931
0.00180945401781
0.00259070825313
0.00172146262171
0.00268574968959
0.00197887040311
0.00189954364874
0.00129038755603
0.00172607291228
0.000790625392556
0.00143736095376
0.000352302529711
0.000864189159187
0.000998553085077
0.000541292948888
0.00123167672728
0.00130683958278
0.00582960103121
0.000605897983926
0.00128225785723
0.00538032889695
0.00539799002228
0.00413128625265
0.0029905456644
0.00797418041381
0.00668873189496
0.000728503994046
0.00153920858116
0.00140089190778
0.00105776544056
0.00177897179211
0.00875657365173
0.00128653827035
0.00128385663089
0.00122606679232
0.000915837079209
0.00179710837562
0.000839926568709
0.00143541504724
0.00108880231977
0.00117205740053
0.0176145006543
0.00266918269278
0.000152350054038
0.000744782183279
0.00303759006303
0.00446272560132
0.000447155467242
0.000491726008664
0.00205659254325
0.00162363888894
0.00171240369653
0.000828039619114
0.00141949733028
0.0017526852772
0.00297697814691
0.00173714129204
0.0014096596607
0.000639745375796
0.00188636351097
0.00158647274725
0.00267457769556
0.000558772612947
0.000710962580575
0.000740445723146
0.00086940682304
0.000396055588674
0.00138357109949
0.00413163348538
0.000760519345779
0.00274980789447
0.00136157608197
0.000811947134572
0.0021145865593
0.00255341776216
0.00298281442732
0.00646824470397
0.000854161766455
0.00201818603891
0.000245901293385
0.00126726236593
0.00121138373605
0.00172608512606
0.00150712670842
0.000977767559095
0.000402550986843
0.00190445334535
0.000382375859153
0.00033246228614
0.000480261379881
0.00145372547351
0.00204507196311
0.000669685075778
0.0051106188843
0.000459486723547
0.00100512507619
0.000902840082313
0.000602452991109
0.000781635003968
0.00170465841803
0.00346543351855
0.00708464525928
0.0020726941978
0.00391657370028
0.00294554946391
0.0022722964962
0.00162448397536
0.0
0.00949278711027
0.00691003227792
0.00964759072068
0.000749418379836
0.0013702522717
0.002307301427
0.00225775927613
0.000958054242955
0.0045
0.00326967211888
0.0064546923378
0.00257257640993
0.00387795901189
0.00200863346393
0.00669444444444
0.00544342231842
0.0
0.0
0.0
0.0
0.0
0.0
0.0
0.0
0.0
0.0
0.0
0.00277439646006
0.00064545573373
0.00164798303301
0.000679090413339
0.00227211199554
0.00271876256739
0.00135691309983
0.000956010117831
0.00178912896709
0.000765346354714
0.000350380253446
0.000850800069912
0.00305128736757
0.000466328772396
0.00152754347602
0.00113103046979
0.00149124814745
0.000480828353957
0.000659645867816
0.000722485124007
0.00722524636254
0.00138883197706
0.00399608788606
0.00144469645483
0.00147871546393
0.00124321075489
0.00114968053647
0.000881306899394
0.00117782390159
0.00112957434821
0.00139437645396
0.00258434320459
0.00811556462687
0.00335734660106
0.01229075536
0.000715374046975
0.00354723835077
0.00156598304972
0.00516818365473
0.00788867988784
0.00925493244456
0.00218938608257
0.00165402570261
0.00362286442173
0.00416474145343
0.00230611060777
0.000882086321115
0.00421953150753
0.00223967973703
0.00304519126152
0.00377472878892
0.00307831378991
0.00157874750554
0.00314738166069
0.00264948986258
0.00545499392835
0.00168008313608
0.00194614163489
0.00661742980349
0.00657427254277
0.00142392528063
0.00547772697479
0.00295744563097
0.00348028801552
0.00637080273517
0.00307916815302
0.0034031353765
0.00764635802502
0.0020199092384
0.000733334528499
0.0609439276293
0.00201877578083
0.00122847710841
0.00184609922747
0.00258529302229
0.00203337860955
0.00131713315442
0.000497599476347
0.00118822914919
0.0004485587342
0.000601686370803
0.000867144078363
0.000478315205452
0.000522183454733
0.000453168429671
0.000585817509459
0.000257889911241
0.0025501015375
0.00119691018502
0.00100837542994
0.00119429288663
0.00316171955834
0.000865023762911
0.000834564697615
0.000624064699674
0.000896168529262
0.000552317836714
0.00134214498904
0.000844543138801
0.00229630459464
0.00167852843765
0.00464165450293
0.0
0.00332354173427
0.00200315948337
0.00350554632949
0.001010431698
0.00150782775006
0.00204598903891
0.00182499130279
0.00678807831661
0.00138753869735
0.00215456145881
0.00360622431377
0.0629907852564
0.00835069444444
0.000964488667786
0.00182499130279
0.000801524828977
0.000883120012837
0.000950725938936
0.000935763549483
0.00270165655127
0.00300233503685
0.013689632987
0.00419528735307
0.00585776509831
0.00105894223558
0.00614993540047
0.00111951318218
0.00203045487127
0.002873334052
0.000787585031389
0.000579545611487
0.0017962070906
0.000707672646106
0.000518690835818
0.00131536293791
0.00234258426388
0.00120246829405
0.00993427126105
0.0
0.0
0.00228834047935
0.0
0.0
0.0
0.0
0.0
0.0
0.0
0.0
0.0012249330685
0.00327320273863
0.00810042058861
0.00150617930217
0.00247107074982
0.00084539423125
0.00136337374157
0.00265828044369
0.00378122827351
0.00574954580736
0.000752639744304
0.00269903241898
0.00133125722483
0.00117696679535
0.00134822355143
0.001146191073
0.000931995183669
0.00843770470661
0.000907821621829
0.000891577366295
0.000509178857593
0.00181554938125
0.00150349004286
0.00131433873833
0.00112226495528
0.000280540718918
0.00201252196099
0.00137162312073
0.000465472601009
0.00470359249113
0.000999516312193
0.000685351373031
0.000833263844684
0.000793535961029
0.000810385299008
0.000758954161363
0.000540126901397
0.00100921213592
0.00120591599634
0.00110842871648
0.00265137869743
0.000741951651032
0.00191018899588
0.0041773433577
0.00135817459445
0.0019376706874
0.000942196377395
0.00129734604859
0.0017966812917
0.00374088393444
0.00545126326807
0.00283257733953
0.00349321524598
0.00713219570601
0.0234781509458
0.00557270418854
0.010070495053
0.0236537591975
0.01443169983
0.0153904011857
0.00230669829652
0.00391929332488
0.00153177407889
0.000832712897201
0.00329597680765
0.00102417203035
0.00145331808539
0.000851982260757
0.00371756791867
0.00297052438241
0.00494203588244
0.00150164931447
0.00686676397524
0.0039329466984
0.0071250931622
0.000606016344489
0.00168870936565
0.00392352693143
0.00297511864778
0.00195766703873
0.00280995832448
0.0016902106846
0.000917235845042
0.000304317602208
0.00761612635058
0.00266878441254
0.000381632417212
0.00203863615648
0.00142160082347
0.00054528327697
0.00170954603688
0.00189050198012
0.00153819440217
0.0015814468904
0.00177882811183
0.00290904848588
0.00134601318719
0.00282749655907
0.000728434387654
0.00158109546994
0.000695270038944
0.000639401572017
0.00253709807025
0.000686075721524
0.000643823496637
0.00173476688039
0.00404313138412
0.00280944065372
0.000267772565765
0.00248109585105
0.000493596300885
0.006480638961
0.00251613962439
0.00297787336029
0.00225256247946
0.00548722773406
0.0146711415178
0.00302606763841
0.00642708333333
0.00868603694011
0.00208060973923
0.00868571428571
0.00357849385863
0.00684818758302
0.00375031965222
0.00107976259458
0.00117354852654
0.000910871527948
0.00262290563151
0.000851891349738
0.00442476895555
0.00124237184657
0.000388370017313
0.00282688471104
0.00245748810082
0.00882563845081
0.00292988332012
0.00780552765392
0.00729382273955
0.00298527078651
0.000464174453854
0.000429467805348
0.00106955746187
0.0126233427091
0.00270476523381
0.000186116061612
0.00246602124697
0.0020420789658
0.000289995092627
0.00500617400851
0.00193088385855
0.0012526007549
0.0042665591422
0.0235290473587
0.00173222904227
0.00115800666979
0.00235586106422
0.00256321941844
0.00198529109342
0.00210566390914
0.00185697639544
0.00217941637069
0.00578499201745
0.00119576366923
0.00130066096189
0.0
0.0
0.0
0.027333696087
0.00969844590806
0.000528065010905
0.00450473372423
0.000545350299311
0.00106861439535
0.00110593583545
0.00819817903179
0.000446361758257
0.00149120898465
0.00064020839729
0.000334999415201
0.0
0.0
0.00283637743762
0.00140335424979
0.0024643327236
0.00069248087097
0.00325105845739
0.00407060403067
0.000704839506573
0.000880074116132
0.00110663495069
0.00107544995775
0.00775385829114
0.00570820282037
0.00598272653626
0.00561906168051
0.00627989939769
0.00649685081665
0.00893116848792
0.0170082501954
0.00223074270163
0.00631085169588
0.00148160563454
0.00201359145845
0.00173556760431
0.00192346478369
0.00203840462852
0.00196088569939
0.00240078460854
0.000946446713201
0.00217488484475
0.00275910731672
0.00109878533002
0.00225800315717
0.0138894306298
0.00206824332262
0.00114636576071
0.00158657780529
0.0
0.00139602016361
0.00840781986565
0.00227779075922
0.00271361905535
0.0034575827966
0.00718438269327
0.00182120650832
0.00144495048388
0.008003689455
0.00296151333618
0.0030540900892
0.00355956357678
0.000904365849433
0.00189583463296
0.00418876022055
0.00134286321827
0.00894064710802
0.00255372989179
0.00568648988223
0.00273828443078
0.0035134782279
0.00161342685852
0.00170460092699
0.00736633047401
0.00498523265038
0.00148509444661
0.00347676688663
0.00148866138257
0.0072837870457
0.00401586486008
0.0013974584267
0.00357066944498
0.00218237623801
0.00330365252857
0.000888463456933
0.00125143858329
0.00205487222147
0.00517588289859
0.00229695033162
0.00164922130173
0.00059576016717
0.001229748701
0.000369694924101
0.000944141069741
0.00743615206416
0.0
0.0
0.026125
0.0199439102564
0.0167032967033
0.00187023390267
0.0194467213115
0.0272820512821
0.00639595512118
0.00800777919864
0.000807233380111
0.00173080907257
0.000758357406573
0.000812497905625
0.000840739847655
0.00350442325654
0.00175766836011
0.00219224074429
0.00447985878736
0.00263627458592
0.00339455838184
0.0
0.0
0.0
0.0
0.0
0.00389917694453
0.0
0.0
0.00885492645251
0.00329373786978
0.00173561547959
0.0015489964363
0.00197854029722
0.00280041283517
0.00220326764863
0.000473316414144
0.000906950180022
0.000340159992304
0.00101448522214
0.00595416221425
0.000745917132748
0.00188301733445
0.00172548506261
0.00108884523171
0.00240107412869
0.00299344759165
0.0021709620727
0.00161350390419
0.00536246148555
0.00117474252548
0.00123990010453
0.00108003139998
0.0016650424643
0.000393087772287
0.000775770993379
0.00065497504496
0.00844331067903
0.00282793606704
0.00285439889142
0.00770132614888
0.00577172151811
0.00724223088473
0.0208689108828
0.00217758983082
0.00332393324404
0.00149339741118
0.000531087138413
0.00124262538433
0.00190080174627
0.00498391755433
0.00401443597219
0.00242747344552
0.00746668417016
0.00106877308037
0.000746108554879
0.0012463173582
0.000869247443156
0.000758102293861
0.00270491342504
0.0083656746855
0.00430557913018
0.00228307122706
0.00429044566191
0.0034319923124
0.0029838948553
0.00413536470913
0.00859805677446
0.00264300176734
0.0197360713767
0.00132369128839
0.000765414151706
0.0010662134189
0.00203012890867
0.00475769775639
0.000613840294925
0.00110368670878
0.00158119736878
0.00250655848082
0.0016679828749
0.00210652852878
0.0015193696589
0.00200056256863
0.00184202550707
0.00145006664952
0.00332070147963
0.00110464241331
0.00126823228218
0.0025545651449
0.00211690147288
0.00172516637717
0.00136858980406
0.000839728014387
0.00135260662106
0.00195373063117
0.000628527372249
0.000661656488448
0.00166630901458
0.00103123990312
0.00155748949606
0.00298413996258
0.0035212596624
0.00151631534504
0.00274411032306
0.00462482475518
0.00369982549052
0.00425800264789
0.00636401983222
0.00331345719107
0.00087347469004
0.00160647297857
0.000701351402393
0.000712797959571
0.00072095450469
0.00176110340759
0.00214969994013
0.000281713731633
0.0019055401926
0.00369364177166
0.00208815841511
0.0029747993456
0.00716681067221
0.00199772798978
0.00543826920865
0.0118203749669
0.0123963332863
0.0039302542329
0.00738297276228
0.00379311243602
0.0550455729167
0.0245471917581
0.00295658261531
0.00604281240264
0.00115544274475
0.00196348118937
0.00120658537785
0.00150457234061
0.000672145177769
0.00193275488647
0.00103344315048
0.00815779229503
0.000675831884016
0.00280000953413
0.00297205308416
0.000745952241687
0.00150141493228
0.000725610454257
0.00220752965469
0.002813993518
0.00117421703643
0.00154665437512
0.00171367449847
0.00131127928781
0.0042510451505
0.000963446682385
0.00102852707522
0.00110956978511
0.00118193745542
0.000422154224851
0.000849144628116
0.00142726655813
0.0010263552682
0.000673010044998
0.00589275704205
0.00114478217384
0.00170715768666
0.00104984050399
0.00201139806941
0.00138901795142
0.00172556697122
0.000848912705712
0.00351773197742
0.00100492124416
0.00158270409832
0.00640629176095
0.00363234433392
0.0122485322632
0.000489622288964
0.00192262533337
0.00543633227171
0.00953565755453
0.0140659463346
0.00207019371233
0.00372023711092
0.00302897711523
0.00157843111919
0.00103032421911
0.00557897871622
0.00106545132116
0.00322074314389
0.00194340147583
0.00058492067116
0.0
0.00399539915714
0.000780523067516
0.00170081953222
0.0
0.0
0.0108542089056
0.0011560830556
0.00582634134179
0.00114482317311
0.00933018714094
0.0031608223424
0.00202391105807
0.00400470463748
0.00024151385954
0.0
0.00365101974534
0.00166148168804
0.000997543142777
0.0117974465411
0.00207343843139
0.00120634939973
0.00234435459505
0.000876598280364
0.00227421117141
0.000890237866066
0.00236980459667
0.00484693150267
0.00199154279488
0.00201903241568
0.000854425114861
0.00277073734596
0.00186425263875
0.00223232718031
0.00237920907753
0.00188605057436
0.00163114537292
0.00189566187358
0.00256224753758
0.0029811940626
0.00215005528077
0.000298049029788
0.0
0.00118346854817
0.000745100142755
0.00029393366598
0.000477157472026
0.00147728259191
0.00103034328296
0.00147391017832
0.000802843803176
0.000995678592871
0.000711447222255
0.000827828734167
0.00196667185209
0.00164770823623
0.0
0.00995984984933
0.00417133053754
0.00122827419671
0.0207005929674
0.00188489186469
0.00175710263837
0.00148277653401
0.00350429423242
0.00336820682473
0.0028105330052
0.00159506988417
0.001501414708
0.000848010194681
0.000774784776648
0.00155903986763
0.001304657504
0.00125547584648
0.00046166003518
0.00417187905548
0.000693810616089
0.000714419897625
0.00114072940533
0.00144766065358
0.00147710258358
0.00167128434588
0.00952833010805
0.00803169264963
0.00255404647058
0.00136243416898
0.0020251799949
0.00120735394367
0.0015187712357
0.0113779814438
0.00738334979171
0.00128841277141
0.00162892041507
0.00064837459154
0.0033931665579
0.000727563635476
0.000295963527014
0.00257532074946
0.000753497837416
0.000802339466716
0.00114627806077
0.0141147943176
0.0105020867433
0.00294241237921
0.000895681697761
0.00910449161361
0.0031560282561
0.00242772598712
0.00590203352263
0.00379059643235
0.00717672679522
0.00801436634265
0.00514727712959
0.00198976939085
0.00115907595808
0.000368523510202
0.000471769092632
0.00099953323999
0.00219934732129
0.000715570252035
0.00060534998282
0.00246325367275
0.000844546927746
0.00229184008085
0.000578366804482
0.00759196477485
0.00857841403365
0.000675678797595
0.000944109379208
0.00363875817839
0.00291504827926
0.0240750092049
0.00105640852538
0.000609400731151
0.00380343031355
0.000901603975453
0.000966907044384
0.00119878062936
0.000928980689156
0.0045732595747
0.00354476277031
0.00336172280348
0.00298634001643
0.00356041871458
0.00168784772394
0.029589490437
0.00211570612025
0.000822627911162
0.00183927942024
0.00374194644748
0.0
0.00103342674942
0.000678676521402
0.00643121240149
0.000934366566095
0.000907147506258
0.00203021657794
0.000523011822424
0.00256071768397
0.00246530142964
0.00105747548005
0.00104452309084
0.00164455802651
0.00211835225014
0.0015133546299
0.000719969330914
0.00138651502432
0.00492963570122
0.00733408153031
0.000586158262698
0.0530336487917
0.000489693175387
0.000628344428057
0.000696216366789
0.00179319669814
0.000384565035145
0.00248096966273
0.0043222497859
0.00105828266433
0.0011549008215
0.000608711572656
0.00190570590123
0.000426505147579
0.000472174884316
0.000773934090234
0.000728851958527
0.00169769284499
0.000613104760289
0.00571252987613
0.00455820264205
0.0
0.00541160148277
0.00680715339475
0.00364058566625
0.00157623003366
0.00136515154426
0.00262410872786
0.00175798532628
0.00228800300351
0.00371114639567
0.00189406233375
0.00331029217175
0.000933503529062
0.00464833986032
0.00436203732407
0.000892226294272
0.00168365597272
0.00149380957477
0.000617769868845
0.00106346586186
0.000668307047637
0.000736448837085
0.00149523919992
0.00140476886723
0.00103441770135
0.00411034283015
0.00450083867557
0.00178310705625
0.00576879302606
0.034031988766
0.00502307128899
0.000248062633449
0.00504948980382
0.00187960758548
0.00473621845518
0.00151021099746
0.00166489497425
0.00568718240794
0.0
0.0
0.00293034138096
0.0123934918597
0.000519423252633
0.000470433006094
0.00061266223616
0.000589179909468
0.00094208393408
0.00185104609806
0.000604905847627
0.000817885365816
0.00176820973718
0.00280358102777
0.00346058170764
0.00132074965913
0.000764499172023
0.00778631537882
0.00554766806168
0.00598194107376
0.00117067985235
0.00114990273961
0.000590503363597
0.000375843493415
0.00250646612686
0.000406530436853
0.00370133718525
0.000775053291502
0.000924967543703
0.00157474973633
0.00336283165395
0.00115443307154
0.00738840577087
0.00149292374524
0.0027601080853
0.00822086113499
0.00097907979876
0.00186502181508
0.00313896036137
0.00719071737766
0.00339127176789
0.00440770975927
0.0239286977378
0.00255259819019
0.00275139722494
0.00227604517822
0.00391446799991
0.00257858775853
0.0059846166863
0.000840342016813
0.000695103346546
0.00109253098967
0.000825055639572
0.00104371036968
0.00284002220175
0.00161022416874
0.00270545721526
0.000713457650332
0.000808566351717
0.00319795569667
0.00568938925585
0.000580047698119
0.000380610186011
0.00357880320949
0.00208973867067
0.00211862358729
0.000926316061119
0.000638769591347
0.000509040430408
0.0271099946603
0.000861237354006
0.002276095902
0.00211510613539
0.00746036660492
0.00276721322769
0.0017827188775
0.00388587409879
0.00500293973477
0.00825052747709
0.00419720329831
0.000900614009141
0.0051820895683
0.000746082730106
0.00111214863669
0.000475703685174
0.000559776282118
0.000508494422208
0.000944388954973
0.0012333499161
0.000690468030829
0.00971415058335
0.000842508558097
0.00360976362543
0.00323202769451
