0.0797311806577325
0.0866240387107924
0.079728010179736
0.0800335302570653
0.0933252653137218
0.079909130764019
0.0868604600788459
0.0867777537329582
0.0866764655023344
0.0798932100733185
0.0867664877964341
0.0799155008170912
0.0933252653137218
0.0802160432086417
0.0867027027027027
0.0863777356539721
0.0934906276228667
0.0939990623534927
0.0802995714686211
0.0869508651719502
0.094025511161133
0.093420930015842
0.0802963556267521
0.0937923936941573
0.0802867096464181
0.0944062529428383
0.0941226175945921
0.0940563869212366
0.0945799330157083
0.0943751470934338
0.0943218704426777
0.0942376386538823
0.102889105557551
0.0941049469632967
0.094096114135536
0.086661479944675
0.0738462671724798
0.0858304794520548
0.0868266066170102
0.0933643771827707
0.0799218718858373
0.0868303668095795
0.0933296094586417
0.0858157849683273
0.0933469900833372
0.0867064521709047
0.0867214532871972
0.0871057433313059
0.0863963459301073
0.094091698343423
0.0934688359517039
0.0863926232333678
0.0939330053876786
0.0870754798922957
0.087056575919413
0.0953853472882969
0.103265348166461
0.0799505542706755
0.0941005303421411
0.0945487126285014
0.0944818811554592
0.0948438978240303
0.0945353387712763
0.0940607993995121
0.0942642219087917
0.0941049469632967
0.0802385144869537
0.0866877080721173
0.0799601196410768
0.0866802127015693
0.0865978490908306
0.0802417256973626
0.0798486658701712
0.079909130764019
0.0798900266964179
0.080277065983344
0.0856691163903606
0.0868002943850383
0.0858304794520548
0.0858415036177591
0.0858268053593596
0.0856764379112896
0.0868115691028749
0.0856691163903606
0.0868002943850383
0.086725204377352
0.094459624988222
0.0944240369219177
0.0943751470934338
0.0944195902990346
0.0944640753828033
0.0945086024039595
0.0870112398559215
0.0946290353030017
0.0943929193540794
0.0944284839636415
0.102222902008769
0.0942332095690182
0.0940166932383007
0.112054993572906
0.101962978030919
0.0940431519699812
0.102228114006016
0.0938406814565197
0.102113572701808
0.102025239161409
0.101968163555917
0.101911151773915
0.0943662634724902
0.0941535571730453
0.0942464980727649
0.0940078769692423
0.102463205233034
0.0940607993995121
0.102636293831584
0.0940872829657438
0.102400408580184
0.101900792844074
0.0938538594766653
0.0876043168611002
0.101978536188393
0.102025239161409
0.102952503209243
0.1030901331688
0.101937058315115
0.102583781018163
0.10314316580071
0.111998659367668
0.102389949954039
0.11126526082131
0.111792584332311
0.103063637298242
0.102957789873678
0.0940563869212366
0.102604779693977
0.0939594170298514
0.0944195902990346
0.0941800930057776
0.094025511161133
0.0944418276024494
0.10249463245067
0.102442264459432
0.0944373793038481
0.0941756693283231
0.0950958072472017
0.0870527961097603
0.0943573815238364
0.0870527961097603
0.094290820165538
0.0876196302932308
0.0870641365235138
0.0870150160576339
0.102248967310929
0.102541809441006
0.111612113115119
0.111761426978818
0.102322020923705
0.102311578302801
0.102541809441006
0.102259397154078
0.102233326534775
0.102395179000051
0.102165605095541
0.102222902008769
0.102238539595125
0.102139582272033
0.102259397154078
0.111357956123299
0.111419838844123
0.102280263225017
0.102968364831553
0.102499872194673
0.102191641182467
0.0945086024039595
0.0944863336475024
0.0943707050738963
0.102431797282109
0.102217690542952
0.101957793033308
0.11164318725987
0.0944507254569437
0.0944640753828033
0.101999287785522
0.10179731925264
0.101895614168827
0.0941358749237053
0.101926694118245
0.102212479608483
0.102014857026559
0.102040816326531
0.0943795895311617
0.103010686395397
0.103021272222793
0.102020047829848
0.102040816326531
0.102056398249007
0.102014857026559
0.102046009771987
0.102035623409669
0.102762544205833
0.101647655259823
0.111351771631678
0.102510353290046
0.102248967310929
0.103132554909727
0.11192988332496
0.102379493464052
0.10244749885034
0.111612113115119
0.110963528695556
0.103074234011927
0.102222902008769
0.102657314013619
0.11133322227775
0.102452733776188
0.121625720351835
0.111191215616681
0.133675578371891
0.111055721723718
0.12131663338779
0.111518994382335
0.120899662325133
0.111160392526473
0.103079533185954
0.110492670561005
0.11126526082131
0.111543810848401
0.103816082431523
0.102243753187149
0.102301137813154
0.110969670135045
0.111222055805181
0.111357956123299
0.111024973697325
0.110547499586481
0.110651214128035
0.111080332409972
0.122555012224939
0.111512791991101
0.121662621359223
0.121647858269627
0.110988098533075
0.111259086621164
0.102222902008769
0.103201564751904
0.102327243033582
0.111543810848401
0.10241086934314
0.111098797584086
0.110840842500967
0.103244078269825
0.110657321044208
0.102841608535084
0.103026565952418
0.103031860226105
0.111222055805181
0.102841608535084
0.103313237491627
0.111376513720698
0.102510353290046
0.111612113115119
0.112199216564074
0.111104954006428
0.111296142103802
0.111649404165275
0.111129586520341
0.102400408580184
0.10286271290786
0.10297365312516
0.102374266019913
0.103047746312381
0.102978941961993
0.1030901331688
0.110840842500967
0.110859228132257
0.111191215616681
0.102883825944171
0.103031860226105
0.102994811732676
0.110706200651538
0.111923635145696
0.111172719711672
0.102952503209243
0.111339404709018
0.103084832904884
0.103063637298242
0.102589029881293
0.103100735331928
0.110834715312327
0.110407488986784
0.0740453504690154
0.102468441764195
0.102541809441006
0.111898649402835
0.102657314013619
0.102473678830625
0.102725689107491
0.111154229958975
0.103291947864613
0.111518994382335
0.111024973697325
0.110389252876727
0.110364947432157
0.110736772340661
0.110401409614008
0.120038316470095
0.120848652884094
0.119866084773121
0.120052691455601
0.110371022789827
0.120797686468249
0.110401409614008
0.120841369334619
0.120790409060787
0.120500030049883
0.110431813174708
0.110116432337434
0.120834086663051
0.121699544764795
0.110669536899045
0.110225398570643
0.120449357202932
0.130144099701415
0.119444775408078
0.120958011583012
0.119973671613212
0.120943418989022
0.118814814814815
0.120514515838192
0.128517402730594
0.119224594160671
0.120616013956566
0.11998803111909
0.120139013721613
0.120297594048119
0.121089503563232
0.119316829326351
0.119887586701746
0.119880418535127
0.120016760445349
0.120601503759399
0.13090885348655
0.119224594160671
0.120427653312511
0.120463830809901
0.120333693434162
0.119551606940552
0.129924831518922
0.120855937311634
0.111141906873614
0.120623270364577
0.110932831691933
0.120645044828209
0.110804089527494
0.120456593571643
0.111080332409972
0.12055799410739
0.120326471823801
0.117685038445736
0.129563812600969
0.119466126437466
0.11998803111909
0.119594393080823
0.119523099850969
0.111160392526473
0.120449357202932
0.111074178715861
0.110651214128035
0.11101267925364
0.110828588801061
0.111111111111111
0.110328509327024
0.120703148516044
0.120319251080173
0.12018942572833
0.110724541639055
0.110693976701816
0.120536251052062
0.109133463966906
0.110431813174708
0.119537351696178
0.110681755451283
0.120182221423005
0.120710415412402
0.120031130268199
0.11835192727702
0.119523099850969
0.120456593571643
0.120645044828209
0.129865923958806
0.120485547743525
0.120110225843168
0.11923877490336
0.119394986006074
0.120427653312511
0.110675645837933
0.131217277486911
0.110298162614149
0.110255705251581
0.119416319237641
0.110401409614008
0.120463830809901
0.119132501485443
0.110128529056355
0.111061873372847
0.110377098816405
0.111037270864485
0.111074178715861
0.111068025703523
0.111061873372847
0.120965309200603
0.110492670561005
0.119572996183206
0.119923440397153
0.11903348373308
0.118920521945433
0.129421636973922
0.117657414470982
0.129547069845577
0.129563812600969
0.118842985003853
0.11893463044252
0.129388229220444
0.12782913611731
0.130059678256357
0.118491814904556
0.128008682883228
0.118393858872158
0.12924643847096
0.118337956678274
0.11746440916281
0.127617592769397
0.127625716104392
0.13001750859218
0.119858919177427
0.129438347320852
0.127398652941924
0.126890703120056
0.129363184721595
0.127910685805423
0.120333693434162
0.130186351535615
0.118519832121535
0.12782913611731
0.118554872280038
0.117788743978381
0.129488504262464
0.119730084796369
0.11893463044252
0.117430010542345
0.130084993187569
0.12937987997677
0.108478060920846
0.119146660328025
0.119630071599045
0.1198517544384
0.129171498518232
0.129329807134103
0.129288109362909
0.139487964380131
0.139478260869565
0.13936192395913
0.138677548761931
0.142400568181818
0.152796829751562
0.142329807624051
0.138190088910332
0.129229777634547
0.142188497269697
0.129229777634547
0.11998803111909
0.120167815403057
0.129263103603894
0.127967832524891
0.128575092984481
0.127869897959184
0.120131815458358
0.117968933866792
0.127804691483937
0.117450647296585
0.119658629744569
0.119012287054075
0.118653095040833
0.120608758421559
0.11900522317189
0.119730084796369
0.119189157056236
0.119026417334521
0.11911126953009
0.12782913611731
0.130068115471943
0.120095837076969
0.129992219917012
0.119473245143606
0.12800051072523
0.127625716104392
0.117795664179543
0.127390558485291
0.128278950735765
0.11983026535979
0.117740325327383
0.119815943587905
0.117934239162402
0.129179820887829
0.129505231882186
0.130042807108574
0.119737234995521
0.128221525868133
0.120059880239521
0.126906766251029
0.142390455223351
0.127091784989858
0.127715141091789
0.138066382041041
0.128065917220235
0.138533821598839
0.138725524112641
0.129849103037368
0.138228197173388
0.139352237976091
0.129865923958806
0.129354838709677
0.138066382041041
0.126762344313081
0.137848057751805
0.130618892508143
0.129865923958806
0.127003230506113
0.127011275814012
0.138142483119746
0.126810448421985
0.130567856212555
0.126794409662936
0.127277343997969
0.138075890090214
0.130525356422108
0.126586274386009
0.138199614006066
0.127845437735127
0.127927008230715
0.13884080049858
0.138754325259516
0.138438168887661
0.127878053447286
0.138314017660044
0.127861743511256
0.142684315399943
0.12800051072523
0.139565641097035
0.126842538116025
0.126930868574323
0.126570292279528
0.12773141364592
0.126730295177296
0.126770359129995
0.12678639180473
0.126738305941846
0.129933251247489
0.12683451417004
0.12686661604657
0.139546213808463
0.142471399133092
0.127067621522276
0.127878053447286
0.127132077864435
0.142471399133092
0.138113935386099
0.126826491239168
0.138476414116997
0.13013565262543
0.128361075544174
0.138285398993034
0.127910685805423
0.142511905608075
0.130279402209227
0.138199614006066
0.142430915678056
0.138562543192813
0.140013966480447
0.138466850828729
0.139546213808463
0.128025030330119
0.130635913474068
0.128451534371196
0.13884080049858
0.126698262243286
0.126842538116025
0.130068115471943
0.130304802755573
0.126426634718456
0.138247259187754
0.127051517647804
0.142128021549585
0.130313271805538
0.128074097732354
0.138687141177284
0.127309670455267
0.127277343997969
0.128049559330694
0.128147769397929
0.130262474012474
0.138190088910332
0.127959665581722
0.126850563077312
0.123750154301938
0.124071782178218
0.123780713668354
0.123750154301938
0.13398823843892
0.124464585014588
0.133934535738143
0.123681450866695
0.133952431854623
0.134006148910573
0.134086805323346
0.134015105942116
0.134015105942116
0.124018061483268
0.133399866932801
0.13317834606443
0.133970332754243
0.133773685615159
0.145585245425501
0.133160656173208
0.134033023597834
0.124310248620497
0.133997193076255
0.134518617913452
0.133854062353962
0.133862999065296
0.133997193076255
0.133907700527616
0.131535786918586
0.133997193076255
0.123263248493791
0.123255670990349
0.133791538769518
0.1234834021063
0.133889816360601
0.133880876068376
0.122577489759736
0.133907700527616
0.134617966966564
0.124179363309798
0.134681265533687
0.124379652605459
0.134672219236969
0.124348796824609
0.123757792728844
0.134608929170863
0.123979718031165
0.124627051218299
0.124518693330021
0.134744623655914
0.134077838705363
0.124225526641884
0.133970332754243
0.134006148910573
0.134608929170863
0.123021229598724
0.123742516817873
0.134131656408884
0.134104742157715
0.145542973286876
0.133907700527616
0.134086805323346
0.122923180675618
0.124094819582843
0.123407398288915
0.122795198432141
0.123544272598435
0.12608476921142
0.133979284998329
0.124720079621796
0.124010390895596
0.124333374674439
0.133845126835781
0.134068873286526
0.13382725937792
0.13418551733369
0.124650295306186
0.134149605245551
0.124087139497463
0.134663174155417
0.13394348319861
0.134808041417333
0.134365366572845
0.123475797512009
0.124789942117383
0.122772640989529
0.123354251261228
0.133862999065296
0.134284374790704
0.134024064171123
0.134024064171123
0.134131656408884
0.133081109783619
0.140053087454596
0.133098778544875
0.13394348319861
0.134275381730512
0.133997193076255
0.13340874309668
0.133934535738143
0.13317834606443
0.13333776684179
0.139779698828779
0.129798666407717
0.129899578879171
0.13405094604533
0.134808041417333
0.129832286472836
0.129714692372388
0.133729073567665
0.12444913413196
0.13382725937792
0.13484430694734
0.129933251247489
0.135281020174077
0.135281020174077
0.133862999065296
0.12995851698211
0.140121601789084
0.139478260869565
0.135959856241948
0.140553803014371
0.136033652215211
0.131054317275639
0.140939125544777
0.135895350413447
0.131268822836192
0.13986745727241
0.140111809923131
0.130009077940604
0.1355187563366
0.134862447030336
0.135363219011612
0.135592074119159
0.134608929170863
0.135454668288069
0.130943051201672
0.140013966480447
0.137253559693319
0.124217830369866
0.120463830809901
0.129371531810556
0.139974867355487
0.12396438728824
0.145469056083581
0.134068873286526
0.134608929170863
0.140978765293208
0.136710759579981
0.130254011563698
0.131286013619696
0.134789915966387
0.136515285626745
0.130025940337224
0.130177898974159
0.145818181818182
0.13086613145356
0.134077838705363
0.13365775614959
0.135271893131831
0.139100874150132
0.135180690399137
0.133666666666667
0.129840694210594
0.13942006814547
0.13136342789753
0.139381299965242
0.140013966480447
0.139682318517486
0.137234770704997
0.140850017562346
0.1355187563366
0.139916259595255
0.135619588744589
0.135418073753884
0.13001750859218
0.139808939404505
0.135573737237136
0.135427220533604
0.134563758389262
0.138821574465139
0.135637938032743
0.139178120227683
0.129950093978871
0.135665471276812
0.129664360085365
0.135344943971918
0.130034373175952
0.135035021551724
0.134590857219574
0.134962304792676
0.129849103037368
0.134998653380016
0.134140630226801
0.135071409323632
0.134898741842158
0.134113712374582
0.129882749238842
0.13405094604533
0.134944137838202
0.134699361773598
0.134024064171123
0.135317540662752
0.136766712141883
0.137413474059352
0.137347581860529
0.136664167405085
0.140800561797753
0.139760211905758
0.130584863879119
0.146051864801865
0.139410374078709
0.133373245526508
0.142441034384768
0.141236968160045
0.141496118560339
0.13339099194997
0.142007224307671
0.142017282901261
0.150570741964554
0.141028346345924
0.142603129445235
0.140929219090462
0.142097802976612
0.140968853265837
0.141796322489392
0.142117947263964
0.139004437049362
0.139216775447854
0.139323188103676
0.13884080049858
0.139497669240938
0.139033354136329
0.1395850737956
0.138677548761931
0.139546213808463
0.138946638946639
0.139236111111111
0.139410374078709
0.141906716682002
0.141896673743807
0.133373245526508
0.139439460324084
0.139245780957011
0.1395850737956
0.140672139198765
0.139692050442416
0.142087732974275
0.149348230912477
0.139178120227683
0.160592711253504
0.139255452146131
0.139023713770628
0.146168987387913
0.139236111111111
0.139004437049362
0.149248176269168
0.149582214264399
0.149181547619048
0.139284473775617
0.149103889343348
0.142188497269697
0.149426143985691
0.158048242156708
0.151332176013284
0.142107874406407
0.149281512917877
0.142928428856573
0.131122882741482
0.142542300582966
0.140435665756111
0.132509417751636
0.140062871114216
0.133320034576767
0.142552435122645
0.143040593564957
0.140889607195559
0.131286013619696
0.1395850737956
0.139478260869565
0.139033354136329
0.13986745727241
0.139342553339356
0.1394491584365
0.139255452146131
0.137441732931176
0.139226442608152
0.149604536636323
0.160477028973907
0.139303828249844
0.149314864462318
0.138773532668882
0.149403874813711
0.149181547619048
0.149559898552887
0.149571055576278
0.146254285505872
0.139255452146131
0.142603129445235
0.142562571103527
0.141636055382877
0.142067597250762
0.142309603236568
0.142501776830135
0.141516092603049
0.133196040656348
0.140612946209412
0.13335550382441
0.139565641097035
0.142613272636745
0.132500660851176
0.142969195664575
0.142542300582966
0.141967004177583
0.13884080049858
0.138879268546097
0.138821574465139
0.131243045100478
0.139682318517486
0.134194498360217
0.1394491584365
0.139303828249844
0.131243045100478
0.137385226805537
0.130635913474068
0.13942006814547
0.140278457986427
0.13126022913257
0.142067597250762
0.140741260704759
0.140741260704759
0.140514401850165
0.140337369636733
0.139750470481634
0.141008509740488
0.141886632227019
0.142511905608075
0.141028346345924
0.141666077863351
0.141666077863351
0.140978765293208
0.142289404584487
0.141866553456449
0.142117947263964
0.142390455223351
0.142208667281367
0.142653859836357
0.140672139198765
0.13317834606443
0.141916761041903
0.142198581560284
0.142582847390129
0.141236968160045
0.132746292372881
0.142319704713231
0.141028346345924
0.148771981895081
0.141008509740488
0.142959001782531
0.142057531528978
0.140850017562346
0.141926806823813
0.14064253647587
0.142128021549585
0.140741260704759
0.140751140751141
0.150502927488365
0.150514225658734
0.142319704713231
0.140563656758273
0.138869649535947
0.140366844021283
0.140425829948172
0.13906228325704
0.139274798555154
0.140593226281467
0.140909410359126
0.140347193056139
0.140958942632171
0.148441548826534
0.140514401850165
0.134113712374582
0.141816381383505
0.141826412958902
0.14068200954252
0.142724943052392
0.141866553456449
0.14980573819486
0.142299503193754
0.150074850299401
0.142117947263964
0.149126069170695
0.148331730413553
0.142097802976612
0.142836788487569
0.14951528709918
0.140524250070087
0.132922301776717
0.140751140751141
0.141636055382877
0.141087889662937
0.140494709550837
0.150412603150788
0.142017282901261
0.140190183191162
0.141886632227019
0.142057531528978
0.133417620441842
0.141987111394377
0.140889607195559
0.14076102218478
0.142674162100619
0.140475022770266
0.140603085553997
0.14125686909962
0.141058111720839
0.141197183098592
0.142138097263576
0.150232279334632
0.142148174406239
0.139052638879257
0.140415995517893
0.140327547592385
0.1405439506519
0.140298089706808
0.140652402665731
0.149571055576278
0.139955325980734
0.140820339935384
0.140939125544777
0.133462024895161
0.1405439506519
0.140869809597414
0.140357017850893
0.14076102218478
0.13293992839146
0.141696113074205
0.132640910293728
0.133586514757812
0.13365775614959
0.140711628886238
0.140820339935384
0.139779698828779
0.140929219090462
0.132799046231289
0.146972584665005
0.147926811273425
0.146532193232478
0.147752394988946
0.13942006814547
0.1405439506519
0.139750470481634
0.13967258794845
0.140958942632171
0.148222074369779
0.140435665756111
0.149470702251379
0.148915626856803
0.139857700892857
0.139896734579961
0.146126375628599
0.14656432748538
0.146211624006417
0.159076483655982
0.148265917326037
0.139497669240938
0.148716807595312
0.14907063197026
0.140978765293208
0.14827688211803
0.140406162464986
0.14058336839153
0.140347193056139
0.140534099670568
0.140376671567598
0.149571055576278
0.148178257335009
0.140494709550837
0.140553803014371
0.138696734919757
0.148959881129272
0.145310914625308
0.148134466198744
0.138725524112641
0.155041756882153
0.149537589498807
0.157403046004082
0.146030589949017
0.140415995517893
0.146650087770626
0.146585758151777
0.145913688960047
0.14872783918107
0.14045534150613
0.139692050442416
0.138572119704195
0.140317726922808
0.138811963445029
0.147177567349336
0.158962974708634
0.147318148420279
0.140337369636733
0.155113724276652
0.158950372601871
0.147123569122395
0.147491540385464
0.139847945874311
0.154647126880062
0.146382419507921
0.147372289599412
0.158673630895853
0.146222287047841
0.148419572137094
0.157961080910738
0.147015691450359
0.140307907627712
0.138696734919757
0.157601006131111
0.146682273758139
0.140366844021283
0.146361048251697
0.145988058832096
0.155113724276652
0.148090700938031
0.139701783723523
0.140593226281467
0.146821909783245
0.147589252852411
0.147926811273425
0.158925174381737
0.140741260704759
0.158774152676592
0.159076483655982
0.159089105768468
0.139507375452268
0.140425829948172
0.14807976366322
0.13898516567309
0.141028346345924
0.139400681359939
0.141127613148448
0.149448419797257
0.139236111111111
0.140337369636733
0.148287848531913
0.146393107476636
0.1405439506519
0.148112580335377
0.139014074741732
0.147904986721747
0.146467966980787
0.146329003065246
0.149170448627334
0.138543394140409
0.146596475835344
0.138543394140409
0.138419054193994
0.154516029593095
0.146126375628599
0.138419054193994
0.157762215752616
0.146821909783245
0.147199177740254
0.15794863715141
0.146725210391511
0.147534952170714
0.14919264826252
0.146329003065246
0.149114978432247
0.146843415848836
0.136431682090365
0.141696113074205
0.136543176246254
0.141796322489392
0.136487406398911
0.128451534371196
0.136450251803457
0.142765593847907
0.136005969339303
0.142400568181818
0.136394557823129
0.139468558708959
0.136348180890853
0.135546241211466
0.140102019425617
0.142097802976612
0.136413117430943
0.136061346362649
0.142857142857143
0.142775760165207
0.136042882344959
0.142572708525919
0.136468826572284
0.136107528341593
0.136692118898282
0.142309603236568
0.135959856241948
0.136126009912418
0.136079815392969
0.138629606582313
0.137244164556096
0.136869410881289
0.138104422096708
0.137047163362953
0.136478115853243
0.136505991285403
0.131777850805127
0.142350017749379
0.136301835486064
0.142410682576888
0.136515285626745
0.141286731026707
0.136533878106912
0.142188497269697
0.141636055382877
0.12942999160803
0.141536072285755
0.137309957540063
0.136015195712638
0.13616298811545
0.136413117430943
0.141686099922267
0.136338909288726
0.140376671567598
0.136487406398911
0.126610255114928
0.137206596865804
0.136450251803457
0.136283306144644
0.136376003264862
0.136468826572284
0.136089051788502
0.139478260869565
0.136376003264862
0.141586046183179
0.136338909288726
0.140219595775928
0.136515285626745
0.140347193056139
0.140268644186372
0.136199986413966
0.137658771026433
0.141576048580709
0.136301835486064
0.136338909288726
0.136079815392969
0.142027342919884
0.136199986413966
0.136227748335372
0.135886140291427
0.135564570655849
0.136348180890853
0.135601244420398
0.136116768499661
0.141786295170073
0.136264781840424
0.141686099922267
0.13673873013708
0.142572708525919
0.135950637374559
0.142694470144474
0.136431682090365
0.142370233614997
0.140406162464986
0.141987111394377
0.136144496503022
0.136320369866739
0.136478115853243
0.143532106807932
0.137140902872777
0.136237004824353
0.136794705601419
0.143398655414104
0.143408912094986
0.14754580911031
0.137309957540063
0.136459538555775
0.136255521576622
0.136199986413966
0.136172235805488
0.138447728214335
0.136505991285403
0.136015195712638
0.136144496503022
0.136813374274991
0.135344943971918
0.145268801622953
0.148959881129272
0.139187782020132
0.14893775070569
0.147654466455556
0.134347359957116
0.139945557339289
0.135098713024729
0.145924308588064
0.135418073753884
0.139033354136329
0.139216775447854
0.146232951644665
0.138735123166344
0.145712209302326
0.146607195086283
0.139526791927627
0.14553240908761
0.141956952704616
0.139468558708959
0.129933251247489
0.131699947451393
0.139216775447854
0.145934929761991
0.133453141640043
0.146811159112543
0.133639938678931
0.138811963445029
0.138495544657042
0.137668223015655
0.133622125958014
0.137734423301504
0.147665340992782
0.137942896456828
0.138247259187754
0.13986745727241
0.136199986413966
0.146714473876774
0.144400432120994
0.129279773035012
0.145871225900327
0.1367480561997
0.137564322469983
0.13510781671159
0.14501663532475
0.13615374168138
0.134880591994618
0.136283306144644
0.145871225900327
0.147448154140315
0.139255452146131
0.137375813634806
0.137385226805537
0.137488856888157
0.145754579819715
0.134627005975962
0.145142608947445
0.137047163362953
0.14553240908761
0.137696586772886
0.13801886143044
0.147491540385464
0.147589252852411
0.145511285289208
0.141486133653235
0.139187782020132
0.136357453754081
0.14689720858671
0.139818688981869
0.146854171244415
0.139245780957011
0.146821909783245
0.148970948807489
0.136422399129074
0.134889666307858
0.138256792166598
0.140366844021283
0.142168332978799
0.131561679790026
0.13879274539665
0.140131395023763
0.141446208112875
0.146832662028561
0.13884080049858
0.138075890090214
0.147610984318634
0.148287848531913
0.147469844071786
0.145786373882062
0.147480691430673
0.145712209302326
0.133925589472981
0.136042882344959
0.126642243557352
0.127617592769397
0.126954980054454
0.134636046199302
0.1309003068486
0.131002940215616
0.12844330557335
0.128451534371196
0.129296446765977
0.129354838709677
0.128164152390693
0.127374372657392
0.129664360085365
0.131329010283618
0.130951603422376
0.131596219480179
0.123635690941604
0.129655975168132
0.123574730354391
0.13185584637643
0.123559499599433
0.131535786918586
0.123475797512009
0.124010390895596
0.131518530665792
0.131397863555934
0.131131458469588
0.130797834170526
0.131509904237177
0.123658566670778
0.131977356503423
0.131942616478021
0.131925253322806
0.130330213208528
0.12393373717394
0.124033405505722
0.123949060336301
0.134762736927006
0.133550922533804
0.136515285626745
0.136766712141883
0.131114308134973
0.130917401240614
0.123750154301938
0.130985823479454
0.13092595011101
0.131028623709319
0.130951603422376
0.13090885348655
0.131760530985082
0.131062884037129
0.131561679790026
0.123643315244203
0.1309003068486
0.130228630813198
0.131097162285864
0.131354821802935
0.131423702149974
0.129933251247489
0.123658566670778
0.126971059464252
0.126722285425357
0.12686661604657
0.145722799622066
0.127617592769397
0.128082279289638
0.126898734177215
0.124018061483268
0.130891761326544
0.130985823479454
0.130883216920164
0.129714692372388
0.130687002998305
0.121155356819143
0.131682648101931
0.131380643470284
0.130576359492022
0.131020061425864
0.131165772602381
0.130857590392899
0.130840511615766
0.131501278940119
0.130874673629243
0.124033405505722
0.131182936404083
0.127625716104392
0.126554314208168
0.124010390895596
0.127650092315528
0.131622136151776
0.124056428659819
0.127431041057582
0.134880591994618
0.12933814991614
0.134862447030336
0.127390558485291
0.12732583984251
0.128476227092144
0.131432317273025
0.130525356422108
0.120899662325133
0.131397863555934
0.120906952903576
0.129950093978871
0.130635913474068
0.131847175642796
0.131440933525633
0.131251636554072
0.115855772564429
0.123910759532785
0.131613496127084
0.123597583528541
0.12108219095356
0.130943051201672
0.13092595011101
0.131389252948886
0.123551885629776
0.131466789063012
0.116137627432808
0.131484031739786
0.132966377080708
0.121045641149481
0.113642804511704
0.113939876115247
0.131968669782137
0.121111446692842
0.131890540718327
0.129697910602238
0.115110804914456
0.106842161355643
0.107219251336898
0.107859486793265
0.115575282453309
0.1156352730838
0.115996528782181
0.116827875538981
0.130917401240614
0.130934500097956
0.13185584637643
0.121023721856703
0.123742516817873
0.123681450866695
0.131639419604753
0.123834228892595
0.123704343534057
0.131423702149974
0.131492654774397
0.13182983759616
0.13001750859218
0.115775493705971
0.116137627432808
0.109598775554827
0.115916054807192
0.114147452319954
0.123650940487203
0.121633098762436
0.114147452319954
0.114095487395436
0.11368791109095
0.1155819450049
0.114153951263949
0.123498614105328
0.123316317116674
0.115722036246104
0.115515354035836
0.114179954441913
0.113816984559491
0.108683868169991
0.115688650395246
0.116124174678559
0.116104001389774
0.13191657345878
0.131492654774397
0.123437788585852
0.123066535723054
0.124302541847489
0.121067568383552
0.121795650589236
0.121832654797351
0.107334047109208
0.131847175642796
0.133045786330458
0.116117449470087
0.116739446870451
0.109550868757513
0.114179954441913
0.115895953757225
0.116030092592593
0.114212475078325
0.116178004403755
0.11598981835011
0.115515354035836
0.116151083304368
0.116157812409478
0.109568828897754
0.115909353682507
0.116191469633751
0.123468193854301
0.123377022952434
0.123475797512009
0.123689080814312
0.116191469633751
0.116137627432808
0.113926927666345
0.11403059773645
0.105105892220591
0.115615269288433
0.116137627432808
0.115715357534484
0.107144765670924
0.107161945483699
0.107414550519661
0.116151083304368
0.0996520874751491
0.106671632262183
0.100977034649476
0.0996966834070906
0.101104331602037
0.0996818136621259
0.0997810291629342
0.106682983931042
0.101038097157831
0.100270054010802
0.106819392647842
0.115548639926233
0.115170314205296
0.115130634510479
0.115615269288433
0.105871792163903
0.115216641765314
0.107529765097072
0.105866202017002
0.115097588978186
0.115143858037099
0.101483018676925
0.100029934144881
0.100345328061659
0.101673427991886
0.0997363577575486
0.106343481489339
0.0998158012644994
0.106819392647842
0.106830775788576
0.099726436209898
0.107414550519661
0.0998158012644994
0.106654609287728
0.116016664737878
0.106745461321408
0.106445105117859
0.1155819450049
0.108039659446061
0.115210021260702
0.11403708338073
0.108022197079899
0.115595272412799
0.116124174678559
0.113972260118236
0.100900810225957
0.0995234786061749
0.100850057844173
0.0996174293237939
0.095731474407945
0.0995926882575005
0.102510353290046
0.0957451888639511
0.100961780552898
0.0945799330157083
0.0999800538545926
0.107616338360797
0.115755441371745
0.107512467156416
0.107426060865838
0.108197075171335
0.107610562473164
0.108162054269839
0.108237961563377
0.0998158012644994
0.115695326024235
0.100305167842313
0.0995877415188993
0.107316812075149
0.114945823539529
0.115748758803833
0.115143858037099
0.113739505332426
0.10649598980188
0.107282358606667
0.115588608324686
0.113965781845052
0.0996273291925466
0.0996818136621259
0.101027914945077
0.0996867697509074
0.0996471348342528
0.0996619942340193
0.0995630151951534
0.107449088960343
0.107703051138805
0.106416856854732
0.115183546848969
0.107362784471218
0.106388623580601
0.106371690805878
0.106756828709866
0.115150470939582
0.107472126929674
0.116137627432808
0.108454589711689
0.114939234120615
0.0863368212547905
0.0767905017234776
0.0768199233716475
0.0931128964844657
0.0990074564219051
0.100049900199601
0.0987733385881078
0.100024943876278
0.0987976741894156
0.0987587429809871
0.0987830713898606
0.0930869585403222
0.0987587429809871
0.0930739949865379
0.100069874226392
0.0941756693283231
0.100044907938726
0.0871284547192769
0.0863405391439152
0.0863331036858422
0.082283416095539
0.0884975282485876
0.0863256695083097
0.0822665353684556
0.100044907938726
0.100059886216189
0.0871322411020816
0.0863293864370291
0.100029934144881
0.0930912805274399
0.100074868979286
0.100119844202537
0.100064879972052
0.0930567158637334
0.0932644897199739
0.100044907938726
0.100144847909695
0.0922220689020744
0.100069874226392
0.0929790391393062
0.0930092313401679
0.0829987167280705
0.0829712393958204
0.0869885895266606
0.083586942927419
0.0885678946903437
0.0885874607873459
0.0822631600541583
0.0823138188685442
0.100064879972052
0.0930135461124513
0.0931042488971442
0.0922432830327567
0.0922560161965674
0.094025511161133
0.100174868848364
0.0933252653137218
0.0922263109475621
0.100154852889755
0.0769969278033794
0.0768493675737831
0.082384846119078
0.0829506433329196
0.0894250925471656
0.082378076338387
0.0823916170125334
0.0886658117012338
0.0823746918652424
0.0823916170125334
0.0878499759015029
0.0829884105960265
0.0829472116498428
0.0829472116498428
0.0829472116498428
0.0829609400860642
0.0829506433329196
0.0893692890572766
0.0893931963083508
0.0829712393958204
0.076843476927794
0.0929617952522255
0.0940166932383007
0.0988171513060621
0.0939902493905869
0.100004987779939
0.100069874226392
0.100014964832643
0.0885209713024283
0.0885014345619069
0.100079864230808
0.0885053412200936
0.0822766629734499
0.0870754798922957
0.100069874226392
0.0870187925871273
0.0939858435288051
0.100009976057462
0.0884975282485876
0.0822969256659689
0.0767993258513043
0.0767846200980392
0.0809773828756058
0.0767905017234776
0.0768258104069277
0.0719592290851667
0.0767552254804379
0.0777553711316218
0.0727371666968982
0.0726870649651972
0.0777915729029254
0.0727820531436039
0.0726686238266101
0.0777764847356375
0.0726923355811761
0.0686643835616438
0.0686855537665719
0.0686855537665719
0.064535856830179
0.0686784955812838
0.068643226402821
0.0647275309917355
0.0646003157521668
0.0684557342346956
0.068647926866847
0.07244020521714
0.0723591612833375
0.0723774456717926
0.0723617727732063
0.072356549981956
0.0725293011141658
0.0723591612833375
0.0726765260258083
0.0723617727732063
0.0726659901420702
0.0773175998766003
0.0685235816814764
0.0685025111893129
0.068647926866847
0.0685001708233686
0.0685235816814764
0.0685259236474247
0.0646253021756648
0.072975432211101
0.0685025111893129
0.0684557342346956
0.072658090233738
0.0726976069615664
0.0727952655847221
0.0724245051293166
0.0723643844515826
0.0726897001776457
0.0773504108637784
0.0773563794899495
0.0773563794899495
0.0727371666968982
0.0732580656947641
0.072708152016246
0.0726738917684584
0.0686737909302644
0.0777704511074047
0.0729250018185786
0.0781189121795371
0.068647926866847
0.0727873375444711
0.0726738917684584
0.0768199233716475
0.0774220952233849
0.0769526002686624
0.0773086562560247
0.0768140372385258
0.0773205815433265
0.0773295279234804
0.0772937548188126
0.0726897001776457
0.0775028991109393
0.0730472165549402
0.0726738917684584
0.0726633566484253
0.0727635637815279
0.0725371730400492
0.0778761749397965
0.0777553711316218
0.0781067393844955
0.0726738917684584
0.0777553711316218
0.0723722206179613
0.0647003775533254
0.0647170846647945
0.0648384697474372
0.0688270227592599
0.0645607934054611
0.064573268921095
0.0686526279746619
0.0688341115078275
0.0774220952233849
0.0772997147042949
0.0767611026033691
0.0768199233716475
0.0767434739340121
0.0767640415023546
0.0768110945102096
0.0774131274131274
0.0768258104069277
0.0768199233716475
0.0522652624993483
0.0549540907222146
0.049816139932419
0.0549510784663031
0.0522625377958503
0.0522666249576393
0.0549540907222146
0.0498111895061115
0.0522652624993483
0.0498124270204467
0.0386722215792925
0.040187608987593
0.0372545011984615
0.0386640183581773
0.0372524246590614
0.0609348407488451
0.0609366927027931
0.06093113717863
0.0576149425287356
0.0611261851772812
0.0574712643678161
0.0609385447693149
0.0609237313886357
0.06093113717863
0.0608479257078693
0.0372600397688205
0.0372427372018724
0.0346987868404202
0.0346981863491624
0.0549405381706582
0.0454978669329218
0.0475580540335397
0.0475580540335397
0.0475715946567965
0.049797580905546
0.0498149022335959
0.0498111895061115
0.0522639001120872
0.0454875448069332
0.0475704659770333
0.0386759514669856
0.0401940540865626
0.0386722215792925
0.0418257296034378
0.0359364077930923
0.0574729117697644
0.0611112804413423
0.0609237313886357
0.0609774641890453
0.0609348407488451
0.0609348407488451
0.057532281205165
0.06098488304894
0.06093113717863
0.0611261851772812
0.0418300926312276
0.0418257296034378
0.0435916947494293
0.0435935903289631
0.0455030297528539
0.0435935903289631
0.0435879040848714
0.0455019970951343
0.0435879040848714
0.0475648233814912
0.0455019970951343
0.0611112804413423
0.0575207275439653
0.0610535931790499
0.0611112804413423
0.0576149425287356
0.0576149425287356
0.0549540907222146
0.0549104453086487
0.0579145002888504
0.0611112804413423
0.0386722215792925
0.0386729674992767
0.040187608987593
0.0401948598692915
0.0386759514669856
0.0418213674857119
0.0418143899895725
0.0418274747053301
0.0455030297528539
0.0454978669329218
0.0435935903289631
0.0454927052844145
0.0454875448069332
0.0549420436796098
0.0578727089046038
0.0611112804413423
0.0522639001120872
0.0610535931790499
0.0522393892811547
0.0610777713467572
0.0549540907222146
0.061193346558828
0.0386640183581773
0.0372600397688205
0.0609126260785029
0.0609348407488451
0.0335413286046473
0.0335407675064405
0.0346987868404202
0.0335413286046473
0.0324554445829354
0.0324554445829354
0.0324554445829354
