0.000453984087401
0.00214434152713
0.000366702291889
0.0018905118157
0.00521529509559
0.00177472984206
0.00518620116376
0.00432959268495
0.00374231088944
0.00144513715711
0.00402327514547
0.00160847880299
0.00509476309227
0.00162979456122
0.00268436052725
0.00369285120532
0.00651469540435
0.00711263507897
0.00273358270989
0.00390482128013
0.00748518584491
0.00567539484622
0.00283333333333
0.0066429758936
0.00274189526185
0.00819427621423
0.00648735304596
0.00748177176107
0.00817141669635
0.00593557772236
0.00552410640067
0.00787869611685
0.0107113169457
0.00708276926731
0.00540672129201
0.00214849780311
0.000112219451372
0.00340939318371
0.00487655860349
0.00497838736492
0.00182234888968
0.00510931005819
0.00510099750623
0.0033034081463
0.00530049875312
0.00314671654198
0.00362967581047
0.00670380596129
0.00382377389859
0.00665684004275
0.00685135375846
0.00370532003325
0.00735619285121
0.00562442109013
0.00527487828049
0.00957184419903
0.010797114357
0.00134508965681
0.00648527490797
0.00791580572379
0.00699435933975
0.00838837430234
0.00833974587341
0.00672675454222
0.00838421802636
0.00677936112101
0.00204488778055
0.00293082769267
0.00163727585797
0.00357421921387
0.00236266476665
0.00211554447215
0.00124118275739
0.0016957605985
0.00152826267664
0.00251769386059
0.00279426433915
0.00447755610973
0.00311346633416
0.00318620116376
0.00336159600998
0.00247506234414
0.00497298420615
0.00236658354115
0.00425644222776
0.00357772236076
0.00503699085619
0.00637157107232
0.00738029925187
0.00770656691604
0.00539983374896
0.00634621778886
0.00390871036694
0.00794472152951
0.00543183707398
0.0061778886118
0.00766240153584
0.00687168982306
0.00683472865455
0.00916194632466
0.007434479278
0.00702508609429
0.00854266120413
0.00657035981475
0.00803975181095
0.00737433202708
0.00803351739698
0.00731394727467
0.00652009856312
0.00720003562522
0.0070965443534
0.0068284645529
0.00861622728892
0.00668299489372
0.00934773186082
0.0072752642204
0.00884066619166
0.00704515496972
0.00675157344733
0.0063292958081
0.00682350670942
0.00781032537703
0.0079769920437
0.008959120057
0.00674673435459
0.00941631041444
0.00947034200214
0.0104004571904
0.00778833669794
0.00965260459961
0.00885335272929
0.00915446502791
0.00869852155326
0.00669047619048
0.00969466215414
0.00722497328108
0.00634235838974
0.00740327752048
0.00670294501841
0.00670169813561
0.00960613347583
0.00797121284091
0.00623221707636
0.00779022681392
0.00838665241658
0.00525142500891
0.00692548390927
0.00487237263983
0.0074022087638
0.00576409175474
0.00518973399834
0.00526721885762
0.0076707140878
0.00858176978189
0.0101287357004
0.0101665578118
0.0078315619681
0.00770479555081
0.00846622530974
0.00787104658987
0.00719223765982
0.00763197165816
0.00743214384673
0.0075634821676
0.00811252622412
0.0066423623481
0.00759581205716
0.00993523136603
0.0102186893876
0.00759649487393
0.0077089122432
0.00750525472034
0.00760537149191
0.00866613228833
0.00790927443297
0.00662192732455
0.00814328266635
0.00769939239204
0.0074728753513
0.0100181787595
0.00756412540078
0.00770285595535
0.00776460634129
0.00669175276095
0.00731739104619
0.00707923643273
0.00753339864624
0.00707163638523
0.00711165538535
0.00797396389977
0.00725783754898
0.00886352570954
0.0095355361596
0.00787641016506
0.00722595297471
0.00721348414678
0.00691921980762
0.00722927799549
0.00782362546016
0.00846606697542
0.00694932312077
0.00891497446859
0.00829236432728
0.00749517080315
0.00838104144401
0.00971410758817
0.00746192059534
0.00749267703756
0.00981661826674
0.00839305506076
0.00869400902506
0.00638212009658
0.00828488303052
0.00877657047857
0.00849257807861
0.0118770542979
0.0119713801715
0.0171518435153
0.00928559463535
0.0112831224608
0.00952915240758
0.0127773036744
0.00954037435272
0.00810261053715
0.0088750436319
0.00881873688794
0.00929981503672
0.00884072466741
0.00719873926295
0.00732342754226
0.0101152763834
0.00939831877737
0.00957052714534
0.00920463631686
0.0102941347929
0.00962691395609
0.00933514338252
0.0115801477547
0.0115055506976
0.0118109695098
0.0111961078545
0.0102225083036
0.00965185161195
0.00768869492934
0.00860319439496
0.00684055733682
0.0096252514457
0.00791788386177
0.00966972359865
0.0097333146211
0.0079277005898
0.0108244756075
0.00869956062225
0.00845736848355
0.0080018406365
0.0090263032894
0.00851965324783
0.00871618572616
0.009918240114
0.00815811661323
0.00926798983782
0.012316024513
0.00832324941614
0.00823240509837
0.00955002285052
0.00972532863368
0.00783333333333
0.00867426671417
0.00836171476072
0.00763390135772
0.0082095356846
0.00814149150932
0.00800017812611
0.0096069638314
0.00964437031519
0.00953713839499
0.00805171594822
0.00782561453509
0.00789267901674
0.0104302330393
0.0105229782686
0.00909785061157
0.00786842417765
0.00825495784349
0.00815479159245
0.00877811423821
0.00868127300796
0.00832341764636
0.00962433112745
0.00960502423595
0.000457605985037
0.00758859794957
0.00849766456874
0.00968335114594
0.00811478248822
0.00789001702094
0.00737310493607
0.00837227368088
0.00890784942406
0.00922708020713
0.00837642995685
0.00766482513054
0.0104946571162
0.0105725773949
0.00995216414231
0.0115082144926
0.0109715600969
0.0101735551093
0.0112317726607
0.00760564767734
0.0106375736345
0.0106628873343
0.0116741587589
0.0106197016478
0.0109896201056
0.00805327860004
0.00856756827268
0.0113615474301
0.0120158640196
0.0113590635604
0.00779928065838
0.0104499024805
0.0120421718071
0.0119316148662
0.0105692469764
0.0114794120399
0.0104445586971
0.0101727679359
0.0100612906766
0.0113406221099
0.00994325243889
0.0109746170289
0.0114576356727
0.0111702984602
0.010055605035
0.0108618434074
0.0105161797886
0.0109422574516
0.0106757807861
0.0102519000119
0.0108582413015
0.0126586365975
0.0112020103061
0.011116391021
0.0110997659171
0.0101874633402
0.0103903732732
0.011788312408
0.0115319547452
0.00893312264073
0.0108212909285
0.0083744399823
0.0112962345219
0.00849902930265
0.0115972676534
0.00887968480674
0.0112888126005
0.0109640788001
0.00923548811953
0.0112993463311
0.0098347736359
0.0101656428913
0.010852229995
0.0101261582695
0.00931292709784
0.0127630436895
0.00879547073874
0.00959984868277
0.00844925294988
0.0093191615118
0.00923811413026
0.00851159708953
0.012139602293
0.0114040008205
0.011366979377
0.00988912729
0.00970001673306
0.0107456161184
0.00949428107221
0.00915073517505
0.0123923227645
0.00979353294254
0.0113308098801
0.0104791403526
0.0108944602779
0.0111894964969
0.0106130210189
0.0105578019238
0.0106255492222
0.0124385266991
0.0106795808099
0.0110328048925
0.0117457348692
0.0112464824591
0.0113324723905
0.00958631289741
0.0140673019831
0.0102027677919
0.00959912808167
0.0113688209131
0.010014508282
0.0110405839658
0.0103030923773
0.00994700838092
0.00892015901804
0.00917561165628
0.00847641718215
0.00878472379657
0.00870818894323
0.00873484848485
0.0120668674634
0.00858815173466
0.0097222717017
0.0108017609296
0.0104436680665
0.00945282176953
0.00894155034492
0.00835496126207
0.00998507249193
0.0100349478037
0.0087069978373
0.00926069296456
0.00995691867014
0.00948725948477
0.00915019539895
0.00854650620922
0.0095931950427
0.00824547307777
0.00925000539776
0.00817742890249
0.007796149957
0.00882031573303
0.00864065575599
0.0105135132947
0.00875728877662
0.00820376637771
0.00889165973954
0.00803211217987
0.00900742102176
0.00839493438122
0.00938938278402
0.00966806108826
0.00866645435473
0.00857371992098
0.0085794199566
0.00962971089592
0.010219156294
0.00950269708125
0.00921585466349
0.0095650412209
0.00924638350012
0.00858203247293
0.00878316204438
0.00903077623402
0.00957365064971
0.00854650620922
0.0079174286506
0.00896600670042
0.00896600670042
0.0130077118088
0.012447178618
0.0122555446078
0.0140255837955
0.0123513170814
0.0205594079653
0.0127802447622
0.0124284456884
0.00800693702252
0.0132336647835
0.00844060033898
0.00873373654608
0.0083881718863
0.00846150046961
0.00858978095886
0.0089391159547
0.0084989069534
0.00988784172325
0.00994187331095
0.00850175697121
0.00796605258139
0.00817208511909
0.00916090275754
0.00913978941535
0.00882236868147
0.00859763290187
0.00880478907349
0.00895774452757
0.00866353956379
0.00875289949729
0.00915122817055
0.0100626994923
0.00953010241352
0.00959185279946
0.00932065579198
0.00892367206083
0.00869537375896
0.00874881789034
0.00873292868118
0.0095543869403
0.00871918958016
0.0085829231035
0.00869840820028
0.008748283512
0.0079171470674
0.00862617806134
0.00913202653539
0.00853779782146
0.00990431568985
0.00873634906241
0.0135035159493
0.013717287077
0.0138685755226
0.0126932499476
0.0155816539376
0.0152522690665
0.0154981127905
0.0139239232643
0.00787869978456
0.0127372021163
0.0125834199051
0.00788597326752
0.00611177413609
0.0132776097552
0.00916031613164
0.0123460083834
0.0131654325863
0.00785791840468
0.007622049743
0.0135186863566
0.0139924532381
0.0132652731724
0.0126953154908
0.012626245741
0.0126828466629
0.0133893775939
0.0122032124152
0.0129579228613
0.0139757588629
0.0123459741976
0.0139333630487
0.0137157820013
0.0135800103194
0.0149078019514
0.0125420496655
0.0146812849107
0.0134624569805
0.0135771701975
0.0152690327129
0.0135372699481
0.00768399527876
0.00776192545332
0.00678868935166
0.0122599282125
0.00774164786447
0.00763730644529
0.00690582706293
0.00799216611872
0.00835978872887
0.00772867524551
0.0130346880191
0.0122209044765
0.0118806161281
0.0123453570536
0.00867356943417
0.0121554152415
0.0116769586053
0.011552547411
0.0119638109189
0.0152237499962
0.00841380218562
0.0125748446621
0.0149372422396
0.0128183538545
0.0136525373352
0.0125714503701
0.0134244270553
0.0135063749634
0.0130943494715
0.0134948759332
0.0163643688675
0.0158055575624
0.0146859764647
0.013454264079
0.0135183400003
0.0155117862188
0.00848759421515
0.00952883926824
0.00937734300889
0.00922170936572
0.00763659670892
0.0134093637036
0.0131416995307
0.0124172885164
0.0091663427318
0.0149266437359
0.0157149507461
0.0126312395695
0.012552270326
0.0124481493154
0.0124374122691
0.0125468608698
0.0127979377231
0.012600753915
0.0126842257908
0.0112851857895
0.0121129774216
0.0106072971777
0.0104348117247
0.0127078412721
0.0111173100244
0.0120338063848
0.0123518712515
0.0115336678423
0.0124231109013
0.0115378241182
0.0122395420457
0.0121508748248
0.0119873658483
0.0111753424603
0.0115552260845
0.0113904378387
0.0111410864004
0.0120628459238
0.01124639132
0.0114163094456
0.010712826312
0.0115137406927
0.0109141663269
0.0112952703296
0.0114767610472
0.0119917527056
0.0116708249495
0.012649815964
0.0116018307683
0.0104123387696
0.0110902273814
0.0111123941866
0.0113903482912
0.0119556018241
0.0111276338652
0.0117705002811
0.0123338520028
0.0119037496862
0.0106845753997
0.0122244504595
0.0109917904899
0.0119105382703
0.010869114053
0.0115972213572
0.0121980140253
0.0115661089396
0.0113049562657
0.00986523486212
0.0121303926747
0.011581915383
0.0108652348621
0.011260358165
0.012289384694
0.011845700365
0.0109484266772
0.0115833671039
0.010459783774
0.0117026353392
0.0107342761146
0.011177559556
0.0108116561327
0.0110851894711
0.0112536068116
0.0109643300036
0.0112314400064
0.0117689850327
0.0115972213572
0.0124044331258
0.0119060956361
0.0111991886612
0.011281344383
0.0112267832611
0.0114739789858
0.011742335041
0.0116504463256
0.0104998505927
0.0112005987224
0.0105939685834
0.0110937824298
0.0117367933397
0.0115343476834
0.013329943747
0.0112975247944
0.0125400749846
0.00960404744881
0.0112660756395
0.010951281816
0.0101682746458
0.00995929396179
0.0101805167678
0.0115984984121
0.00956807061046
0.0124639651703
0.00952060955116
0.0102426429209
0.0103224347002
0.00941107278701
0.00965127765003
0.00948869169069
0.00966283965411
0.00983917910851
0.0155048635211
0.0108207781412
0.011213546221
0.00976924031912
0.0106586833781
0.0106208612667
0.0108726938066
0.0109793266445
0.00902399567736
0.00915841778061
0.0117486533278
0.011665149965
0.0121485248611
0.0123550917772
0.00900737057346
0.0113907979662
0.0137443836989
0.0145272297666
0.0133336475799
0.0191114726227
0.0135442196346
0.013867907169
0.0196213343321
0.0140769416231
0.0139331777256
0.0160161805498
0.0178481536474
0.0125947370723
0.0127928934463
0.0106266422688
0.0124564129415
0.0123162681735
0.0121459987782
0.0124003628679
0.0141893392006
0.0176752834309
0.0129041842059
0.00863413699075
0.00863223324196
0.00837804928516
0.0135974026666
0.0089807704072
0.0125396304305
0.00929555163595
0.0122298160415
0.0195417159039
0.0145509352105
0.0116766658805
0.0135395351393
0.0123909167862
0.0145056318024
0.0116184917881
0.0113809279526
0.0153189016581
0.0142947304843
0.0100798259651
0.00985436688554
0.0108694065702
0.0114551392083
0.0111147402058
0.00977610149618
0.011066943032
0.0163369119105
0.0137228545907
0.0150110598739
0.0174980594357
0.0149896361605
0.012751708253
0.0183926060086
0.012681327124
0.0153819511051
0.0126547269577
0.0121043342914
0.0122769214714
0.0156386578232
0.0125058944934
0.0121699656675
0.0121285424191
0.0124471908668
0.0123068088741
0.0155663890003
0.0122153708027
0.0123483716339
0.0109288035323
0.011115571461
0.0125224556546
0.0108273510917
0.0108045686649
0.010510795522
0.0123484094182
0.0107977141313
0.0101716796642
0.0105489576923
0.0118351416525
0.0110802107978
0.0107592652568
0.0106521143722
0.0117586661745
0.0116804904018
0.0110752058277
0.0111142112252
0.0126351365454
0.0120018164158
0.0124380157111
0.0127758163145
0.0171706259936
0.0165190062085
0.0122706398617
0.0134474804774
0.0149025398265
0.0169919504525
0.0185312039394
0.0170825194845
0.0184329205381
0.0169817486842
0.0204625056662
0.0167026271408
0.0214889169108
0.0177154825314
0.0181458352211
0.0177333437226
0.0166236288323
0.0165600378099
0.0194016728997
0.0169249588406
0.0130206309346
0.0140085939967
0.0137256378285
0.012877526602
0.0137820411093
0.0138499191997
0.0140531901598
0.0131372270013
0.0145672924333
0.0131291411553
0.0133771820449
0.0152084417384
0.0174290961553
0.0175857674142
0.0165920018281
0.015214865074
0.0141332131432
0.0145433620134
0.0166123184103
0.014479544285
0.0170462333821
0.0194810763862
0.0126315170698
0.0233241472804
0.0130347049044
0.0139090322949
0.0132187126395
0.0138744063501
0.0124652950956
0.0197364720711
0.0202275327561
0.0176500478968
0.0128444811631
0.017877974376
0.0177933037127
0.0168300146466
0.0168411988074
0.0222672595159
0.0171767012794
0.0180705961764
0.017679094702
0.0133827202169
0.0174623260177
0.0175268965261
0.0159884428767
0.0173047537479
0.0161773935769
0.0180454021269
0.0169297559277
0.0175853895709
0.0132155137741
0.0156998269118
0.0155426214129
0.0130247872106
0.0152898291789
0.0146441037488
0.0150214093194
0.0146531783539
0.0127429451956
0.0146376426289
0.0195348899874
0.0234240577606
0.013563516907
0.0166306093138
0.011850715577
0.0173621805272
0.0184289630797
0.0208011279057
0.0199240955449
0.01281686082
0.0132007088921
0.0167783411192
0.0180482615562
0.0188653476289
0.0173909384139
0.0181923062065
0.0174841851505
0.0169753863848
0.016548876901
0.0181132672073
0.0180459675078
0.0155915712163
0.0185127942527
0.0166363999349
0.0185328600832
0.018994017795
0.0185475959708
0.0145073308515
0.0128957537337
0.0128338857042
0.012128565671
0.0146208576682
0.015205527847
0.0140516367811
0.0146551216171
0.0123418581972
0.0119864966012
0.0120786867607
0.0147085550913
0.0155139613088
0.0121123903805
0.0148857450065
0.0165840635209
0.0152262081594
0.0170918005885
0.0181630325569
0.0159784941111
0.0171415158359
0.0154424302166
0.0137482420946
0.0160641131887
0.0153942174153
0.0142765948051
0.0167789123131
0.0147614154707
0.0149895310792
0.0146594405546
0.0166251301019
0.0141977605056
0.0167605287847
0.0151767370569
0.016403079916
0.014089857187
0.0166937497616
0.0166029282805
0.0166580605962
0.0152248533213
0.0155359464261
0.0156709294813
0.0174951190074
0.0159401922218
0.0184981243147
0.0141019166603
0.0145141301741
0.0141899125173
0.0141562748125
0.0144192078031
0.0144931181437
0.0155595226453
0.0181019166603
0.0183262751645
0.0147028251034
0.012933284368
0.0144216467953
0.0137250549416
0.0132306179571
0.014789637076
0.0153429881306
0.0153857429651
0.0150478377282
0.013783402662
0.0143642810521
0.015274505491
0.0159758404888
0.0166581409398
0.0172130037827
0.0171074343729
0.014623709235
0.0144769780995
0.0138584548021
0.0174370778501
0.0142184625209
0.0170653659516
0.0150949655449
0.018082496717
0.0150610967053
0.0149208175815
0.0168562829889
0.0153755121319
0.0152987808831
0.0139086878437
0.0146393231441
0.0134517734743
0.0134224035544
0.0147860471151
0.0176318418473
0.0141213489703
0.0129884503261
0.0153668387258
0.0140595300743
0.0165277681953
0.0160276037712
0.0145777218092
0.0155729880745
0.0173659547386
0.0143911130697
0.0148190542059
0.0150232614211
0.013873241083
0.0138026647899
0.0140898634599
0.0179088151735
0.0138483838257
0.0148166528698
0.0159093378241
0.0152631328238
0.0158806777892
0.0153686611276
0.0148223803095
0.0164558903641
0.0151869953287
0.0148450936726
0.0150929538755
0.0142963830316
0.0159459678607
0.014964255475
0.0156456700704
0.0142593921754
0.0139829449803
0.0143013476915
0.0153807136705
0.0138583663171
0.0142526233485
0.0149622732165
0.0145520487776
0.0145686738815
0.0150954339045
0.0135108879434
0.0145894614726
0.0175052799988
0.0192061215452
0.0175263810922
0.0126519245184
0.0140130026547
0.0133828255791
0.0139401079683
0.0139110140365
0.0141055825602
0.0140137562652
0.012859925578
0.0133850635738
0.0131430319147
0.0121018602504
0.0155097477004
0.0161458062737
0.016763321641
0.0177833369316
0.0135131414394
0.015447924237
0.0162999745143
0.0180409380192
0.0141310454598
0.0142993746368
0.0137642472538
0.013950087598
0.0139755961709
0.0135466547881
0.0132147464637
0.0142125039016
0.0141332834545
0.0132232188724
0.0135547041992
0.0184651519525
0.0156914543284
0.0193639397815
0.0160582799384
0.017992610778
0.0211945524825
0.016034845213
0.0161757658053
0.016913244453
0.0161089456761
0.016018137091
0.0154419227572
0.0163402484792
0.0161981457528
0.0136393871804
0.0121723570852
0.0128472694893
0.0138020145572
0.0141935277613
0.0177004202659
0.0178606436648
0.0157223160962
0.0133366595672
0.021783363092
0.0172222396747
0.0167184695931
0.0175139122643
0.0159018854878
0.0207230368886
0.0158134219754
0.017308496317
0.0179172603648
0.0170255427723
0.0164917795228
0.0175157707855
0.019153911081
0.0127793332346
0.0123865651548
0.0185715026333
0.0173464973808
0.012828498464
0.0167078604567
0.0168031122539
0.0210611152996
0.0128640573218
0.0124165932453
0.0136411182008
0.0184519995242
0.017104201437
0.0172633045949
0.0171538209779
0.0135546630932
0.0173992970314
0.0178429157629
0.017823237181
0.012315540931
0.0136803407198
0.0142475125338
0.0131776934294
0.0139442642443
0.0124443306783
0.013043441148
0.0131744049473
0.0142642974945
0.0131257399797
0.0134060838046
0.0165514657292
0.013026209315
0.0135815601363
0.0129306149676
0.0137261620016
0.0164175024336
0.0164641839337
0.018280700335
0.0172619374613
0.0167994048205
0.0171353309008
0.0158517130224
0.0211169808438
0.0166203058646
0.0155150546683
0.0175861443714
0.0173188330252
0.0174297507858
0.0176564596546
0.0154660553305
0.0178017374857
0.0181907009744
0.0171612815507
0.0182527482372
0.0165631523316
0.0135902711458
0.0132586151667
0.0139227435362
0.0132396150479
0.0135860851821
0.0135450568007
0.013432302971
0.014174016369
0.0124473212021
0.01362538794
0.0131898102177
0.013386342696
0.0149440450217
0.014073469936
0.0135080622067
0.0132624856719
0.0134017802925
0.0130562193705
0.0144194778908
0.0144344404843
0.0127637325547
0.0144536781046
0.0137024015341
0.0120921497774
0.0136648226122
0.015311361028
0.0119808209566
0.0118487701313
0.0118313879914
0.0118775078109
0.0146017871011
0.0128880496768
0.0127395073422
0.0140231741098
0.0136380831634
0.0135953922715
0.0140758048023
0.0135342950147
0.0130026265617
0.0134951474294
0.0133535223254
0.0123094658001
0.0136088364212
0.0133107126829
0.0120934136685
0.0129195032066
0.0123982319799
0.0145358804392
0.0133971978539
0.0127565812581
0.0127589265853
0.0125562446862
0.0130303570244
0.0134686258543
0.0134423967841
0.0130977672864
0.0145922870418
0.0145882544034
0.0137722563561
0.0145586237709
0.014821923854
0.0144095345364
0.0146048795073
0.0129065040702
0.0138571040635
0.0131974393187
0.0130898363024
0.0140420286568
0.0137024609095
0.0138768315305
0.0123696082671
0.0143964670679
0.0150025140452
0.0119878631724
0.0129217338528
0.0137918265309
0.0150313134225
0.0138628334847
0.0134884183846
0.0135673519505
0.0147165325703
0.0131763354441
0.0131922335018
0.0124357430047
0.0135064628095
0.0129369305122
0.014295502116
0.0136087128865
0.0144223279086
0.011944949925
0.0143017959053
0.0136793045147
0.0138177678801
0.0139280279443
0.0136488449494
0.0120818695308
0.0132408824625
0.0129160594351
0.0164452524898
0.0144466986318
0.0139110548956
0.0134123017784
0.016096246678
0.0164868152496
0.0132950826896
0.0148229603585
0.0147090512736
0.012385998489
0.0118488443505
0.0115311861152
0.011851442023
0.014375842681
0.0141999074664
0.0118662264904
0.0147587755823
0.0141618164571
0.0138190360711
0.0145022239347
0.0159795966793
0.0141742937602
0.0147122197785
0.0140554242672
0.0161458477184
0.0123543176231
0.0128875089243
0.0150286423076
0.0152345597618
0.0159804800168
0.012423623525
0.0167879939285
0.0126181372407
0.0122989352457
0.00998793294726
0.0123558762266
0.0178921865283
0.009927251318
0.00975933776854
0.00987155721991
0.00964963653143
0.0122694256863
0.00971641606952
0.0129003483795
0.0138467774197
0.0150611373532
0.0148608048512
0.0146284690241
0.0126958006949
0.0145760999468
0.0138811706034
0.0146721099218
0.0156816693566
0.0166992574364
0.0147545359069
0.0140070281008
0.0121831632963
0.0120351614815
0.013498377586
0.0134655430058
0.0142279695185
0.0144693893545
0.0139128640012
0.0147192059894
0.0143703905281
0.0152413711862
0.0131402897842
0.0138331674094
0.015550540643
0.0130250366588
0.0142593917173
0.0140740218088
0.0140087945181
0.0143426229372
0.0140088739763
0.0142668541081
0.0132998393151
0.0144991899352
0.014642997084
0.0142052840366
0.0141034552752
0.011788253209
0.00937604966527
0.0154876769688
0.0150394991357
0.0128472519539
0.0161344974177
0.0130250366588
0.0159652330785
0.0130246210312
0.0147769537768
0.0145296553562
0.0139828671195
0.0131540054949
0.0127837067849
0.00996091715341
0.00944417999304
0.0116949702928
0.0149348454701
0.00990389671431
0.0139358849019
0.0156110080207
0.0152866433862
0.0130707940132
0.0137076414372
0.0129319743956
0.0136216065245
0.0131725066434
0.0133987241878
0.0140500146708
0.0133585469606
0.0117081059561
0.0126707116967
0.0117974964505
0.011599392746
0.0127755099686
0.0123681949229
0.0124405561962
0.0128442345004
0.0124053317573
0.0124094880333
0.0124214373267
0.0124862634395
0.012852859487
0.0135277361953
0.0128667966324
0.0140257739399
0.0130212876067
0.013143062418
0.0127485319957
0.0136068029849
0.0135683452104
0.0135897622534
0.01245123602
0.0133496211871
0.0124787518639
0.0130446288381
0.012819566494
0.0125687352388
0.0137403444773
0.0136925473036
0.0140666121415
0.0144510343209
0.0138344209691
0.0139723726585
0.0131036702316
0.0133447342382
0.01296575929
0.0116617368857
0.0105804531669
0.0116538114379
0.0128833301298
0.0129733928869
0.0137558220264
0.0121009296162
0.0131791285477
0.0130159947156
0.0135099803398
0.0129663516664
0.0131100304596
0.0136031662434
0.0134828775474
0.013444674444
0.0127487182561
0.0124164393574
0.0133493571816
0.0116943525312
0.0126428636432
0.0116853504131
0.0122886999959
0.0117392158683
0.0119039704615
0.0115688707109
0.0118207532594
0.0107823687211
0.0123860984748
0.0133473412014
0.011886856384
0.0132761898161
0.0126046843478
0.013205441442
0.0132444554266
0.0132795005752
0.0126438246506
0.0127494837056
0.0135732718659
0.0137582261469
0.0129972914737
0.0127030990841
0.0129062676333
0.0125327223299
0.0131697871137
0.0122408050642
0.0132762205555
0.0132632931362
0.0136243390509
0.0112276040993
0.0113864224199
0.0132249209295
0.0118936167637
0.0128643639885
0.0132735004611
0.0116289394048
0.0115370486064
0.0123733854792
0.0120329372602
0.0124771209187
0.0106605271023
0.0135914185081
0.0117565989129
0.01247319526
0.0116386645821
0.0120475382313
0.011199046715
0.0123478291706
0.0126482661612
0.0120071751039
0.0117073120165
0.0120428169933
0.0111597394188
0.01133753685
0.011338077186
0.011572226293
0.0116331035117
0.0110706336203
0.0110667475666
0.0121585335358
0.0110522207285
0.0117567201212
0.0109777189797
0.0118570275968
0.00979307906344
0.0105798721881
0.00945708225235
0.00979078853618
0.0127372347752
0.0117103149152
0.0119625375314
0.0114469335509
0.0101980558978
0.0104210278796
0.0107466843267
0.0117166803997
0.010698275936
0.0112033803165
0.0102244604746
0.0111524455619
0.0105280590633
0.011304851996
0.00905617779824
0.0107307205574
0.0116092540734
0.0109497164114
0.0104551839088
0.0119059795799
0.0116482904693
0.0116628779293
0.0120555645135
0.0117246923475
0.0117531644477
0.0100249592277
0.0103006588675
0.011559067895
0.0110817073747
0.00973640844667
0.00984898505011
0.0100152360892
0.0097598791816
0.0097411759397
0.0101829636273
0.0108174171199
0.00979581874446
0.0109127472133
0.010066333835
0.0108185547689
0.0103700287864
0.0102396186576
0.00966959763172
0.0101336249366
0.0110263685677
0.0106484992768
0.0105600914501
0.0119458200635
0.0121313855616
0.0101604612615
0.00865595287036
0.0110629843655
0.0108009852122
0.0100231411631
0.0103016116535
0.0101956769421
0.00851586192126
0.0104359979101
0.0112096147305
0.0110624744114
0.0115437467208
0.00985816288411
0.011464614486
0.0105636397985
0.00980975449332
0.011169233657
0.0109439390504
0.0105747232011
0.0107877119711
0.0112128745548
0.011510496513
0.0109819567513
0.0110291427079
0.0105996410897
0.0102076472182
0.0107255518032
0.0101325897638
0.0108185580584
0.0107916204706
0.0096352064854
0.0104504498334
0.0101200258933
0.010520495308
0.0107873826991
0.0107339623284
0.0106187790105
0.010891298177
0.0112430279295
0.0107590662651
0.00877227791287
0.00847631460477
0.00848149172046
0.00850446061401
0.00865919074774
0.00854653379364
0.00896361973376
0.0084152100562
0.00865627406285
0.00841105378022
0.00945160921396
0.00745590027381
0.00793681032253
0.00748083792967
0.00719799241189
0.00644453667516
0.00678228878611
0.0064957974122
0.00649164113623
0.0066465171042
0.00684076831827
0.00961203196027
0.00747338555113
0.00964389674276
0.00983785628834
0.00886408786168
0.00853574205952
0.00902618262478
0.00956382866533
0.00957097454333
0.00885577530973
0.00990451933632
0.00927154874165
0.00843876228673
0.00935344367923
0.00906680647108
0.00672964262373
0.00726886785486
0.00764973561165
0.00795132082989
0.00945056928626
0.00657863126325
0.00735476422504
0.00952122597786
0.00914716113996
0.0101009995997
0.0075156628987
0.00977403922281
0.00800194718797
0.0100214470191
0.00779413338914
0.0101941876821
0.00978308094599
0.010272209003
0.00952539183544
0.00789854538274
0.00937541082105
0.00973839225635
0.00996458117004
0.00934099393928
0.00927288934696
0.00951949505491
0.00946684889254
0.00932692093466
0.00904696400466
0.00952503675622
0.00821395150667
0.00793318101588
0.00765389188763
0.00747945250435
0.00928431824719
0.00727995125746
0.00892549308787
0.00739217070884
0.00771623602728
0.00740463953677
0.00907220233813
0.00819918267839
0.00782373241516
0.00780156560995
0.00845501551332
0.00868638154269
0.00829861557748
0.00794842069446
0.00644592210048
0.0101651032566
0.00681568482817
0.00689341448064
0.00911072166675
0.00652489134404
0.00655121442523
0.00940873394599
0.00670361121104
0.00976748618819
0.00954893448438
0.00689895929293
0.0090924096388
0.00382323724943
0.00469847244475
0.00443406766722
0.00639044200056
0.00595343395766
0.00706960780695
0.0048641766054
0.00697790133569
0.0048641766054
0.00483923894954
0.00500993064137
0.00616474695727
0.00492520823685
0.00658106448045
0.00713868359057
0.00647772379608
0.00645647042094
0.00370885215953
0.00387180005295
0.00384817490529
0.00362025785581
0.00399780084046
0.00363620483048
0.00369723646193
0.0070472951675
0.00596590278559
0.00389805021701
0.00379829959357
0.00635309188443
0.00622840360512
0.00655384927186
0.00670085019062
0.00715377743491
0.00543284691549
0.00563682920578
0.00713868359057
0.00739248482493
0.00568801702571
0.00481355081979
0.00481979449152
0.00472626902428
0.00842647632408
0.00837791352056
0.0037224643927
0.00826050966179
0.00542050933838
0.00499821064512
0.00500903801669
0.00587400869586
0.00649024899166
0.00472626902428
0.00466654990104
0.00560596674749
0.00565078890263
0.00472160962016
0.0069029764539
0.00583633045267
0.00555609143577
0.00715463056524
0.00452988076606
0.00461978757797
0.00504038926833
0.00749310627312
0.00742944962526
0.00606714427795
0.00586764303107
0.00512386479006
0.00605467545002
0.00594501538965
0.00791525437894
0.00829404424638
0.00808207417157
0.00773550638052
0.00786537906722
0.00820203742134
0.00823557200593
0.00812722445376
0.00814179329481
0.00743076213347
0.00472085070962
0.00472758153249
0.00493201394289
0.00558234159984
0.00421602302365
0.00481355081979
0.00491461395144
0.0046566404641
0.00403776671524
0.00404767615218
0.00495695159875
0.00384220299297
0.00371101779806
0.00396039435667
0.00481355081979
0.00366632689374
0.00483391321246
0.00477745684421
0.00389702798373
0.00546640927336
0.00369804248237
0.00374298663057
0.00357465745351
0.00389385944852
0.00326214081368
0.00288932285857
0.00306031490417
0.00329937819451
0.00394481254008
0.00379518660492
0.00377149583185
0.00350987591593
0.0037540958404
0.00363207042964
0.00382012426078
0.00406933171642
0.00415292923121
0.00417662000428
0.00387986189954
0.00426509231493
0.00397711875739
0.00390355267261
0.00395218110153
0.00345399166085
0.00352755774564
0.00268522865408
0.00268273488849
0.00265904411543
0.00313116175276
0.00265904411543
0.00417271025294
0.0026540002166
0.00404802197364
0.00270767254435
0.00379643348771
0.00435452967011
0.00340286946634
0.00345274477806
0.00345399166085
0.00340286946634
0.00337917869327
0.00337917869327
0.0034278071222
0.00422621347774
0.00345274477806
0.00347768243392
0.00362311677948
0.00273261020021
0.00377149583185
0.00310985200998
0.00268273488849
0.00265779723263
0.00396345941432
0.00419515414321
0.00411671326256
0.00370937716281
0.00427620152476
0.00337543804489
0.00334925350624
0.00327704703954
0.00337543804489
0.00400426834058
0.00432347033559
0.00343030088778
0.00404065341218
0.00386750580691
0.0030103832248
0.00450415560527
0.00370682702957
0.00412158805843
0.00318857472889
0.00419640102601
0.0039670873274
0.00391721201568
0.00270891942715
0.00433474864838
0.00430601397649
0.00377778661347
0.00348493826007
0.00322456522693
0.00392865943142
0.00408928184111
0.00332556273317
0.00422496659494
0.00382766192519
0.00330062507731
0.00310497721411
0.00372785493409
0.00374038012968
0.00351356019665
0.00346368488493
0.00406933171642
0.00411796014535
0.00406808483363
0.0042599356808
0.0040917756067
0.00396833421019
0.00286455430567
0.00306904308372
0.00306031490417
0.00293562662487
0.00318982161169
0.0040207032875
0.00321351238475
0.00303532088066
0.00143550709512
0.00134578790167
0.00134578790167
0.00116634951478
0.00134578790167
0.00152522628856
0.00134578790167
0.00116634951478
0.00143550709512
0.00125606870823
0.00116634951478
0.00116634951478
0.000986911127895
0.00125606870823
0.00071775354756
0.00143550709512
0.00152522628856
0.00134578790167
0.000807472741005
0.00143550709512
0.00089719193445
0.00152522628856
0.00134578790167
0.00143550709512
0.00134578790167
0.00116634951478
0.000628034354115
0.00053831516067
0.000448595967225
0.00089719193445
0.00152522628856
0.00125606870823
0.00125606870823
0.00161494548201
0.00125606870823
0.00125606870823
0.00116634951478
0.00143550709512
0.00134578790167
0.00152522628856
0.00116634951478
0.00089719193445
0.00116634951478
0.000986911127895
0.00071775354756
0.000986911127895
0.00134578790167
0.00134578790167
0.000986911127895
0.00143550709512
0.00152522628856
0.00071775354756
0.000986911127895
0.00143550709512
0.00143550709512
0.000986911127895
0.000986911127895
0.00116634951478
0.00134578790167
0.00152522628856
0.00134578790167
0.00143550709512
0.00143550709512
0.00143550709512
0.00143550709512
0.00143550709512
0.00134578790167
0.000628034354115
0.00107663032134
0.00134578790167
0.000807472741005
0.000807472741005
0.00134578790167
0.000807472741005
0.00089719193445
0.00134578790167
0.00116634951478
0.00125606870823
0.00116634951478
0.00116634951478
0.00116634951478
0.000807472741005
0.000986911127895
0.00107663032134
0.00152522628856
0.00152522628856
0.00134578790167
0.00134578790167
0.00134578790167
0.000986911127895
0.00107663032134
0.00134578790167
0.00134578790167
0.00107663032134
0.00134578790167
0.00116634951478
0.00134578790167
0.00116634951478
0.00125606870823
0.00116634951478
0.00107663032134
0.00152522628856
0.00071775354756
0.000628034354115
0.00053831516067
0.00071775354756
0.000448595967225
0.000448595967225
0.000448595967225
