0.000174563591022444
0.000947630922693267
7.48129675810474e-05
0.000448877805486284
0.00204488778054863
0.000748129675810474
0.00201995012468828
0.00159600997506234
0.00134663341645885
0.000648379052369077
0.00154613466334165
0.00057356608478803
0.00201995012468828
0.000623441396508728
0.000723192019950125
0.000872817955112219
0.00177057356608479
0.00234413965087282
0.000798004987531172
0.000748129675810474
0.00239401496259352
0.00122194513715711
0.000897755610972569
0.00201995012468828
0.000798004987531172
0.00197007481296758
0.00179551122194514
0.0015211970074813
0.00194513715710723
0.0014713216957606
0.00129675810473815
0.00199501246882793
0.0029925187032419
0.001571072319202
0.00117206982543641
0.000997506234413965
9.97506234413965e-05
0.00109725685785536
0.00192019950124688
0.00162094763092269
0.000598503740648379
0.00211970074812968
0.00201995012468828
0.00114713216957606
0.00219451371571072
0.000872817955112219
0.00117206982543641
0.00179551122194514
0.00104738154613466
0.00177057356608479
0.00187032418952618
0.00104738154613466
0.00189526184538653
0.00164588528678304
0.00162094763092269
0.00241895261845387
0.0027431421446384
0.000498753117206983
0.00169576059850374
0.00184538653366584
0.001571072319202
0.00204488778054863
0.00236907730673317
0.0015211970074813
0.00216957605985037
0.00167082294264339
0.000773067331670823
0.000648379052369077
0.000623441396508728
0.00119700748129676
0.000598503740648379
0.000822942643391521
0.000673316708229426
0.000673316708229426
0.000723192019950125
0.000922693266832918
0.000748129675810474
0.00174563591022444
0.00104738154613466
0.00112219451371571
0.00119700748129676
0.000673316708229426
0.00184538653366584
0.000623441396508728
0.00179551122194514
0.00112219451371571
0.000972568578553616
0.0014713216957606
0.00184538653366584
0.00179551122194514
0.00119700748129676
0.00187032418952618
0.00084788029925187
0.00246882793017456
0.00119700748129676
0.00162094763092269
0.00231920199501247
0.00154613466334165
0.00154613466334165
0.00314214463840399
0.00206982543640898
0.00172069825436409
0.00254364089775561
0.00154613466334165
0.00194513715710723
0.00184538653366584
0.00244389027431421
0.00234413965087282
0.00199501246882793
0.00211970074812968
0.00159600997506234
0.00167082294264339
0.00246882793017456
0.00169576059850374
0.00296758104738155
0.00182044887780549
0.00269326683291771
0.00139650872817955
0.00162094763092269
0.001571072319202
0.00234413965087282
0.00244389027431421
0.00197007481296758
0.00256857855361596
0.00192019950124688
0.00261845386533666
0.00271820448877806
0.00266832917705736
0.00206982543640898
0.0028927680798005
0.00211970074812968
0.00249376558603491
0.00226932668329177
0.00154613466334165
0.00291770573566085
0.00167082294264339
0.0014214463840399
0.00214463840399002
0.00169576059850374
0.00149625935162095
0.0027431421446384
0.00226932668329177
0.0013216957605985
0.00219451371571072
0.00182044887780549
0.0014214463840399
0.00127182044887781
0.000922693266832918
0.00162094763092269
0.00129675810473815
0.00149625935162095
0.00129675810473815
0.00211970074812968
0.00201995012468828
0.00221945137157107
0.0029925187032419
0.0015211970074813
0.00231920199501247
0.00216957605985037
0.00236907730673317
0.00134663341645885
0.00159600997506234
0.00102244389027431
0.0013216957605985
0.00149625935162095
0.0013216957605985
0.00129675810473815
0.00244389027431421
0.00296758104738155
0.00134663341645885
0.00169576059850374
0.00172069825436409
0.00149625935162095
0.00204488778054863
0.00221945137157107
0.00214463840399002
0.00204488778054863
0.00149625935162095
0.0014214463840399
0.00219451371571072
0.00199501246882793
0.00216957605985037
0.00231920199501247
0.0013216957605985
0.00182044887780549
0.00189526184538653
0.00184538653366584
0.00172069825436409
0.00172069825436409
0.00201995012468828
0.00192019950124688
0.00246882793017456
0.00246882793017456
0.00164588528678304
0.00189526184538653
0.00182044887780549
0.00187032418952618
0.00182044887780549
0.00229426433915212
0.00236907730673317
0.00144638403990025
0.00236907730673317
0.00189526184538653
0.00189526184538653
0.00189526184538653
0.00269326683291771
0.00204488778054863
0.00206982543640898
0.00309226932668329
0.00269326683291771
0.00234413965087282
0.00134663341645885
0.00226932668329177
0.00201995012468828
0.00197007481296758
0.00169576059850374
0.00221945137157107
0.0029426433915212
0.00144638403990025
0.00114713216957606
0.00261845386533666
0.00204488778054863
0.00251870324189526
0.00194513715710723
0.00107231920199501
0.00261845386533666
0.00251870324189526
0.00201995012468828
0.00179551122194514
0.00197007481296758
0.00177057356608479
0.00159600997506234
0.00206982543640898
0.00159600997506234
0.00199501246882793
0.001571072319202
0.00154613466334165
0.00221945137157107
0.00236907730673317
0.00149625935162095
0.00182044887780549
0.00182044887780549
0.00269326683291771
0.00182044887780549
0.00187032418952618
0.00144638403990025
0.00192019950124688
0.00199501246882793
0.00286783042394015
0.0027930174563591
0.00182044887780549
0.00197007481296758
0.00184538653366584
0.00219451371571072
0.00219451371571072
0.00122194513715711
0.00172069825436409
0.0014713216957606
0.00269326683291771
0.00224438902743142
0.00246882793017456
0.00244389027431421
0.00209476309226933
0.00209476309226933
0.00276807980049875
0.00276807980049875
0.0015211970074813
0.00179551122194514
0.00169576059850374
0.00189526184538653
0.00214463840399002
0.00169576059850374
0.00189526184538653
0.00256857855361596
0.00266832917705736
0.00254364089775561
0.00214463840399002
0.00197007481296758
0.00182044887780549
0.00219451371571072
0.00209476309226933
0.00241895261845387
0.00179551122194514
0.00187032418952618
0.00226932668329177
0.00239401496259352
0.00226932668329177
0.00234413965087282
0.00254364089775561
0.0014713216957606
0.000249376558603491
0.00211970074812968
0.00246882793017456
0.00259351620947631
0.00216957605985037
0.00214463840399002
0.00184538653366584
0.00254364089775561
0.00159600997506234
0.00244389027431421
0.00276807980049875
0.00172069825436409
0.00194513715710723
0.00174563591022444
0.00159600997506234
0.00159600997506234
0.00236907730673317
0.00179551122194514
0.00179551122194514
0.00167082294264339
0.00197007481296758
0.00209476309226933
0.00201995012468828
0.00179551122194514
0.00197007481296758
0.00164588528678304
0.00167082294264339
0.00189526184538653
0.00162094763092269
0.00214463840399002
0.00169576059850374
0.00209476309226933
0.00226932668329177
0.00216957605985037
0.00192019950124688
0.00236907730673317
0.00192019950124688
0.00179551122194514
0.00187032418952618
0.00179551122194514
0.00139650872817955
0.00219451371571072
0.00219451371571072
0.00162094763092269
0.00192019950124688
0.00182044887780549
0.00162094763092269
0.00241895261845387
0.00167082294264339
0.00172069825436409
0.00204488778054863
0.00249376558603491
0.00204488778054863
0.00209476309226933
0.00204488778054863
0.00189526184538653
0.00206982543640898
0.00214463840399002
0.00187032418952618
0.0014214463840399
0.00174563591022444
0.0013216957605985
0.0013715710723192
0.001571072319202
0.00197007481296758
0.00144638403990025
0.00184538653366584
0.00201995012468828
0.00167082294264339
0.00201995012468828
0.00182044887780549
0.00154613466334165
0.00199501246882793
0.00179551122194514
0.00167082294264339
0.00204488778054863
0.00149625935162095
0.00201995012468828
0.001571072319202
0.00194513715710723
0.00154613466334165
0.00159600997506234
0.00167082294264339
0.00172069825436409
0.00192019950124688
0.00154613466334165
0.00159600997506234
0.00182044887780549
0.00127182044887781
0.00127182044887781
0.00234413965087282
0.00134663341645885
0.00139650872817955
0.00179551122194514
0.00177057356608479
0.00214463840399002
0.00159600997506234
0.00211970074812968
0.00209476309226933
0.00226932668329177
0.00197007481296758
0.00182044887780549
0.00226932668329177
0.00226932668329177
0.00187032418952618
0.00159600997506234
0.0028927680798005
0.00127182044887781
0.0014214463840399
0.00174563591022444
0.00174563591022444
0.001571072319202
0.00172069825436409
0.00129675810473815
0.00149625935162095
0.00154613466334165
0.00164588528678304
0.00199501246882793
0.0014214463840399
0.00197007481296758
0.00187032418952618
0.0014713216957606
0.00197007481296758
0.0013715710723192
0.00192019950124688
0.00216957605985037
0.00169576059850374
0.00169576059850374
0.00204488778054863
0.00199501246882793
0.0013715710723192
0.00182044887780549
0.00189526184538653
0.00197007481296758
0.00182044887780549
0.00179551122194514
0.00214463840399002
0.00149625935162095
0.00149625935162095
0.00144638403990025
0.00104738154613466
0.00139650872817955
0.00122194513715711
0.00192019950124688
0.00184538653366584
0.0013216957605985
0.00194513715710723
0.00122194513715711
0.001571072319202
0.0013216957605985
0.00219451371571072
0.00167082294264339
0.00174563591022444
0.00169576059850374
0.00159600997506234
0.00219451371571072
0.00194513715710723
0.00221945137157107
0.0014214463840399
0.00229426433915212
0.00194513715710723
0.00192019950124688
0.00149625935162095
0.00177057356608479
0.00184538653366584
0.0015211970074813
0.00167082294264339
0.00172069825436409
0.00172069825436409
0.00206982543640898
0.00182044887780549
0.00164588528678304
0.00192019950124688
0.00182044887780549
0.00366583541147132
0.00129675810473815
0.0014214463840399
0.00179551122194514
0.00221945137157107
0.00159600997506234
0.00221945137157107
0.00184538653366584
0.00174563591022444
0.00172069825436409
0.00149625935162095
0.00174563591022444
0.00231920199501247
0.00211970074812968
0.00144638403990025
0.00139650872817955
0.00119700748129676
0.00149625935162095
0.00184538653366584
0.00169576059850374
0.00144638403990025
0.00194513715710723
0.00172069825436409
0.0015211970074813
0.0014713216957606
0.00129675810473815
0.00179551122194514
0.00221945137157107
0.0015211970074813
0.00214463840399002
0.0015211970074813
0.00129675810473815
0.00231920199501247
0.00127182044887781
0.0015211970074813
0.00219451371571072
0.00192019950124688
0.00204488778054863
0.00199501246882793
0.0013715710723192
0.00164588528678304
0.00184538653366584
0.00197007481296758
0.00174563591022444
0.00221945137157107
0.00194513715710723
0.00211970074812968
0.00214463840399002
0.00129675810473815
0.00314214463840399
0.00271820448877806
0.00254364089775561
0.00229426433915212
0.00149625935162095
0.00134663341645885
0.00144638403990025
0.00154613466334165
0.000947630922693267
0.00189526184538653
0.00149625935162095
0.00114713216957606
0.00206982543640898
0.00144638403990025
0.00127182044887781
0.00187032418952618
0.00172069825436409
0.00201995012468828
0.00184538653366584
0.00172069825436409
0.00189526184538653
0.00172069825436409
0.00179551122194514
0.00164588528678304
0.00182044887780549
0.00167082294264339
0.00187032418952618
0.00241895261845387
0.00219451371571072
0.00259351620947631
0.00124688279301746
0.00211970074812968
0.00211970074812968
0.00206982543640898
0.00304239401496259
0.00184538653366584
0.00149625935162095
0.00162094763092269
0.0014713216957606
0.00236907730673317
0.0013715710723192
0.00117206982543641
0.00154613466334165
0.001571072319202
0.00199501246882793
0.0013715710723192
0.00164588528678304
0.00177057356608479
0.00134663341645885
0.00139650872817955
0.00154613466334165
0.00124688279301746
0.0015211970074813
0.00184538653366584
0.00122194513715711
0.00266832917705736
0.00149625935162095
0.00221945137157107
0.00209476309226933
0.00187032418952618
0.00211970074812968
0.00204488778054863
0.00182044887780549
0.00216957605985037
0.00206982543640898
0.00224438902743142
0.00319201995012469
0.00244389027431421
0.00259351620947631
0.00187032418952618
0.00189526184538653
0.00264339152119701
0.00224438902743142
0.00204488778054863
0.00187032418952618
0.00159600997506234
0.00134663341645885
0.00211970074812968
0.00179551122194514
0.00189526184538653
0.001571072319202
0.00236907730673317
0.00251870324189526
0.00211970074812968
0.00204488778054863
0.00179551122194514
0.00177057356608479
0.00204488778054863
0.00162094763092269
0.00192019950124688
0.00162094763092269
0.00172069825436409
0.00219451371571072
0.0015211970074813
0.00172069825436409
0.00251870324189526
0.00164588528678304
0.00209476309226933
0.00201995012468828
0.00211970074812968
0.00214463840399002
0.00204488778054863
0.00187032418952618
0.00182044887780549
0.00177057356608479
0.00192019950124688
0.00172069825436409
0.00234413965087282
0.00182044887780549
0.00194513715710723
0.00169576059850374
0.00254364089775561
0.00177057356608479
0.00251870324189526
0.00112219451371571
0.00187032418952618
0.00199501246882793
0.001571072319202
0.00216957605985037
0.00159600997506234
0.00206982543640898
0.00187032418952618
0.00177057356608479
0.00201995012468828
0.00219451371571072
0.0014214463840399
0.00194513715710723
0.001571072319202
0.00259351620947631
0.00187032418952618
0.00122194513715711
0.00199501246882793
0.00154613466334165
0.00204488778054863
0.00179551122194514
0.00229426433915212
0.00201995012468828
0.00214463840399002
0.00199501246882793
0.00139650872817955
0.00206982543640898
0.00184538653366584
0.00162094763092269
0.00162094763092269
0.00221945137157107
0.00192019950124688
0.0014713216957606
0.00231920199501247
0.00214463840399002
0.00209476309226933
0.00206982543640898
0.00169576059850374
0.00177057356608479
0.00149625935162095
0.00192019950124688
0.0014214463840399
0.00189526184538653
0.00177057356608479
0.00159600997506234
0.00249376558603491
0.00221945137157107
0.0013715710723192
0.00127182044887781
0.00226932668329177
0.00236907730673317
0.00234413965087282
0.00254364089775561
0.00149625935162095
0.00204488778054863
0.00169576059850374
0.00194513715710723
0.00236907730673317
0.00216957605985037
0.00182044887780549
0.00201995012468828
0.00249376558603491
0.000897755610972569
0.00194513715710723
0.00197007481296758
0.00194513715710723
0.0014214463840399
0.00184538653366584
0.00164588528678304
0.00159600997506234
0.00241895261845387
0.00174563591022444
0.00189526184538653
0.00201995012468828
0.00169576059850374
0.00122194513715711
0.00114713216957606
0.001571072319202
0.0014713216957606
0.00249376558603491
0.00184538653366584
0.00187032418952618
0.0013715710723192
0.001571072319202
0.00154613466334165
0.00154613466334165
0.00114713216957606
0.00174563591022444
0.00169576059850374
0.00172069825436409
0.00184538653366584
0.00199501246882793
0.00199501246882793
0.00169576059850374
0.00154613466334165
0.00244389027431421
0.00169576059850374
0.00144638403990025
0.00339152119700748
0.00177057356608479
0.00164588528678304
0.00359102244389027
0.00182044887780549
0.00162094763092269
0.00239401496259352
0.00306733167082294
0.00221945137157107
0.00184538653366584
0.0014214463840399
0.0015211970074813
0.00182044887780549
0.00172069825436409
0.00159600997506234
0.00179551122194514
0.00324189526184539
0.00187032418952618
0.00177057356608479
0.00129675810473815
0.00102244389027431
0.00216957605985037
0.00167082294264339
0.00211970074812968
0.00189526184538653
0.00179551122194514
0.00324189526184539
0.00179551122194514
0.00182044887780549
0.00164588528678304
0.00177057356608479
0.00206982543640898
0.001571072319202
0.0015211970074813
0.00162094763092269
0.00216957605985037
0.00144638403990025
0.00107231920199501
0.00189526184538653
0.00194513715710723
0.00189526184538653
0.00129675810473815
0.00177057356608479
0.0028927680798005
0.001571072319202
0.0027930174563591
0.00331670822942643
0.0027431421446384
0.00187032418952618
0.00391521197007481
0.00192019950124688
0.00296758104738155
0.00184538653366584
0.00169576059850374
0.00209476309226933
0.0027431421446384
0.00234413965087282
0.00182044887780549
0.00172069825436409
0.00159600997506234
0.001571072319202
0.00172069825436409
0.0015211970074813
0.00164588528678304
0.00144638403990025
0.00201995012468828
0.00149625935162095
0.00159600997506234
0.00187032418952618
0.001571072319202
0.00192019950124688
0.00182044887780549
0.00134663341645885
0.00162094763092269
0.00192019950124688
0.0013216957605985
0.00177057356608479
0.00119700748129676
0.00179551122194514
0.00172069825436409
0.00139650872817955
0.00209476309226933
0.00174563591022444
0.00197007481296758
0.00184538653366584
0.00172069825436409
0.00371571072319202
0.0029426433915212
0.00177057356608479
0.00209476309226933
0.00326683291770574
0.00306733167082294
0.00311720698254364
0.0029426433915212
0.00216957605985037
0.0028428927680798
0.00309226932668329
0.00219451371571072
0.00389027431421446
0.0027431421446384
0.00241895261845387
0.00251870324189526
0.00226932668329177
0.00194513715710723
0.0027431421446384
0.00264339152119701
0.00201995012468828
0.00211970074812968
0.00211970074812968
0.00197007481296758
0.00249376558603491
0.00199501246882793
0.00234413965087282
0.00194513715710723
0.00241895261845387
0.00172069825436409
0.00221945137157107
0.00296758104738155
0.00244389027431421
0.00296758104738155
0.00231920199501247
0.00331670822942643
0.00231920199501247
0.00261845386533666
0.00351620947630923
0.0028428927680798
0.00291770573566085
0.00306733167082294
0.00194513715710723
0.00356608478802993
0.00224438902743142
0.00256857855361596
0.00216957605985037
0.00209476309226933
0.00199501246882793
0.00354114713216958
0.00321695760598504
0.00189526184538653
0.00226932668329177
0.00261845386533666
0.00329177057356608
0.00189526184538653
0.00204488778054863
0.00389027431421446
0.00251870324189526
0.00226932668329177
0.00304239401496259
0.00206982543640898
0.00264339152119701
0.00309226932668329
0.00271820448877806
0.00246882793017456
0.0029426433915212
0.00286783042394015
0.00259351620947631
0.0029426433915212
0.00192019950124688
0.00269326683291771
0.00366583541147132
0.00199501246882793
0.00349127182044888
0.00266832917705736
0.00354114713216958
0.0029925187032419
0.00199501246882793
0.00281795511221945
0.00324189526184539
0.00381546134663342
0.00271820448877806
0.00209476309226933
0.00154613466334165
0.00184538653366584
0.00254364089775561
0.00256857855361596
0.00301745635910224
0.00179551122194514
0.00246882793017456
0.00271820448877806
0.00264339152119701
0.00224438902743142
0.00276807980049875
0.00336658354114713
0.00197007481296758
0.00226932668329177
0.00229426433915212
0.00331670822942643
0.00336658354114713
0.00376558603491272
0.00319201995012469
0.00266832917705736
0.00316708229426434
0.00316708229426434
0.00304239401496259
0.0027431421446384
0.00189526184538653
0.00187032418952618
0.0015211970074813
0.00286783042394015
0.00301745635910224
0.00256857855361596
0.0027930174563591
0.00182044887780549
0.00177057356608479
0.0013715710723192
0.00324189526184539
0.00341645885286783
0.00189526184538653
0.00231920199501247
0.00364089775561097
0.00254364089775561
0.00406483790523691
0.00376558603491272
0.00246882793017456
0.00304239401496259
0.0027930174563591
0.00239401496259352
0.00296758104738155
0.00264339152119701
0.00154613466334165
0.00281795511221945
0.00236907730673317
0.00261845386533666
0.00214463840399002
0.00264339152119701
0.00209476309226933
0.00281795511221945
0.00177057356608479
0.00269326683291771
0.00184538653366584
0.00259351620947631
0.00244389027431421
0.0027431421446384
0.00192019950124688
0.0028428927680798
0.00261845386533666
0.00334164588528678
0.00256857855361596
0.00423940149625935
0.00214463840399002
0.00204488778054863
0.00211970074812968
0.0013715710723192
0.00206982543640898
0.00162094763092269
0.00204488778054863
0.00376558603491272
0.00386533665835411
0.00236907730673317
0.00246882793017456
0.0028428927680798
0.00286783042394015
0.00236907730673317
0.00261845386533666
0.00361596009975062
0.00351620947630923
0.00326683291770574
0.0028428927680798
0.00286783042394015
0.00296758104738155
0.00331670822942643
0.00321695760598504
0.00366583541147132
0.00266832917705736
0.00162094763092269
0.00249376558603491
0.00189526184538653
0.00356608478802993
0.00214463840399002
0.00346633416458853
0.00259351620947631
0.00379052369077307
0.00304239401496259
0.00239401496259352
0.00281795511221945
0.00319201995012469
0.00324189526184539
0.00221945137157107
0.00216957605985037
0.00167082294264339
0.00174563591022444
0.00201995012468828
0.00326683291770574
0.00199501246882793
0.000897755610972569
0.0028428927680798
0.00177057356608479
0.00251870324189526
0.00236907730673317
0.00301745635910224
0.00261845386533666
0.00334164588528678
0.00122194513715711
0.00164588528678304
0.00259351620947631
0.00169576059850374
0.00187032418952618
0.00219451371571072
0.00391521197007481
0.00187032418952618
0.0027930174563591
0.00411471321695761
0.00321695760598504
0.00408977556109726
0.00324189526184539
0.00391521197007481
0.00321695760598504
0.00309226932668329
0.00306733167082294
0.00301745635910224
0.00334164588528678
0.00411471321695761
0.00306733167082294
0.00351620947630923
0.00296758104738155
0.00259351620947631
0.00201995012468828
0.00201995012468828
0.00189526184538653
0.0027930174563591
0.00249376558603491
0.00236907730673317
0.00231920199501247
0.00266832917705736
0.00219451371571072
0.00194513715710723
0.00256857855361596
0.00256857855361596
0.00229426433915212
0.00197007481296758
0.00269326683291771
0.00192019950124688
0.00244389027431421
0.00249376558603491
0.00264339152119701
0.0027930174563591
0.00216957605985037
0.00192019950124688
0.00236907730673317
0.00197007481296758
0.00159600997506234
0.00201995012468828
0.00184538653366584
0.0027930174563591
0.00259351620947631
0.00187032418952618
0.00209476309226933
0.00251870324189526
0.00266832917705736
0.0028428927680798
0.0027930174563591
0.0028927680798005
0.00291770573566085
0.00269326683291771
0.0027431421446384
0.0029426433915212
0.0028428927680798
0.00261845386533666
0.0027431421446384
0.00251870324189526
0.00206982543640898
0.00324189526184539
0.00231920199501247
0.0029426433915212
0.00346633416458853
0.00189526184538653
0.00221945137157107
0.00177057356608479
0.00211970074812968
0.00187032418952618
0.00177057356608479
0.0014214463840399
0.00214463840399002
0.00314214463840399
0.00194513715710723
0.00234413965087282
0.00246882793017456
0.00269326683291771
0.00216957605985037
0.00264339152119701
0.00199501246882793
0.00269326683291771
0.00316708229426434
0.00236907730673317
0.00231920199501247
0.00251870324189526
0.00179551122194514
0.00334164588528678
0.00127182044887781
0.00229426433915212
0.00261845386533666
0.00211970074812968
0.00226932668329177
0.00241895261845387
0.00249376558603491
0.00261845386533666
0.00221945137157107
0.00266832917705736
0.00189526184538653
0.00249376558603491
0.00169576059850374
0.00172069825436409
0.00329177057356608
0.00251870324189526
0.00197007481296758
0.0028927680798005
0.00246882793017456
0.00251870324189526
0.00249376558603491
0.00236907730673317
0.0027431421446384
0.00229426433915212
0.00261845386533666
0.0028428927680798
0.00211970074812968
0.00249376558603491
0.0028927680798005
0.00234413965087282
0.00261845386533666
0.00194513715710723
0.00246882793017456
0.00244389027431421
0.0027930174563591
0.00256857855361596
0.00264339152119701
0.00187032418952618
0.00264339152119701
0.00269326683291771
0.00256857855361596
0.0029426433915212
0.00189526184538653
0.0014214463840399
0.00261845386533666
0.00206982543640898
0.00194513715710723
0.00216957605985037
0.00182044887780549
0.00326683291770574
0.0014713216957606
0.00189526184538653
0.00234413965087282
0.00201995012468828
0.00216957605985037
0.00214463840399002
0.0014713216957606
0.00221945137157107
0.00254364089775561
0.00229426433915212
0.00276807980049875
0.00216957605985037
0.00241895261845387
0.00246882793017456
0.00306733167082294
0.00244389027431421
0.00244389027431421
0.00256857855361596
0.00269326683291771
0.0028927680798005
0.00209476309226933
0.00264339152119701
0.00291770573566085
0.00261845386533666
0.00281795511221945
0.00251870324189526
0.0028428927680798
0.00239401496259352
0.00321695760598504
0.00234413965087282
0.00296758104738155
0.0028428927680798
0.00254364089775561
0.00296758104738155
0.00259351620947631
0.0014713216957606
0.00184538653366584
0.00269326683291771
0.00144638403990025
0.0013216957605985
0.0014214463840399
0.001571072319202
0.00169576059850374
0.00124688279301746
0.0015211970074813
0.00104738154613466
0.00241895261845387
0.0027930174563591
0.0027431421446384
0.00251870324189526
0.00159600997506234
0.00236907730673317
0.00286783042394015
0.00187032418952618
0.00301745635910224
0.00269326683291771
0.00189526184538653
0.00214463840399002
0.00216957605985037
0.00169576059850374
0.00174563591022444
0.00144638403990025
0.00167082294264339
0.00221945137157107
0.00259351620947631
0.00239401496259352
0.00246882793017456
0.00224438902743142
0.00117206982543641
0.00251870324189526
0.00254364089775561
0.00271820448877806
0.0029426433915212
0.00236907730673317
0.00261845386533666
0.00182044887780549
0.00251870324189526
0.00259351620947631
0.00246882793017456
0.00309226932668329
0.00249376558603491
0.00259351620947631
0.00169576059850374
0.001571072319202
0.00271820448877806
0.00154613466334165
0.00162094763092269
0.00192019950124688
0.00281795511221945
0.00239401496259352
0.00169576059850374
0.00239401496259352
0.00271820448877806
0.00184538653366584
0.00249376558603491
0.00224438902743142
0.00236907730673317
0.00266832917705736
0.00264339152119701
0.00197007481296758
0.00281795511221945
0.00177057356608479
0.00256857855361596
0.00241895261845387
0.00271820448877806
0.00264339152119701
0.00254364089775561
0.00184538653366584
0.00174563591022444
0.00241895261845387
0.00319201995012469
0.00169576059850374
0.00246882793017456
0.00187032418952618
0.00314214463840399
0.00319201995012469
0.00187032418952618
0.00192019950124688
0.00234413965087282
0.00177057356608479
0.00159600997506234
0.00144638403990025
0.001571072319202
0.00239401496259352
0.00251870324189526
0.00144638403990025
0.00174563591022444
0.00187032418952618
0.00139650872817955
0.00219451371571072
0.00241895261845387
0.00184538653366584
0.00159600997506234
0.00159600997506234
0.00239401496259352
0.0013715710723192
0.00216957605985037
0.00224438902743142
0.00172069825436409
0.00162094763092269
0.00164588528678304
0.0028927680798005
0.00192019950124688
0.00182044887780549
0.00239401496259352
0.00129675810473815
0.00276807980049875
0.00229426433915212
0.00204488778054863
0.00214463840399002
0.00201995012468828
0.00184538653366584
0.00221945137157107
0.00224438902743142
0.00231920199501247
0.00256857855361596
0.00209476309226933
0.00221945137157107
0.00201995012468828
0.00256857855361596
0.00221945137157107
0.00182044887780549
0.00261845386533666
0.00236907730673317
0.00209476309226933
0.00154613466334165
0.00187032418952618
0.00192019950124688
0.00229426433915212
0.00226932668329177
0.00179551122194514
0.00179551122194514
0.00174563591022444
0.00174563591022444
0.00197007481296758
0.00192019950124688
0.00192019950124688
0.00122194513715711
0.00214463840399002
0.00184538653366584
0.00169576059850374
0.00221945137157107
0.001571072319202
0.00194513715710723
0.0015211970074813
0.00216957605985037
0.00144638403990025
0.00199501246882793
0.00182044887780549
0.00162094763092269
0.00174563591022444
0.00149625935162095
0.00172069825436409
0.00214463840399002
0.00167082294264339
0.00214463840399002
0.00226932668329177
0.00244389027431421
0.00234413965087282
0.00201995012468828
0.00219451371571072
0.0014713216957606
0.00149625935162095
0.001571072319202
0.00241895261845387
0.00194513715710723
0.00164588528678304
0.00169576059850374
0.00251870324189526
0.00199501246882793
0.0014713216957606
0.00266832917705736
0.00204488778054863
0.00149625935162095
0.00187032418952618
0.00144638403990025
0.00221945137157107
0.00172069825436409
0.00216957605985037
0.00241895261845387
0.00164588528678304
0.00177057356608479
0.00206982543640898
0.00144638403990025
0.00169576059850374
0.00229426433915212
0.00206982543640898
0.00216957605985037
0.00214463840399002
0.00201995012468828
0.00211970074812968
0.00179551122194514
0.00162094763092269
0.00236907730673317
0.00229426433915212
0.00216957605985037
0.00254364089775561
0.00187032418952618
0.00211970074812968
0.0014713216957606
0.00254364089775561
0.00159600997506234
0.00216957605985037
0.0013715710723192
0.00192019950124688
0.00249376558603491
0.00231920199501247
0.00264339152119701
0.00241895261845387
0.00219451371571072
0.00194513715710723
0.00246882793017456
0.00231920199501247
0.00219451371571072
0.00214463840399002
0.00184538653366584
0.00182044887780549
0.00154613466334165
0.00162094763092269
0.00162094763092269
0.00226932668329177
0.00229426433915212
0.00211970074812968
0.00229426433915212
0.00184538653366584
0.00246882793017456
0.00211970074812968
0.00201995012468828
0.00221945137157107
0.00204488778054863
0.00234413965087282
0.00206982543640898
0.00246882793017456
0.0014713216957606
0.00197007481296758
0.00206982543640898
0.00209476309226933
0.00241895261845387
0.00172069825436409
0.00244389027431421
0.00112219451371571
0.00164588528678304
0.00182044887780549
0.00162094763092269
0.0015211970074813
0.00174563591022444
0.00214463840399002
0.001571072319202
0.00234413965087282
0.00192019950124688
0.00229426433915212
0.00221945137157107
0.00221945137157107
0.00194513715710723
0.00201995012468828
0.00251870324189526
0.00234413965087282
0.00184538653366584
0.00251870324189526
0.00266832917705736
0.00229426433915212
0.00214463840399002
0.00216957605985037
0.00221945137157107
0.00236907730673317
0.00239401496259352
0.0013216957605985
0.00172069825436409
0.00209476309226933
0.00182044887780549
0.00194513715710723
0.00239401496259352
0.00177057356608479
0.0015211970074813
0.00199501246882793
0.00189526184538653
0.00177057356608479
0.0015211970074813
0.00244389027431421
0.00189526184538653
0.001571072319202
0.00179551122194514
0.00201995012468828
0.00172069825436409
0.00221945137157107
0.00199501246882793
0.00172069825436409
0.0014214463840399
0.0014713216957606
0.00159600997506234
0.00164588528678304
0.00159600997506234
0.00144638403990025
0.00144638403990025
0.00231920199501247
0.00229426433915212
0.00197007481296758
0.00127182044887781
0.00204488778054863
0.00177057356608479
0.00167082294264339
0.0013216957605985
0.00134663341645885
0.00102244389027431
0.00112219451371571
0.00164588528678304
0.00159600997506234
0.0014713216957606
0.00144638403990025
0.00177057356608479
0.00179551122194514
0.00226932668329177
0.00219451371571072
0.00224438902743142
0.00172069825436409
0.00159600997506234
0.0015211970074813
0.00214463840399002
0.00241895261845387
0.0015211970074813
0.0013715710723192
0.00127182044887781
0.0014713216957606
0.0013216957605985
0.0014713216957606
0.00117206982543641
0.00197007481296758
0.00229426433915212
0.00199501246882793
0.00154613466334165
0.0015211970074813
0.00187032418952618
0.00192019950124688
0.001571072319202
0.00149625935162095
0.000997506234413965
0.000972568578553616
0.0014713216957606
0.00119700748129676
0.0014214463840399
0.00144638403990025
0.00149625935162095
0.00192019950124688
0.00129675810473815
0.00167082294264339
0.00199501246882793
0.00197007481296758
0.00144638403990025
0.00109725685785536
0.00182044887780549
0.00214463840399002
0.00167082294264339
0.00184538653366584
0.00172069825436409
0.0014214463840399
0.00144638403990025
0.00169576059850374
0.00127182044887781
0.0013216957605985
0.00149625935162095
0.00149625935162095
0.00144638403990025
0.00164588528678304
0.00154613466334165
0.0014713216957606
0.00199501246882793
0.00149625935162095
0.00179551122194514
0.00114713216957606
0.00149625935162095
0.00162094763092269
0.00149625935162095
0.00117206982543641
0.00159600997506234
0.00187032418952618
0.00199501246882793
0.001571072319202
0.00154613466334165
0.00164588528678304
0.00139650872817955
0.00169576059850374
0.00124688279301746
0.0014713216957606
0.00177057356608479
0.00134663341645885
0.00154613466334165
0.00127182044887781
0.00154613466334165
0.00182044887780549
0.00154613466334165
0.00154613466334165
0.00164588528678304
0.00162094763092269
0.0014713216957606
0.0015211970074813
0.00144638403990025
0.00129675810473815
0.00124688279301746
0.0014214463840399
0.00134663341645885
0.001571072319202
0.00139650872817955
0.0013216957605985
0.00122194513715711
0.0014713216957606
0.00129675810473815
0.00112219451371571
0.0014713216957606
0.00124688279301746
0.000972568578553616
0.00127182044887781
0.00114713216957606
0.000997506234413965
0.00127182044887781
0.00124688279301746
0.00114713216957606
0.00104738154613466
0.00117206982543641
0.00124688279301746
0.00149625935162095
0.0015211970074813
0.00167082294264339
0.0014214463840399
0.00154613466334165
0.0013216957605985
0.00139650872817955
0.00172069825436409
0.00144638403990025
0.001571072319202
0.00124688279301746
0.00114713216957606
0.00127182044887781
0.000997506234413965
0.0013715710723192
0.00154613466334165
0.00102244389027431
0.0014214463840399
0.00177057356608479
0.00117206982543641
0.00144638403990025
0.000972568578553616
0.00117206982543641
0.0014214463840399
0.00104738154613466
0.00134663341645885
0.00127182044887781
0.00114713216957606
0.00149625935162095
0.000798004987531172
0.00112219451371571
0.0013216957605985
0.00149625935162095
0.0014214463840399
0.0013715710723192
0.00117206982543641
0.00134663341645885
0.00124688279301746
0.0013715710723192
0.00164588528678304
0.0013216957605985
0.00119700748129676
0.00134663341645885
0.00109725685785536
0.0013715710723192
0.00124688279301746
0.00124688279301746
0.00102244389027431
0.00127182044887781
0.000997506234413965
0.00144638403990025
0.00127182044887781
0.0015211970074813
0.00117206982543641
0.00107231920199501
0.00119700748129676
0.0014214463840399
0.00114713216957606
0.00139650872817955
0.000947630922693267
0.00174563591022444
0.00127182044887781
0.00129675810473815
0.00117206982543641
0.00107231920199501
0.00109725685785536
0.00119700748129676
0.00127182044887781
0.00119700748129676
0.00179551122194514
0.000997506234413965
0.00109725685785536
0.000798004987531172
0.000897755610972569
0.000598503740648379
0.000872817955112219
0.000947630922693267
0.000922693266832918
0.000947630922693267
0.000997506234413965
0.00102244389027431
0.000897755610972569
0.00114713216957606
0.000822942643391521
0.00109725685785536
0.000748129675810474
0.00112219451371571
0.000947630922693267
0.000972568578553616
0.000748129675810474
0.000822942643391521
0.000798004987531172
0.000648379052369077
0.000972568578553616
0.00057356608478803
0.000698254364089776
0.000897755610972569
0.000922693266832918
0.000872817955112219
0.000773067331670823
0.000947630922693267
0.000748129675810474
0.000897755610972569
0.00109725685785536
0.00112219451371571
0.000623441396508728
0.000897755610972569
0.00114713216957606
0.00119700748129676
0.000773067331670823
0.000897755610972569
0.000773067331670823
0.000822942643391521
0.00124688279301746
0.00119700748129676
0.000648379052369077
0.000897755610972569
0.000773067331670823
0.000673316708229426
0.000399002493765586
0.00084788029925187
0.000972568578553616
0.000798004987531172
0.000723192019950125
0.000922693266832918
0.000947630922693267
0.000822942643391521
0.00124688279301746
0.000997506234413965
0.000872817955112219
0.00117206982543641
0.000698254364089776
0.000798004987531172
0.000822942643391521
0.00102244389027431
0.00104738154613466
0.000997506234413965
0.000798004987531172
0.000922693266832918
0.000997506234413965
0.000997506234413965
0.000698254364089776
0.00119700748129676
0.000822942643391521
0.000648379052369077
0.000648379052369077
0.000947630922693267
0.00107231920199501
0.000897755610972569
0.00102244389027431
0.00102244389027431
0.000872817955112219
0.000798004987531172
0.00084788029925187
0.000897755610972569
0.000698254364089776
0.000822942643391521
0.000972568578553616
0.00084788029925187
0.00102244389027431
0.000922693266832918
0.000897755610972569
0.000798004987531172
0.000723192019950125
0.00084788029925187
0.000997506234413965
0.000698254364089776
0.000598503740648379
0.000872817955112219
0.000698254364089776
0.00057356608478803
0.000598503740648379
0.000723192019950125
0.000548628428927681
0.000872817955112219
0.000748129675810474
0.000374064837905237
0.000748129675810474
0.000598503740648379
0.000723192019950125
0.00057356608478803
0.000548628428927681
0.000548628428927681
0.000598503740648379
0.000673316708229426
0.000598503740648379
0.000648379052369077
0.000798004987531172
0.000822942643391521
0.000523690773067332
0.00084788029925187
0.000623441396508728
0.000548628428927681
0.000598503740648379
0.000748129675810474
0.000822942643391521
0.000623441396508728
0.000623441396508728
0.000598503740648379
0.000548628428927681
0.000598503740648379
0.000623441396508728
0.000523690773067332
0.000498753117206983
0.000648379052369077
0.00057356608478803
0.000548628428927681
0.000698254364089776
0.000748129675810474
0.000748129675810474
0.000698254364089776
0.000673316708229426
0.000673316708229426
0.000723192019950125
0.000548628428927681
0.000748129675810474
0.000773067331670823
0.000399002493765586
0.000673316708229426
0.000548628428927681
0.000399002493765586
0.000623441396508728
0.000598503740648379
0.000673316708229426
0.000648379052369077
0.000698254364089776
0.000748129675810474
0.000723192019950125
0.000673316708229426
0.000648379052369077
0.000698254364089776
0.000673316708229426
0.000324189526184539
0.000648379052369077
0.000723192019950125
0.000623441396508728
0.000648379052369077
0.000623441396508728
0.000698254364089776
0.000673316708229426
0.00057356608478803
0.000673316708229426
0.000648379052369077
0.000548628428927681
0.000498753117206983
0.000648379052369077
0.000723192019950125
0.000623441396508728
0.000623441396508728
0.000523690773067332
0.000523690773067332
0.000773067331670823
0.000673316708229426
0.000623441396508728
0.000548628428927681
0.000673316708229426
0.000598503740648379
0.000523690773067332
0.000498753117206983
0.00057356608478803
0.000473815461346633
0.000423940149625935
0.000648379052369077
0.000698254364089776
0.000648379052369077
0.000648379052369077
0.000673316708229426
0.000548628428927681
0.000548628428927681
0.000748129675810474
0.000748129675810474
0.000623441396508728
0.000673316708229426
0.000598503740648379
0.000698254364089776
0.000648379052369077
0.000399002493765586
0.000374064837905237
0.000374064837905237
0.000324189526184539
0.000374064837905237
0.000423940149625935
0.000374064837905237
0.000324189526184539
0.000399002493765586
0.000349127182044888
0.000324189526184539
0.000324189526184539
0.00027431421446384
0.000349127182044888
0.000199501246882793
0.000399002493765586
0.000423940149625935
0.000374064837905237
0.000224438902743142
0.000399002493765586
0.000249376558603491
0.000423940149625935
0.000374064837905237
0.000399002493765586
0.000374064837905237
0.000324189526184539
0.000174563591022444
0.000149625935162095
0.000124688279301746
0.000249376558603491
0.000423940149625935
0.000349127182044888
0.000349127182044888
0.000448877805486284
0.000349127182044888
0.000349127182044888
0.000324189526184539
0.000399002493765586
0.000374064837905237
0.000423940149625935
0.000324189526184539
0.000249376558603491
0.000324189526184539
0.00027431421446384
0.000199501246882793
0.00027431421446384
0.000374064837905237
0.000374064837905237
0.00027431421446384
0.000399002493765586
0.000423940149625935
0.000199501246882793
0.00027431421446384
0.000399002493765586
0.000399002493765586
0.00027431421446384
0.00027431421446384
0.000324189526184539
0.000374064837905237
0.000423940149625935
0.000374064837905237
0.000399002493765586
0.000399002493765586
0.000399002493765586
0.000399002493765586
0.000399002493765586
0.000374064837905237
0.000174563591022444
0.00029925187032419
0.000374064837905237
0.000224438902743142
0.000224438902743142
0.000374064837905237
0.000224438902743142
0.000249376558603491
0.000374064837905237
0.000324189526184539
0.000349127182044888
0.000324189526184539
0.000324189526184539
0.000324189526184539
0.000224438902743142
0.00027431421446384
0.00029925187032419
0.000423940149625935
0.000423940149625935
0.000374064837905237
0.000374064837905237
0.000374064837905237
0.00027431421446384
0.00029925187032419
0.000374064837905237
0.000374064837905237
0.00029925187032419
0.000374064837905237
0.000324189526184539
0.000374064837905237
0.000324189526184539
0.000349127182044888
0.000324189526184539
0.00029925187032419
0.000423940149625935
0.000199501246882793
0.000174563591022444
0.000149625935162095
0.000199501246882793
0.000124688279301746
0.000124688279301746
0.000124688279301746
