0.00149625935162095
0.0134663341645885
0.000997506234413965
0.00798004987531172
0.0234413965087282
0.00748129675810474
0.0229426433915212
0.0184538653366584
0.0139650872817955
0.00698254364089776
0.0169576059850374
0.0084788029925187
0.0234413965087282
0.0104738154613466
0.0144638403990025
0.0139650872817955
0.0219451371571072
0.0339152119700748
0.0109725685785536
0.0144638403990025
0.0369077306733167
0.0194513715710723
0.0119700748129676
0.0264339152119701
0.0104738154613466
0.0259351620947631
0.0234413965087282
0.0214463840399002
0.027930174563591
0.0219451371571072
0.0184538653366584
0.027930174563591
0.0503740648379052
0.0224438902743142
0.0194513715710723
0.0139650872817955
0.000498753117206983
0.0159600997506234
0.0234413965087282
0.0269326683291771
0.00748129675810474
0.0239401496259352
0.0229426433915212
0.0139650872817955
0.0249376558603491
0.0144638403990025
0.0164588528678304
0.0219451371571072
0.0164588528678304
0.0319201995012469
0.0214463840399002
0.0174563591022444
0.0214463840399002
0.0219451371571072
0.0199501246882793
0.0463840399002494
0.0468827930174564
0.00748129675810474
0.0229426433915212
0.027431421446384
0.0224438902743142
0.029426433915212
0.028927680798005
0.0194513715710723
0.0264339152119701
0.0209476309226933
0.0104738154613466
0.0124688279301746
0.00897755610972569
0.0139650872817955
0.00997506234413965
0.0109725685785536
0.00648379052369077
0.00748129675810474
0.00648379052369077
0.0124688279301746
0.0104738154613466
0.0199501246882793
0.0144638403990025
0.0159600997506234
0.0154613466334165
0.0119700748129676
0.0219451371571072
0.0109725685785536
0.0204488778054863
0.0169576059850374
0.0164588528678304
0.0189526184538653
0.0209476309226933
0.0219451371571072
0.0169576059850374
0.0249376558603491
0.0129675810473815
0.0324189526184539
0.0169576059850374
0.0194513715710723
0.0209476309226933
0.0174563591022444
0.0184538653366584
0.0448877805486284
0.0229426433915212
0.0209476309226933
0.0354114713216958
0.0194513715710723
0.0259351620947631
0.027431421446384
0.027431421446384
0.0214463840399002
0.0184538653366584
0.0229426433915212
0.0174563591022444
0.0179551122194514
0.0379052369077307
0.0209476309226933
0.0418952618453865
0.0219451371571072
0.0319201995012469
0.0199501246882793
0.0184538653366584
0.0214463840399002
0.0264339152119701
0.027431421446384
0.0229426433915212
0.0309226932668329
0.0214463840399002
0.0264339152119701
0.027930174563591
0.0433915211970075
0.0239401496259352
0.0354114713216958
0.029426433915212
0.029426433915212
0.0259351620947631
0.0219451371571072
0.0428927680798005
0.0189526184538653
0.0204488778054863
0.0229426433915212
0.0214463840399002
0.0239401496259352
0.0394014962593516
0.028927680798005
0.0199501246882793
0.0224438902743142
0.0319201995012469
0.0194513715710723
0.0209476309226933
0.0159600997506234
0.0199501246882793
0.0164588528678304
0.0204488778054863
0.0159600997506234
0.0219451371571072
0.0269326683291771
0.0349127182044888
0.0468827930174564
0.0199501246882793
0.027930174563591
0.029426433915212
0.0229426433915212
0.0174563591022444
0.0269326683291771
0.0179551122194514
0.0179551122194514
0.0194513715710723
0.0174563591022444
0.0174563591022444
0.0364089775561097
0.0403990024937656
0.0174563591022444
0.0229426433915212
0.0204488778054863
0.0189526184538653
0.0239401496259352
0.0239401496259352
0.0189526184538653
0.027431421446384
0.0189526184538653
0.0189526184538653
0.0369077306733167
0.0239401496259352
0.0239401496259352
0.0259351620947631
0.0179551122194514
0.0239401496259352
0.0219451371571072
0.0219451371571072
0.0269326683291771
0.0254364089775561
0.027431421446384
0.0184538653366584
0.0234413965087282
0.027431421446384
0.0219451371571072
0.0269326683291771
0.0229426433915212
0.0254364089775561
0.0219451371571072
0.028428927680798
0.0349127182044888
0.0194513715710723
0.0359102244389027
0.0209476309226933
0.0204488778054863
0.0259351620947631
0.0443890274314214
0.0219451371571072
0.0244389027431421
0.0224438902743142
0.0224438902743142
0.027431421446384
0.0214463840399002
0.0244389027431421
0.0344139650872818
0.0234413965087282
0.0209476309226933
0.0344139650872818
0.0588528678304239
0.0184538653366584
0.0149625935162095
0.0209476309226933
0.029426433915212
0.0204488778054863
0.0174563591022444
0.0199501246882793
0.0234413965087282
0.0204488778054863
0.0219451371571072
0.0194513715710723
0.0234413965087282
0.0314214463840399
0.0199501246882793
0.0239401496259352
0.0189526184538653
0.0324189526184539
0.0214463840399002
0.0209476309226933
0.0224438902743142
0.0389027431421446
0.0189526184538653
0.0189526184538653
0.0309226932668329
0.0209476309226933
0.0244389027431421
0.0269326683291771
0.0199501246882793
0.0319201995012469
0.027930174563591
0.0229426433915212
0.0199501246882793
0.0179551122194514
0.0309226932668329
0.0189526184538653
0.0254364089775561
0.027431421446384
0.0224438902743142
0.0184538653366584
0.0184538653366584
0.0244389027431421
0.027930174563591
0.0214463840399002
0.0418952618453865
0.0239401496259352
0.0304239401496259
0.0254364089775561
0.0239401496259352
0.0184538653366584
0.0199501246882793
0.0214463840399002
0.0219451371571072
0.027431421446384
0.0209476309226933
0.0234413965087282
0.0214463840399002
0.0219451371571072
0.0199501246882793
0.0244389027431421
0.0269326683291771
0.0239401496259352
0.0369077306733167
0.0384039900249377
0.0254364089775561
0.0194513715710723
0.0214463840399002
0.028927680798005
0.0304239401496259
0.027930174563591
0.028927680798005
0.0189526184538653
0.0209476309226933
0.00349127182044888
0.0254364089775561
0.029426433915212
0.0418952618453865
0.0249376558603491
0.0254364089775561
0.0199501246882793
0.027431421446384
0.0179551122194514
0.0229426433915212
0.0204488778054863
0.0199501246882793
0.0214463840399002
0.0239401496259352
0.0179551122194514
0.0259351620947631
0.0234413965087282
0.0179551122194514
0.0264339152119701
0.0154613466334165
0.0204488778054863
0.0234413965087282
0.0244389027431421
0.0219451371571072
0.0194513715710723
0.0234413965087282
0.0234413965087282
0.0194513715710723
0.0239401496259352
0.0384039900249377
0.0179551122194514
0.0214463840399002
0.0359102244389027
0.027930174563591
0.027930174563591
0.029426433915212
0.027930174563591
0.0179551122194514
0.0194513715710723
0.028927680798005
0.0204488778054863
0.0209476309226933
0.0339152119700748
0.0204488778054863
0.0214463840399002
0.0254364089775561
0.0229426433915212
0.0329177057356609
0.0224438902743142
0.027431421446384
0.0199501246882793
0.0403990024937656
0.0219451371571072
0.0204488778054863
0.0249376558603491
0.0184538653366584
0.0179551122194514
0.0354114713216958
0.0209476309226933
0.0184538653366584
0.0179551122194514
0.0164588528678304
0.0199501246882793
0.0224438902743142
0.0244389027431421
0.0184538653366584
0.0199501246882793
0.0239401496259352
0.0134663341645885
0.0309226932668329
0.0169576059850374
0.0189526184538653
0.0244389027431421
0.0174563591022444
0.0219451371571072
0.028428927680798
0.0189526184538653
0.0249376558603491
0.0199501246882793
0.028428927680798
0.0179551122194514
0.0219451371571072
0.0239401496259352
0.0244389027431421
0.0234413965087282
0.0234413965087282
0.0194513715710723
0.0184538653366584
0.0164588528678304
0.0184538653366584
0.0339152119700748
0.0199501246882793
0.0234413965087282
0.0229426433915212
0.0234413965087282
0.0309226932668329
0.0214463840399002
0.0209476309226933
0.0229426433915212
0.0389027431421446
0.0229426433915212
0.0229426433915212
0.0319201995012469
0.0244389027431421
0.0229426433915212
0.0194513715710723
0.0523690773067332
0.0174563591022444
0.0184538653366584
0.028428927680798
0.0169576059850374
0.0244389027431421
0.0184538653366584
0.0179551122194514
0.0194513715710723
0.0224438902743142
0.0209476309226933
0.027431421446384
0.0184538653366584
0.0264339152119701
0.0234413965087282
0.0219451371571072
0.0189526184538653
0.0204488778054863
0.0199501246882793
0.0214463840399002
0.0224438902743142
0.0204488778054863
0.0259351620947631
0.0264339152119701
0.0144638403990025
0.0204488778054863
0.0234413965087282
0.0269326683291771
0.029426433915212
0.0204488778054863
0.027930174563591
0.0184538653366584
0.0239401496259352
0.0184538653366584
0.0129675810473815
0.0194513715710723
0.0179551122194514
0.028428927680798
0.0209476309226933
0.0214463840399002
0.0264339152119701
0.0164588528678304
0.0209476309226933
0.0194513715710723
0.028428927680798
0.0259351620947631
0.0264339152119701
0.0219451371571072
0.0239401496259352
0.0219451371571072
0.0244389027431421
0.0239401496259352
0.0194513715710723
0.0199501246882793
0.0319201995012469
0.0254364089775561
0.00997506234413965
0.0189526184538653
0.0229426433915212
0.0184538653366584
0.0199501246882793
0.0224438902743142
0.0219451371571072
0.0244389027431421
0.0219451371571072
0.0219451371571072
0.0359102244389027
0.0214463840399002
0.0703241895261845
0.0189526184538653
0.0219451371571072
0.0209476309226933
0.027930174563591
0.0204488778054863
0.0229426433915212
0.0239401496259352
0.0224438902743142
0.0264339152119701
0.0234413965087282
0.0249376558603491
0.0254364089775561
0.0239401496259352
0.0204488778054863
0.0144638403990025
0.0144638403990025
0.0179551122194514
0.0204488778054863
0.0229426433915212
0.0154613466334165
0.0204488778054863
0.0184538653366584
0.0169576059850374
0.0159600997506234
0.0174563591022444
0.0239401496259352
0.0254364089775561
0.0269326683291771
0.027431421446384
0.0214463840399002
0.0179551122194514
0.0239401496259352
0.0174563591022444
0.0204488778054863
0.0219451371571072
0.0204488778054863
0.0194513715710723
0.0209476309226933
0.0179551122194514
0.0209476309226933
0.029426433915212
0.0209476309226933
0.028927680798005
0.0259351620947631
0.0219451371571072
0.0239401496259352
0.0269326683291771
0.0194513715710723
0.0364089775561097
0.0334164588528678
0.0399002493765586
0.0319201995012469
0.0209476309226933
0.0209476309226933
0.0219451371571072
0.0224438902743142
0.0149625935162095
0.0329177057356609
0.0224438902743142
0.0179551122194514
0.0234413965087282
0.0219451371571072
0.0154613466334165
0.0209476309226933
0.028927680798005
0.0254364089775561
0.0214463840399002
0.0244389027431421
0.0224438902743142
0.0254364089775561
0.0234413965087282
0.0229426433915212
0.029925187032419
0.0189526184538653
0.0269326683291771
0.0309226932668329
0.027930174563591
0.0389027431421446
0.0174563591022444
0.027431421446384
0.0269326683291771
0.0249376558603491
0.0334164588528678
0.0244389027431421
0.0209476309226933
0.0214463840399002
0.0179551122194514
0.0433915211970075
0.0189526184538653
0.0179551122194514
0.0184538653366584
0.0239401496259352
0.0229426433915212
0.0219451371571072
0.0214463840399002
0.0214463840399002
0.0179551122194514
0.0199501246882793
0.0224438902743142
0.0189526184538653
0.0174563591022444
0.0204488778054863
0.0169576059850374
0.0413965087281795
0.0199501246882793
0.027431421446384
0.028428927680798
0.0234413965087282
0.0254364089775561
0.0224438902743142
0.0219451371571072
0.0234413965087282
0.0239401496259352
0.028927680798005
0.0394014962593516
0.0453865336658354
0.0329177057356609
0.0229426433915212
0.0249376558603491
0.0518703241895262
0.0234413965087282
0.0204488778054863
0.0224438902743142
0.0214463840399002
0.0164588528678304
0.0369077306733167
0.028428927680798
0.0204488778054863
0.0219451371571072
0.0339152119700748
0.0443890274314214
0.0224438902743142
0.0219451371571072
0.0209476309226933
0.0239401496259352
0.0244389027431421
0.0209476309226933
0.0259351620947631
0.0204488778054863
0.0209476309226933
0.0209476309226933
0.0199501246882793
0.0229426433915212
0.0229426433915212
0.0239401496259352
0.0244389027431421
0.0254364089775561
0.0224438902743142
0.0244389027431421
0.0244389027431421
0.0224438902743142
0.0224438902743142
0.0234413965087282
0.0199501246882793
0.0224438902743142
0.0224438902743142
0.0234413965087282
0.0329177057356609
0.0224438902743142
0.0249376558603491
0.0239401496259352
0.0224438902743142
0.0219451371571072
0.0199501246882793
0.0229426433915212
0.0259351620947631
0.0239401496259352
0.0219451371571072
0.0224438902743142
0.0204488778054863
0.0229426433915212
0.0224438902743142
0.0234413965087282
0.0214463840399002
0.0219451371571072
0.028927680798005
0.0219451371571072
0.0264339152119701
0.0189526184538653
0.029925187032419
0.0184538653366584
0.028428927680798
0.0234413965087282
0.0194513715710723
0.028428927680798
0.0234413965087282
0.027930174563591
0.0229426433915212
0.0309226932668329
0.0269326683291771
0.0219451371571072
0.0239401496259352
0.0214463840399002
0.0269326683291771
0.0214463840399002
0.0189526184538653
0.0244389027431421
0.0239401496259352
0.0359102244389027
0.0184538653366584
0.0224438902743142
0.0189526184538653
0.0239401496259352
0.0189526184538653
0.0239401496259352
0.0224438902743142
0.029426433915212
0.0224438902743142
0.0249376558603491
0.0199501246882793
0.0184538653366584
0.0219451371571072
0.0229426433915212
0.0214463840399002
0.029925187032419
0.0244389027431421
0.0264339152119701
0.0214463840399002
0.029426433915212
0.0229426433915212
0.0329177057356609
0.0344139650872818
0.0229426433915212
0.0339152119700748
0.0154613466334165
0.0239401496259352
0.0229426433915212
0.0249376558603491
0.0164588528678304
0.0229426433915212
0.0234413965087282
0.0174563591022444
0.0408977556109726
0.0189526184538653
0.0199501246882793
0.0254364089775561
0.0224438902743142
0.0174563591022444
0.0164588528678304
0.0209476309226933
0.0204488778054863
0.0413965087281795
0.0244389027431421
0.0269326683291771
0.0164588528678304
0.0229426433915212
0.0204488778054863
0.0219451371571072
0.0184538653366584
0.0219451371571072
0.0194513715710723
0.0214463840399002
0.0264339152119701
0.028428927680798
0.028428927680798
0.0214463840399002
0.0219451371571072
0.0408977556109726
0.0244389027431421
0.0224438902743142
0.0473815461346633
0.0249376558603491
0.0219451371571072
0.0533665835411471
0.0239401496259352
0.0239401496259352
0.0349127182044888
0.0384039900249377
0.027930174563591
0.0234413965087282
0.0194513715710723
0.0204488778054863
0.0224438902743142
0.0224438902743142
0.0229426433915212
0.0234413965087282
0.0448877805486284
0.0229426433915212
0.0214463840399002
0.0179551122194514
0.0184538653366584
0.0364089775561097
0.0184538653366584
0.0324189526184539
0.0234413965087282
0.0269326683291771
0.0523690773067332
0.0239401496259352
0.0259351620947631
0.0239401496259352
0.0259351620947631
0.0209476309226933
0.0234413965087282
0.0214463840399002
0.0239401496259352
0.0219451371571072
0.0174563591022444
0.0124688279301746
0.027930174563591
0.0319201995012469
0.0264339152119701
0.0149625935162095
0.0239401496259352
0.0334164588528678
0.0204488778054863
0.0329177057356609
0.0468827930174564
0.0359102244389027
0.0209476309226933
0.0588528678304239
0.0269326683291771
0.0413965087281795
0.0254364089775561
0.0234413965087282
0.0269326683291771
0.0413965087281795
0.0254364089775561
0.0249376558603491
0.0229426433915212
0.0259351620947631
0.0244389027431421
0.0269326683291771
0.0219451371571072
0.0259351620947631
0.0184538653366584
0.027930174563591
0.0189526184538653
0.0229426433915212
0.0219451371571072
0.0204488778054863
0.0209476309226933
0.0219451371571072
0.0164588528678304
0.0199501246882793
0.0244389027431421
0.0199501246882793
0.0264339152119701
0.0174563591022444
0.0239401496259352
0.0214463840399002
0.0199501246882793
0.027930174563591
0.0234413965087282
0.0259351620947631
0.0249376558603491
0.0219451371571072
0.056857855361596
0.0428927680798005
0.0194513715710723
0.027930174563591
0.0443890274314214
0.0339152119700748
0.0349127182044888
0.0339152119700748
0.0329177057356609
0.0319201995012469
0.0428927680798005
0.0314214463840399
0.0598503740648379
0.0354114713216958
0.0339152119700748
0.0319201995012469
0.0304239401496259
0.0259351620947631
0.0344139650872818
0.0319201995012469
0.0229426433915212
0.027930174563591
0.0269326683291771
0.0239401496259352
0.0304239401496259
0.027930174563591
0.029426433915212
0.0264339152119701
0.0369077306733167
0.0224438902743142
0.0264339152119701
0.0408977556109726
0.0304239401496259
0.0379052369077307
0.0304239401496259
0.0408977556109726
0.0304239401496259
0.0314214463840399
0.055860349127182
0.0334164588528678
0.0309226932668329
0.0408977556109726
0.027431421446384
0.0548628428927681
0.0304239401496259
0.029426433915212
0.028927680798005
0.0314214463840399
0.029925187032419
0.0488778054862843
0.0408977556109726
0.0254364089775561
0.027930174563591
0.028428927680798
0.0369077306733167
0.027431421446384
0.029925187032419
0.057356608478803
0.027930174563591
0.0269326683291771
0.0379052369077307
0.0234413965087282
0.0359102244389027
0.0354114713216958
0.028428927680798
0.028927680798005
0.0309226932668329
0.0364089775561097
0.0329177057356609
0.0334164588528678
0.0249376558603491
0.0413965087281795
0.0453865336658354
0.0244389027431421
0.0448877805486284
0.0384039900249377
0.0428927680798005
0.0329177057356609
0.027930174563591
0.0329177057356609
0.0418952618453865
0.056359102244389
0.0304239401496259
0.0319201995012469
0.0209476309226933
0.0219451371571072
0.0349127182044888
0.0369077306733167
0.0403990024937656
0.0254364089775561
0.029426433915212
0.0329177057356609
0.0408977556109726
0.0314214463840399
0.0314214463840399
0.0369077306733167
0.0249376558603491
0.028428927680798
0.029426433915212
0.0384039900249377
0.0374064837905237
0.0473815461346633
0.0389027431421446
0.028927680798005
0.0418952618453865
0.0399002493765586
0.0374064837905237
0.0314214463840399
0.0234413965087282
0.0244389027431421
0.0209476309226933
0.0329177057356609
0.0448877805486284
0.0304239401496259
0.0359102244389027
0.0224438902743142
0.0249376558603491
0.0204488778054863
0.0403990024937656
0.0473815461346633
0.0254364089775561
0.0259351620947631
0.0453865336658354
0.0269326683291771
0.0453865336658354
0.0399002493765586
0.0423940149625935
0.0403990024937656
0.0354114713216958
0.0259351620947631
0.029426433915212
0.0349127182044888
0.0244389027431421
0.0324189526184539
0.028927680798005
0.0264339152119701
0.0249376558603491
0.0324189526184539
0.027431421446384
0.0359102244389027
0.0254364089775561
0.028428927680798
0.0224438902743142
0.028428927680798
0.0304239401496259
0.0408977556109726
0.0224438902743142
0.0369077306733167
0.027930174563591
0.0443890274314214
0.028428927680798
0.0503740648379052
0.0249376558603491
0.0229426433915212
0.0249376558603491
0.0174563591022444
0.029925187032419
0.0214463840399002
0.0244389027431421
0.0518703241895262
0.0518703241895262
0.0254364089775561
0.0304239401496259
0.0324189526184539
0.029925187032419
0.0269326683291771
0.0339152119700748
0.0403990024937656
0.0399002493765586
0.0314214463840399
0.028927680798005
0.0319201995012469
0.0339152119700748
0.027930174563591
0.028428927680798
0.0428927680798005
0.0473815461346633
0.0194513715710723
0.029426433915212
0.0219451371571072
0.0438902743142145
0.028927680798005
0.0413965087281795
0.0269326683291771
0.0458852867830424
0.0344139650872818
0.0259351620947631
0.0339152119700748
0.0418952618453865
0.0428927680798005
0.0249376558603491
0.0259351620947631
0.0189526184538653
0.0254364089775561
0.0224438902743142
0.0478802992518703
0.0269326683291771
0.0154613466334165
0.029426433915212
0.027431421446384
0.0344139650872818
0.0264339152119701
0.029426433915212
0.029426433915212
0.0513715710723192
0.0154613466334165
0.0194513715710723
0.029925187032419
0.0189526184538653
0.029925187032419
0.027930174563591
0.0493765586034913
0.027930174563591
0.0339152119700748
0.0453865336658354
0.0453865336658354
0.0453865336658354
0.0438902743142145
0.0418952618453865
0.0379052369077307
0.0384039900249377
0.027431421446384
0.0324189526184539
0.0304239401496259
0.0453865336658354
0.028428927680798
0.0423940149625935
0.0304239401496259
0.0239401496259352
0.0244389027431421
0.0214463840399002
0.0209476309226933
0.0264339152119701
0.0249376558603491
0.0269326683291771
0.028428927680798
0.0259351620947631
0.0269326683291771
0.0234413965087282
0.028428927680798
0.0359102244389027
0.0259351620947631
0.0269326683291771
0.0309226932668329
0.028428927680798
0.0319201995012469
0.0319201995012469
0.0319201995012469
0.029925187032419
0.0304239401496259
0.0269326683291771
0.0254364089775561
0.0264339152119701
0.027431421446384
0.0234413965087282
0.0309226932668329
0.0334164588528678
0.0324189526184539
0.0239401496259352
0.028927680798005
0.0329177057356609
0.0329177057356609
0.0344139650872818
0.0319201995012469
0.0329177057356609
0.0304239401496259
0.029925187032419
0.0319201995012469
0.0384039900249377
0.0329177057356609
0.0314214463840399
0.0334164588528678
0.0354114713216958
0.0314214463840399
0.0498753117206983
0.0344139650872818
0.0374064837905237
0.0623441396508728
0.0269326683291771
0.029426433915212
0.028428927680798
0.028927680798005
0.0209476309226933
0.0234413965087282
0.0219451371571072
0.029426433915212
0.0334164588528678
0.0244389027431421
0.0249376558603491
0.027930174563591
0.0344139650872818
0.0319201995012469
0.0339152119700748
0.028428927680798
0.028428927680798
0.0533665835411471
0.028428927680798
0.0264339152119701
0.0264339152119701
0.0249376558603491
0.0553615960099751
0.0199501246882793
0.0239401496259352
0.0359102244389027
0.0259351620947631
0.0344139650872818
0.0314214463840399
0.0438902743142145
0.0264339152119701
0.0304239401496259
0.0304239401496259
0.0264339152119701
0.027930174563591
0.0269326683291771
0.0214463840399002
0.0553615960099751
0.027930174563591
0.0269326683291771
0.0364089775561097
0.0369077306733167
0.0254364089775561
0.028428927680798
0.027431421446384
0.0359102244389027
0.027431421446384
0.0334164588528678
0.0339152119700748
0.027930174563591
0.0269326683291771
0.0339152119700748
0.027431421446384
0.0354114713216958
0.0259351620947631
0.0329177057356609
0.0324189526184539
0.0324189526184539
0.028428927680798
0.029426433915212
0.028428927680798
0.0329177057356609
0.0364089775561097
0.0309226932668329
0.0314214463840399
0.0209476309226933
0.0229426433915212
0.0344139650872818
0.028428927680798
0.0214463840399002
0.0269326683291771
0.0204488778054863
0.0543640897755611
0.0214463840399002
0.0209476309226933
0.0319201995012469
0.027930174563591
0.0264339152119701
0.028428927680798
0.0229426433915212
0.0304239401496259
0.0369077306733167
0.0249376558603491
0.0349127182044888
0.0269326683291771
0.027431421446384
0.0334164588528678
0.0329177057356609
0.0344139650872818
0.0324189526184539
0.028428927680798
0.0304239401496259
0.0389027431421446
0.0229426433915212
0.0339152119700748
0.027930174563591
0.029925187032419
0.028927680798005
0.0254364089775561
0.029426433915212
0.029426433915212
0.027930174563591
0.0254364089775561
0.0364089775561097
0.0389027431421446
0.0254364089775561
0.0354114713216958
0.029426433915212
0.0189526184538653
0.0214463840399002
0.0379052369077307
0.0164588528678304
0.0189526184538653
0.0169576059850374
0.0219451371571072
0.0199501246882793
0.0174563591022444
0.0174563591022444
0.0144638403990025
0.028927680798005
0.0314214463840399
0.027431421446384
0.0269326683291771
0.0214463840399002
0.027431421446384
0.0309226932668329
0.0269326683291771
0.0329177057356609
0.0314214463840399
0.028927680798005
0.0214463840399002
0.0269326683291771
0.0214463840399002
0.0219451371571072
0.0174563591022444
0.0264339152119701
0.0309226932668329
0.0309226932668329
0.029925187032419
0.029925187032419
0.028428927680798
0.0169576059850374
0.029925187032419
0.0269326683291771
0.027930174563591
0.0309226932668329
0.027431421446384
0.0309226932668329
0.0249376558603491
0.0314214463840399
0.0309226932668329
0.029925187032419
0.0309226932668329
0.029426433915212
0.0314214463840399
0.0204488778054863
0.0229426433915212
0.0374064837905237
0.0219451371571072
0.0229426433915212
0.0209476309226933
0.0359102244389027
0.0254364089775561
0.0199501246882793
0.0239401496259352
0.0264339152119701
0.0239401496259352
0.028927680798005
0.0259351620947631
0.0359102244389027
0.029925187032419
0.0334164588528678
0.0234413965087282
0.0334164588528678
0.0264339152119701
0.0344139650872818
0.0264339152119701
0.0329177057356609
0.0314214463840399
0.0384039900249377
0.0229426433915212
0.0204488778054863
0.0334164588528678
0.0463840399002494
0.0204488778054863
0.028927680798005
0.0264339152119701
0.0463840399002494
0.0468827930174564
0.027431421446384
0.0219451371571072
0.0319201995012469
0.0214463840399002
0.0184538653366584
0.0169576059850374
0.0204488778054863
0.029925187032419
0.0264339152119701
0.0179551122194514
0.0199501246882793
0.0199501246882793
0.0179551122194514
0.027930174563591
0.0324189526184539
0.0224438902743142
0.0214463840399002
0.0179551122194514
0.0408977556109726
0.0229426433915212
0.0224438902743142
0.0244389027431421
0.0239401496259352
0.0249376558603491
0.0194513715710723
0.0448877805486284
0.0224438902743142
0.0194513715710723
0.0304239401496259
0.0214463840399002
0.0518703241895262
0.027431421446384
0.0234413965087282
0.0254364089775561
0.027431421446384
0.0239401496259352
0.0269326683291771
0.0249376558603491
0.0224438902743142
0.0354114713216958
0.0344139650872818
0.028428927680798
0.0219451371571072
0.0244389027431421
0.0239401496259352
0.027930174563591
0.0389027431421446
0.0399002493765586
0.0239401496259352
0.0174563591022444
0.0219451371571072
0.0209476309226933
0.0224438902743142
0.0244389027431421
0.0249376558603491
0.0264339152119701
0.0189526184538653
0.0189526184538653
0.0259351620947631
0.0234413965087282
0.0244389027431421
0.0164588528678304
0.0309226932668329
0.0219451371571072
0.0239401496259352
0.0244389027431421
0.0209476309226933
0.0249376558603491
0.0184538653366584
0.0254364089775561
0.0204488778054863
0.027930174563591
0.027930174563591
0.0199501246882793
0.0219451371571072
0.0194513715710723
0.0219451371571072
0.0304239401496259
0.0184538653366584
0.0244389027431421
0.0379052369077307
0.0264339152119701
0.0334164588528678
0.0249376558603491
0.027930174563591
0.0194513715710723
0.0214463840399002
0.0259351620947631
0.029426433915212
0.0229426433915212
0.0174563591022444
0.0189526184538653
0.0468827930174564
0.0234413965087282
0.0219451371571072
0.0399002493765586
0.029426433915212
0.0219451371571072
0.0269326683291771
0.0189526184538653
0.0219451371571072
0.0194513715710723
0.0219451371571072
0.0229426433915212
0.0254364089775561
0.0204488778054863
0.0229426433915212
0.0199501246882793
0.0189526184538653
0.027431421446384
0.028428927680798
0.0264339152119701
0.027431421446384
0.029426433915212
0.0319201995012469
0.027930174563591
0.0184538653366584
0.028927680798005
0.027431421446384
0.0244389027431421
0.0369077306733167
0.0224438902743142
0.027431421446384
0.0189526184538653
0.0329177057356609
0.0194513715710723
0.029426433915212
0.0169576059850374
0.028927680798005
0.0319201995012469
0.029426433915212
0.0319201995012469
0.029426433915212
0.027930174563591
0.0239401496259352
0.0329177057356609
0.0309226932668329
0.029426433915212
0.0264339152119701
0.0244389027431421
0.0309226932668329
0.0254364089775561
0.0194513715710723
0.0169576059850374
0.0199501246882793
0.0204488778054863
0.0339152119700748
0.0309226932668329
0.0244389027431421
0.0269326683291771
0.0239401496259352
0.0259351620947631
0.0249376558603491
0.0234413965087282
0.029426433915212
0.028428927680798
0.029925187032419
0.0219451371571072
0.0244389027431421
0.0269326683291771
0.0309226932668329
0.028428927680798
0.0269326683291771
0.0314214463840399
0.0214463840399002
0.0194513715710723
0.0214463840399002
0.0194513715710723
0.0189526184538653
0.0209476309226933
0.0319201995012469
0.0189526184538653
0.0339152119700748
0.0229426433915212
0.0264339152119701
0.0229426433915212
0.0314214463840399
0.0249376558603491
0.027930174563591
0.0364089775561097
0.028428927680798
0.0229426433915212
0.0309226932668329
0.0339152119700748
0.027431421446384
0.0219451371571072
0.0309226932668329
0.028428927680798
0.0349127182044888
0.0349127182044888
0.0179551122194514
0.0179551122194514
0.0334164588528678
0.0189526184538653
0.0314214463840399
0.0364089775561097
0.0204488778054863
0.0219451371571072
0.0309226932668329
0.0214463840399002
0.0244389027431421
0.0194513715710723
0.029925187032419
0.0254364089775561
0.0214463840399002
0.0229426433915212
0.0249376558603491
0.0229426433915212
0.028927680798005
0.0234413965087282
0.0269326683291771
0.0209476309226933
0.0224438902743142
0.0199501246882793
0.027930174563591
0.0209476309226933
0.0174563591022444
0.0194513715710723
0.0269326683291771
0.0259351620947631
0.027930174563591
0.0184538653366584
0.029925187032419
0.0234413965087282
0.0259351620947631
0.0169576059850374
0.0169576059850374
0.0184538653366584
0.0164588528678304
0.0239401496259352
0.0209476309226933
0.0219451371571072
0.0214463840399002
0.0214463840399002
0.0229426433915212
0.0304239401496259
0.029426433915212
0.0304239401496259
0.0259351620947631
0.0229426433915212
0.0254364089775561
0.0254364089775561
0.0269326683291771
0.0204488778054863
0.0189526184538653
0.0234413965087282
0.0214463840399002
0.0179551122194514
0.0229426433915212
0.0174563591022444
0.028428927680798
0.029925187032419
0.0314214463840399
0.0224438902743142
0.0214463840399002
0.0269326683291771
0.0319201995012469
0.0219451371571072
0.0169576059850374
0.0154613466334165
0.0149625935162095
0.0169576059850374
0.0179551122194514
0.0249376558603491
0.0209476309226933
0.0174563591022444
0.0244389027431421
0.0179551122194514
0.0219451371571072
0.027930174563591
0.0254364089775561
0.0194513715710723
0.0214463840399002
0.0224438902743142
0.0259351620947631
0.0219451371571072
0.029925187032419
0.0234413965087282
0.0234413965087282
0.0219451371571072
0.0304239401496259
0.0174563591022444
0.0189526184538653
0.0204488778054863
0.027930174563591
0.0204488778054863
0.0234413965087282
0.0204488778054863
0.0234413965087282
0.028927680798005
0.0164588528678304
0.0269326683291771
0.0169576059850374
0.0169576059850374
0.0229426433915212
0.0209476309226933
0.0184538653366584
0.0179551122194514
0.0219451371571072
0.0304239401496259
0.0229426433915212
0.0199501246882793
0.0219451371571072
0.0204488778054863
0.0229426433915212
0.0174563591022444
0.0204488778054863
0.0224438902743142
0.0184538653366584
0.0224438902743142
0.0184538653366584
0.0214463840399002
0.0244389027431421
0.0214463840399002
0.0239401496259352
0.0224438902743142
0.0204488778054863
0.0179551122194514
0.0209476309226933
0.0179551122194514
0.0174563591022444
0.0174563591022444
0.0199501246882793
0.0179551122194514
0.0239401496259352
0.0189526184538653
0.0189526184538653
0.0169576059850374
0.0189526184538653
0.0159600997506234
0.0164588528678304
0.0169576059850374
0.0179551122194514
0.0149625935162095
0.0149625935162095
0.0179551122194514
0.0144638403990025
0.0144638403990025
0.0164588528678304
0.0144638403990025
0.0139650872817955
0.0169576059850374
0.0164588528678304
0.0204488778054863
0.0214463840399002
0.0249376558603491
0.0189526184538653
0.0199501246882793
0.0194513715710723
0.0199501246882793
0.0249376558603491
0.0184538653366584
0.0224438902743142
0.0179551122194514
0.0174563591022444
0.0154613466334165
0.0159600997506234
0.0169576059850374
0.0209476309226933
0.0164588528678304
0.0164588528678304
0.0254364089775561
0.0169576059850374
0.0199501246882793
0.0144638403990025
0.0169576059850374
0.0199501246882793
0.0194513715710723
0.0174563591022444
0.0209476309226933
0.0199501246882793
0.0209476309226933
0.0139650872817955
0.0184538653366584
0.0179551122194514
0.0219451371571072
0.0214463840399002
0.0214463840399002
0.0179551122194514
0.0189526184538653
0.0159600997506234
0.0189526184538653
0.0249376558603491
0.0199501246882793
0.0164588528678304
0.0169576059850374
0.0189526184538653
0.0164588528678304
0.0194513715710723
0.0159600997506234
0.0179551122194514
0.0164588528678304
0.0164588528678304
0.0169576059850374
0.0229426433915212
0.0189526184538653
0.0179551122194514
0.0169576059850374
0.0184538653366584
0.0204488778054863
0.0164588528678304
0.0179551122194514
0.0144638403990025
0.0309226932668329
0.0159600997506234
0.0154613466334165
0.0189526184538653
0.0144638403990025
0.0144638403990025
0.0174563591022444
0.0139650872817955
0.0194513715710723
0.028428927680798
0.0194513715710723
0.0154613466334165
0.0109725685785536
0.0139650872817955
0.0109725685785536
0.0144638403990025
0.0129675810473815
0.0154613466334165
0.0129675810473815
0.0154613466334165
0.0164588528678304
0.0114713216957606
0.0149625935162095
0.0129675810473815
0.0124688279301746
0.0129675810473815
0.0164588528678304
0.0169576059850374
0.0129675810473815
0.0104738154613466
0.0114713216957606
0.0104738154613466
0.0104738154613466
0.0129675810473815
0.00997506234413965
0.0109725685785536
0.0154613466334165
0.0124688279301746
0.0109725685785536
0.00997506234413965
0.0139650872817955
0.0129675810473815
0.0149625935162095
0.0169576059850374
0.0159600997506234
0.0109725685785536
0.0139650872817955
0.0154613466334165
0.0189526184538653
0.0124688279301746
0.0134663341645885
0.0114713216957606
0.0124688279301746
0.0199501246882793
0.0204488778054863
0.00897755610972569
0.0179551122194514
0.0119700748129676
0.0114713216957606
0.00798004987531172
0.0134663341645885
0.0144638403990025
0.0109725685785536
0.0109725685785536
0.0139650872817955
0.0139650872817955
0.0129675810473815
0.0199501246882793
0.0139650872817955
0.0119700748129676
0.0179551122194514
0.0129675810473815
0.0119700748129676
0.0139650872817955
0.0144638403990025
0.0184538653366584
0.0144638403990025
0.0134663341645885
0.0164588528678304
0.0139650872817955
0.0159600997506234
0.0119700748129676
0.0189526184538653
0.0134663341645885
0.0109725685785536
0.0109725685785536
0.0144638403990025
0.0139650872817955
0.0149625935162095
0.0174563591022444
0.0169576059850374
0.0124688279301746
0.0114713216957606
0.0139650872817955
0.0129675810473815
0.0114713216957606
0.0109725685785536
0.0134663341645885
0.0114713216957606
0.0129675810473815
0.0134663341645885
0.0129675810473815
0.0119700748129676
0.0119700748129676
0.0129675810473815
0.0134663341645885
0.0114713216957606
0.00997506234413965
0.0114713216957606
0.0114713216957606
0.00947630922693267
0.00997506234413965
0.0109725685785536
0.0104738154613466
0.0129675810473815
0.0114713216957606
0.00698254364089776
0.0119700748129676
0.00897755610972569
0.0124688279301746
0.00997506234413965
0.0109725685785536
0.00997506234413965
0.00997506234413965
0.0109725685785536
0.0109725685785536
0.00997506234413965
0.0129675810473815
0.0129675810473815
0.00748129675810474
0.0119700748129676
0.0084788029925187
0.0109725685785536
0.0109725685785536
0.00997506234413965
0.0114713216957606
0.00997506234413965
0.00947630922693267
0.00947630922693267
0.0084788029925187
0.00897755610972569
0.0114713216957606
0.0084788029925187
0.00798004987531172
0.00897755610972569
0.00897755610972569
0.00897755610972569
0.00947630922693267
0.00947630922693267
0.0114713216957606
0.00897755610972569
0.00947630922693267
0.00997506234413965
0.0139650872817955
0.00997506234413965
0.00947630922693267
0.00997506234413965
0.00698254364089776
0.0114713216957606
0.0109725685785536
0.00698254364089776
0.0104738154613466
0.00997506234413965
0.0119700748129676
0.0114713216957606
0.0124688279301746
0.0134663341645885
0.0124688279301746
0.0119700748129676
0.0109725685785536
0.0114713216957606
0.0109725685785536
0.00648379052369077
0.0109725685785536
0.0114713216957606
0.0109725685785536
0.0104738154613466
0.00997506234413965
0.0119700748129676
0.0109725685785536
0.00947630922693267
0.0104738154613466
0.0109725685785536
0.00947630922693267
0.0084788029925187
0.00997506234413965
0.0119700748129676
0.0114713216957606
0.0109725685785536
0.0104738154613466
0.00897755610972569
0.0144638403990025
0.0114713216957606
0.00897755610972569
0.00897755610972569
0.0109725685785536
0.0084788029925187
0.00798004987531172
0.00947630922693267
0.0109725685785536
0.00897755610972569
0.00798004987531172
0.0119700748129676
0.0129675810473815
0.00997506234413965
0.00947630922693267
0.0119700748129676
0.00947630922693267
0.00897755610972569
0.0134663341645885
0.0104738154613466
0.00947630922693267
0.0109725685785536
0.0114713216957606
0.0109725685785536
0.00997506234413965
0.00798004987531172
0.00748129675810474
0.00748129675810474
0.00648379052369077
0.00748129675810474
0.0084788029925187
0.00748129675810474
0.00648379052369077
0.00798004987531172
0.00698254364089776
0.00648379052369077
0.00648379052369077
0.00548628428927681
0.00698254364089776
0.00399002493765586
0.00798004987531172
0.0084788029925187
0.00748129675810474
0.00448877805486284
0.00798004987531172
0.00498753117206983
0.0084788029925187
0.00748129675810474
0.00798004987531172
0.00748129675810474
0.00648379052369077
0.00349127182044888
0.0029925187032419
0.00249376558603491
0.00498753117206983
0.0084788029925187
0.00698254364089776
0.00698254364089776
0.00897755610972569
0.00698254364089776
0.00698254364089776
0.00648379052369077
0.00798004987531172
0.00748129675810474
0.0084788029925187
0.00648379052369077
0.00498753117206983
0.00648379052369077
0.00548628428927681
0.00399002493765586
0.00548628428927681
0.00748129675810474
0.00748129675810474
0.00548628428927681
0.00798004987531172
0.0084788029925187
0.00399002493765586
0.00548628428927681
0.00798004987531172
0.00798004987531172
0.00548628428927681
0.00548628428927681
0.00648379052369077
0.00748129675810474
0.0084788029925187
0.00748129675810474
0.00798004987531172
0.00798004987531172
0.00798004987531172
0.00798004987531172
0.00798004987531172
0.00748129675810474
0.00349127182044888
0.00598503740648379
0.00748129675810474
0.00448877805486284
0.00448877805486284
0.00748129675810474
0.00448877805486284
0.00498753117206983
0.00748129675810474
0.00648379052369077
0.00698254364089776
0.00648379052369077
0.00648379052369077
0.00648379052369077
0.00448877805486284
0.00548628428927681
0.00598503740648379
0.0084788029925187
0.0084788029925187
0.00748129675810474
0.00748129675810474
0.00748129675810474
0.00548628428927681
0.00598503740648379
0.00748129675810474
0.00748129675810474
0.00598503740648379
0.00748129675810474
0.00648379052369077
0.00748129675810474
0.00648379052369077
0.00698254364089776
0.00648379052369077
0.00598503740648379
0.0084788029925187
0.00399002493765586
0.00349127182044888
0.0029925187032419
0.00399002493765586
0.00249376558603491
0.00249376558603491
0.00249376558603491
