1
0
2
24
25
26
27
20
21
22
23
28
29
4
8
59
58
55
54
57
56
51
50
53
52
88
89
82
83
80
81
86
87
84
85
3
7
39
38
33
32
31
30
37
36
35
34
60
61
62
63
64
65
66
67
68
69
6
91
90
93
92
95
94
97
96
11
10
13
12
15
14
17
16
19
18
48
49
46
47
44
45
42
43
40
41
77
76
75
74
73
72
71
70
79
78
165
133
132
131
130
137
136
135
134
139
138
161
163
119
120
121
122
123
124
125
126
127
128
129
164
146
199
198
147
195
194
197
178
191
190
193
192
115
114
116
111
110
113
112
118
177
108
109
102
103
100
101
106
107
104
105
176
179
175
174
173
172
171
170
182
183
180
181
162
187
184
186
188
189
202
196
185
99
98
168
169
166
167
160
117
151
150
153
152
155
154
157
156
159
158
201
200
144
145
142
143
140
141
148
149
216
217
215
212
213
210
211
264
265
218
219
225
223
222
289
281
283
282
285
284
287
286
258
262
260
269
268
224
214
259
298
299
296
297
294
295
292
293
290
291
270
277
251
256
206
254
247
273
276
255
301
245
244
241
240
243
242
248
246
271
252
257
203
272
288
249
253
220
221
229
228
226
274
275
278
238
239
227
279
234
235
236
237
230
231
232
233
280
300
9
205
204
207
209
208
263
261
250
267
266
344
346
347
340
341
342
343
348
349
339
338
335
334
337
336
331
330
333
332
345
407
406
405
404
403
402
401
400
409
408
379
378
371
370
373
372
375
374
377
376
393
392
397
396
395
394
399
322
323
320
321
326
327
324
325
328
329
414
415
410
411
412
413
319
318
313
312
311
310
317
316
315
314
368
369
366
367
364
365
362
363
360
361
380
381
382
383
384
385
386
387
388
389
357
356
355
354
353
352
351
350
359
358
308
309
302
303
304
305
306
307
391
390
398
449
448
443
442
441
440
447
446
445
444
438
439
436
437
434
435
432
433
430
431
498
494
495
490
491
492
493
458
459
450
451
452
453
454
455
456
457
416
417
418
419
499
496
497
508
509
506
507
504
505
502
503
500
501
469
468
465
464
467
466
461
460
463
462
429
428
421
420
423
422
425
424
427
426
489
488
487
486
485
484
483
482
481
480
472
473
470
471
476
477
474
475
478
479
594
591
590
593
592
595
597
596
524
525
526
527
520
521
522
523
599
528
529
601
559
558
555
554
557
556
551
550
553
552
586
587
584
585
582
583
580
581
588
589
519
518
511
510
513
512
515
514
517
516
598
542
543
540
541
546
547
544
545
548
549
579
578
604
573
572
571
570
577
576
575
574
600
603
602
537
536
535
533
532
531
530
539
538
534
568
569
560
561
562
563
564
565
566
567
641
640
643
642
645
644
614
619
612
613
610
611
616
617
689
688
685
684
687
686
681
680
683
682
623
622
629
618
607
615
621
620
627
626
625
624
628
657
654
656
651
652
658
659
650
655
669
668
667
666
665
664
663
662
661
660
653
692
690
691
630
631
632
633
634
636
637
639
647
646
649
648
678
679
674
675
676
677
670
671
672
673
605
606
609
608
635
638
719
718
717
716
715
714
713
712
711
710
736
744
745
748
749
740
741
742
743
746
747
708
709
704
705
706
707
700
701
702
703
797
796
795
794
793
792
791
790
799
798
753
752
756
759
775
770
772
779
778
804
693
696
697
694
695
698
699
764
784
785
786
787
780
781
782
783
788
789
731
730
733
732
735
734
739
803
802
801
800
807
806
805
768
769
762
763
760
761
766
767
765
774
777
776
771
773
751
750
757
737
755
754
758
738
726
727
724
725
722
723
720
721
728
729
818
819
810
811
812
813
815
816
817
915
916
911
913
912
902
903
900
901
906
907
904
905
908
909
826
854
855
856
857
850
851
852
853
858
859
814
932
931
930
829
828
827
820
823
925
869
868
861
860
863
862
865
864
867
866
883
881
880
887
886
885
884
889
888
929
809
928
920
921
922
923
924
926
927
832
833
830
831
836
837
834
835
838
839
882
878
879
876
877
874
875
872
873
870
871
890
891
892
893
894
895
896
897
898
899
808
919
918
914
917
910
825
824
847
846
845
844
843
842
841
840
821
849
848
822
1014
1015
1016
1017
1011
1012
1013
1002
1000
1006
1005
1004
948
949
946
947
944
945
942
943
940
941
938
933
937
934
1009
1008
1007
1003
1001
977
976
975
974
973
972
971
970
979
978
1032
1043
1042
1041
1040
1047
1046
1045
1044
1049
1048
1018
1019
995
994
997
996
991
990
993
992
999
998
1026
1010
939
1031
1035
964
965
966
967
960
961
962
963
968
969
936
935
1033
988
989
982
983
980
981
986
987
984
985
1038
1039
1030
1025
1024
1027
1021
1020
1023
1022
1036
1029
1028
1037
1034
959
958
951
950
953
952
955
954
957
956
1144
1145
1159
1149
1069
1068
1061
1060
1063
1062
1065
1064
1067
1066
1086
1122
1123
1124
1139
1089
1127
1135
1120
1050
1051
1052
1053
1054
1055
1056
1057
1058
1059
1099
1174
1173
1172
1171
1170
1138
1133
1132
1131
1130
1137
1136
1134
1128
1085
1084
1083
1082
1080
1125
1148
1126
1088
1081
1151
1142
1143
1140
1141
1146
1147
1161
1162
1169
1129
1106
1107
1104
1105
1102
1103
1100
1101
1108
1109
1090
1091
1155
1154
1158
1157
1087
1150
1153
1152
1078
1079
1076
1077
1074
1075
1072
1073
1070
1071
1094
1095
1096
1097
1092
1093
1156
1098
1121
1164
1165
1166
1167
1160
1163
1168
1111
1110
1113
1112
1115
1114
1117
1116
1119
1118
1269
1268
1260
1267
1265
1258
1259
1234
1235
1236
1237
1230
1231
1232
1233
1238
1239
1243
1242
1245
1244
1247
1249
1199
1191
1193
1192
1195
1194
1197
1196
1177
1176
1175
1270
1272
1273
1274
1179
1277
1285
1284
1287
1286
1281
1280
1288
1190
1223
1222
1220
1278
1279
1271
1261
1276
1178
1227
1226
1225
1224
1221
1229
1228
1266
1283
1289
1263
1262
1264
1188
1189
1212
1213
1210
1211
1216
1217
1214
1215
1218
1219
1275
1241
1240
1246
1248
1198
1256
1257
1254
1255
1252
1253
1250
1251
1208
1282
1186
1187
1184
1185
1182
1183
1180
1181
1209
1205
1204
1207
1206
1200
1203
1202
1201
1359
1335
1334
1337
1336
1330
1333
1332
1329
1372
1352
1315
1314
1313
1351
1312
1310
1304
1305
1306
1300
1301
1302
1303
1308
1309
1317
1371
1370
1373
1375
1374
1377
1376
1379
1378
1343
1346
1347
1311
1298
1380
1381
1348
1340
1341
1342
1344
1345
1307
1316
1319
1318
1382
1383
1339
1338
1331
1358
1353
1357
1356
1355
1354
1299
1293
1322
1323
1326
1327
1324
1325
1320
1321
1328
1349
1292
1290
1291
1296
1297
1294
1295
1350
1366
1367
1364
1365
1362
1363
1360
1361
1368
1369
1399
1397
1396
1395
1455
1456
1409
1408
1403
1401
1406
1404
1459
1435
1439
1472
1473
1470
1471
1476
1477
1474
1475
1479
1450
1451
1452
1453
1483
1482
1481
1480
1487
1486
1485
1484
1488
1389
1384
1385
1386
1436
1437
1434
1432
1433
1430
1431
1438
1478
1469
1468
1465
1464
1467
1466
1461
1460
1463
1462
1402
1400
1407
1388
1405
1387
1398
1421
1420
1423
1422
1425
1424
1427
1426
1429
1428
1454
1457
1458
1448
1447
1442
1418
1419
1410
1411
1412
1413
1414
1415
1416
1392
1394
1393
1390
1417
1391
1445
1444
1446
1443
1440
1449
1441
1525
1527
1520
1566
1490
1491
1492
1493
1494
1495
1496
1498
1499
1567
1511
1531
1512
1539
1538
1522
1523
1519
1529
1573
1572
1571
1570
1577
1576
1575
1574
1497
1489
1535
1502
1503
1500
1501
1506
1507
1504
1505
1508
1509
1579
1578
1546
1547
1544
1545
1542
1543
1540
1541
1548
1549
1518
1532
1588
1582
1580
1581
1586
1587
1584
1585
1515
1514
1517
1516
1510
1513
1537
1536
1534
1533
1530
1568
1561
1560
1552
1562
1551
1550
1553
1555
1554
1557
1556
1559
1558
1565
1524
1526
1521
1528
1569
1589
1583
1595
1594
1596
1591
1590
1593
1592
1564
1563
1669
1668
1667
1666
1665
1664
1663
1662
1661
1660
1655
1623
1622
1621
1620
1627
1626
1625
1624
1629
1628
1692
1693
1690
1691
1658
1659
1652
1653
1650
1651
1656
1657
1654
1601
1600
1618
1619
1616
1617
1614
1615
1612
1610
1611
1681
1680
1683
1682
1685
1684
1687
1686
1689
1688
1679
1645
1644
1647
1646
1641
1640
1643
1642
1649
1648
1674
1675
1609
1608
1603
1602
1605
1604
1607
1606
1613
1678
1676
1677
1670
1671
1672
1673
1630
1631
1632
1633
1634
1635
1636
1637
1638
1639
1597
1599
1598
1759
1792
1791
1700
1701
1702
1703
1704
1705
1706
1707
1708
1709
1696
1697
1694
1695
1758
1757
1756
1755
1754
1753
1752
1698
1699
1751
1750
1713
1712
1711
1710
1717
1716
1715
1714
1719
1718
1739
1738
1730
1768
1769
1760
1761
1766
1767
1764
1765
1726
1727
1724
1725
1723
1720
1721
1728
1729
1722
1788
1789
1780
1781
1782
1783
1784
1785
1786
1787
1775
1774
1777
1776
1771
1770
1773
1772
1779
1778
1790
1731
1733
1732
1735
1734
1737
1736
1748
1749
1744
1745
1746
1747
1740
1741
1742
1743
1762
1763
1799
1798
1793
1797
1796
1795
1794
1849
1848
1843
1841
1840
1847
1846
1845
1889
1888
1887
1886
1885
1884
1883
1882
1881
1880
1832
1833
1830
1831
1836
1837
1834
1835
1838
1839
1828
1876
1877
1874
1875
1872
1873
1870
1871
1878
1879
1829
1825
1824
1827
1826
1821
1820
1823
1822
1861
1860
1863
1862
1865
1864
1867
1866
1869
1868
1844
1814
1815
1816
1817
1810
1811
1812
1813
1818
1819
1858
1859
1850
1851
1852
1853
1854
1855
1856
1857
1842
1894
1895
1896
1897
1890
1891
1892
1893
1807
1806
1805
1804
1803
1802
1801
1800
1809
1808
1948
1949
1942
1943
1940
1941
1946
1947
1944
1945
1991
1990
1993
1994
1996
1908
1909
1906
1907
1904
1905
1902
1903
1900
1901
1992
1995
1999
1998
1930
1955
1954
1957
1956
1951
1950
1953
1952
1959
1958
1984
1985
1982
1981
1997
1919
1918
1911
1910
1913
1912
1915
1914
1917
1916
1977
1976
1975
1973
1971
1970
1968
1969
1966
1960
1961
1920
1921
1922
1923
1924
1925
1926
1927
1928
1929
1986
1987
1980
1988
1979
1978
1974
1972
1964
1965
1967
1962
1963
1933
1932
1931
1937
1936
1935
1934
1939
1938
1983
1989
1898
1899
2002
2003
2000
2001
2006
2004
2005
