0.00147820637876722
6.15270638437766e-05
0.00469475159997164
0.000496264322984381
1.82651279555942e-06
0.00487050866415011
0.000961814261292192
0.00125327239757881
0.00867721601169292
1.41546892499711e-05
1.64026235287271e-05
0.000821428168104241
1.74534586562912e-05
0.000194379308534181
1.70326906745963e-05
0.00299506177884609
4.99830976532476e-06
1.03858689257881e-05
0.000818146868375854
7.80748668388296e-05
0.000974357459925555
0.000135166663986373
0.000203944688154913
0.000680034915269701
8.09587976345975e-06
5.88767994278635e-05
1.13524535834157e-05
1.9387370729183e-05
0.000315600332306264
0.00255638050030278
0.00151095781303298
0.0025586761342983
0.00614943094225374
1.24231998115645e-05
0.000378069501043891
0.00218373352202336
3.72600354551635e-06
0.00243013325119409
3.98290166990062e-05
0.000207264293644384
3.91964942564373e-05
0.000108281421657108
2.42020731833475e-05
6.06762727559047e-05
0.000245523663343474
1.14614639278661e-05
0.000141283080349181
0.000221097443089918
0.00196552706331969
0.000102310790287565
1.63996516197312e-05
0.000217714744162784
0.000253855471647468
7.29578679253382e-06
6.18351852357221e-06
0.00390764367560191
4.25677602357666e-05
7.75794953280178e-05
1.03056064494595e-05
0.000213724684112783
1.25259706084573e-05
0.00139807800749744
0.0718306510178954
0
0.000169799881462739
0.000656569299825753
0.000592402000547515
0.00203378764738587
8.9094010892821e-05
0.000225573796355209
0.000110704767021541
0.00152915279234163
2.89563017748262e-05
0.000139785876308105
0.00747291237877239
0.00494849622224787
6.40463013893725e-07
0.00441108274988487
2.30560009750051e-05
0.00102797071201402
0.00243998848910718
5.23411905657267e-06
2.11001796672499e-05
1.65819121202322e-05
0.000169256222353597
0.000311691639644922
0.00028531581623638
0.00112748120591965
0.000196438822458092
0.000125396059614409
0.000195079138288719
0.000155947166815964
8.48307188995598e-05
0.000314659668864189
1.76205479683525e-06
7.9358595242014e-05
7.48053020846401e-05
0.000741013167827782
0.00172809739370173
0.000329384664708306
1.50163429624675e-05
6.08476753920452e-06
0.00205522654941197
0.00251452529452632
0.000283840346756963
0.00713449117178766
0.00145616474130447
0.000209102953153142
0.00177808134205119
9.18484921204242e-05
0.000539091833657286
0.00268085959941228
0.000185663325611595
2.45634518135672e-05
0.0175816323049249
5.83047201344562e-05
0.000912400572181634
0.00102866190796273
0.00027009480385964
0.00133607522756949
4.54916551181102e-06
9.8762541249644e-05
5.26330713251624e-06
0.000122659876695284
0.00018345820653994
0.00014317235495369
2.31944005934913e-05
3.0367372185783e-06
3.47371844328771e-05
3.32220242057925e-06
0.000388741382651901
0.000230823587561126
0.00018350875021318
0.00349476170755407
4.5106055126633e-05
8.79920850412388e-05
4.76482220317653e-05
0.00516705208015087
6.01018880644096e-05
0.00631917295457505
0.00100890546939112
0.00404839093025635
0.0021302166682973
0.00525831584138409
5.17621039914027e-05
0.00156494499858496
0.000381339366195986
0.00155921402976662
0.0270857525079972
0.000183837048243299
0.000155991566464285
0.000304371249542284
7.47618362451448e-05
0.00158625060649611
0.000629735621708135
0.00207552298166079
0.00076197413609686
0.000787423320029612
0.00289850785633723
0.00341153857265354
0.00313689945019225
0.00088248543803612
0.0026386425082292
8.98058935139562e-05
0.00116381319524246
9.32487492705098e-05
0.000372295966811417
0.0115659572461016
0.00200736682368531
0.000206835761992906
0.00036718767770071
0.000350642180313493
0.00121072258865992
0.000633999502276056
0.00232286149903915
8.14677697412021e-05
0.000112750498895343
0.000579718879927096
0.000958532079710792
2.61314582123599e-05
0.00674837190615012
0.00208803059283
4.56787618123785e-05
0.00185887116112882
3.68840638345409e-05
0.00010011796950025
0.000825065258648015
0.000573008360591647
0.00034657338129401
6.87279115166398e-05
1.84380665928608e-05
0.000327773142336968
7.85228260756417e-05
0.000151818020701184
0.00443110574231071
0.000572838510273412
0.00177320675823536
0.000961704059214645
0.00128111764326974
2.3243764562837e-05
0.00226988830315997
0.000549176594793133
0.00176693566506209
4.8303257688443e-05
6.19532683186723e-05
0.00653482295700349
1.46830703257332e-05
0.000919228783198747
0.000687778357171339
0.000611683044763245
7.73405537733048e-05
0.000777868207558489
0.00144298238926012
2.24633512073651e-05
0.001351493309071
0.000754278654620726
0.00126666773557814
0.000556281899391902
0.00030454181309494
0.000318787386362562
0.000228833889341463
0.000365642085484729
0.000455140646147486
0.000749972046556617
0.00134637096636653
0.132946276293147
0.0019338478721789
5.70036006602584e-05
0.00277233068191402
0.000206465800002046
0.000309777815094593
0.00126688030962643
0.0127934216101387
0.000612809735871916
0.00129503527580038
0.000116217773311673
0.0166083135264842
0.00492053773250117
0.0175992139226752
0.00101206009599527
0.00694756489089622
0.00331671587282129
0.00627894752580801
0.00735107370349009
0.00102773651713818
0.000179662510212038
2.97362977586997e-05
0.00554170758052476
0.000338760788638538
0.00047542924108549
0.000359669338438999
0.016299701070774
0.00270126869700732
0.000226524089671495
0.000286660371895774
2.036528196621e-05
0.00135862081444838
0.00025611429308372
1.53033885438808e-05
0.00137611067679977
0.0277557457008074
1.45316981905523e-05
0.000584899615897447
4.90959941231665e-06
0.0019285348383132
6.56419274192101e-05
0.000203190176852953
0.000132789241916918
0.000230326727780355
9.95259469586567e-05
0.000199754575955614
0.0107027164397729
0.0595348371994169
0.0164609860901321
0.000855397137214943
0.000478592759366274
0.000150455814858618
0.00207175300205809
0.0681775075618241
0.00131959325326015
0.000191626089979924
0.00294050151022362
9.42473890491287e-05
0.00118719570991406
0.000595299519702787
0.00821760838763933
7.53721830414046e-06
0.000241193643570268
6.65857109814907e-05
0.00452994009273387
0.000377193882229691
6.05137665468807e-05
0.00103263657941603
0.000371467238182044
0.000264118764564078
0.00828622770760285
0.00151483359891119
0.000154827364628165
0.000407441003163458
0.00117939316769493
0.000148204183685728
0.000212384500097996
0.00681682513848843
6.29126889087619e-05
0.000157457255451614
0.00175066850941571
0.000189190016999879
0.00833099880280663
0.00146252438724968
7.71069697541704e-05
6.29128696728687e-05
0.0273518155359933
0.00059788701545502
6.10578175421146e-05
0.0108857960141415
0.0326524796312952
0.00121145363749739
0.00301106930598126
2.10451899469765e-05
0.000167042178605307
0.000351576406358814
0.00012434577459294
2.21103372413347e-05
7.05375088017643e-05
8.09740832263098e-05
0.000354643595827369
0.000197499760822279
8.06896238823353e-05
0.000194339139580208
0.000212778946014718
4.16466974978093e-05
0.00018479405570203
0.000132438536930158
0.000108051384171661
0.00358236958724298
0.000270510371065992
0.000331715609029005
3.07789522686197e-05
0.0147040203668136
0.0014841411556324
4.4747870680248e-05
0.0014521519533395
0.000260888222922403
9.52294863584968e-06
9.00138985599511e-06
0.00227176975301632
3.78016047981073e-06
0.000116573056407974
0.00119042143021915
0.00124482124288842
0.000133248151766312
0.000113913527987702
0.000144592097537666
7.47847819842285e-05
0.000287578223364822
0.0142610395308403
3.24800823579462e-05
6.87640800194941e-05
0.000125276993990933
2.74791604497111e-05
0.000120459562987572
2.62895959966124e-05
4.59861275618294e-05
0.00111515257755944
0.00217542238192209
3.31099555321587e-05
0.000544186160413217
3.16575092295602e-05
0.000119026681456202
3.62159943065594e-05
0.00013163643325483
0.0013622756213346
0.000252834048612207
0.000457912710039715
1.43200243372762e-05
0.000144728001968108
1.07750274186352e-05
0.000149445102952864
0.000128527463611884
0.00224152684961637
1.42644029376413e-05
0.00199664921700496
0.000328699207140053
1.40978045941687e-05
0.000187617921722052
0.000210333954930094
0.00021045408691459
0.000200501206220345
7.30624882273436e-05
0.000160200901342679
0.00581887857430183
0.000164400554382617
0.000268643094307734
0.000154197631918249
1.59611008390659e-05
0.00046725547710187
0.000183787741271495
0.000232774833935887
4.43330882930826e-05
7.67400704161991e-05
9.89631526325929e-05
6.04816468217776e-05
0.000221580609346713
0.000222922479608748
0.000244082911096645
2.94675152415769e-05
2.11407211192351e-05
9.08192938379883e-05
5.95560415001668e-05
2.99653641091094e-05
0.00108533019160072
6.92778826647058e-05
0.00988299909830949
1.61859423915188e-05
0.00986747894562466
0.00110397552243125
0.00115073817890025
8.46244565058884e-05
0.000182790746827688
0.0114493902483804
2.30696103491876e-05
0.00016757913651797
0.00526185764172463
3.22292452239534e-05
0.000172598172681442
0.00017693184756392
0.00333824917490264
3.33305299037998e-05
0.000174494542712507
0.00136800596575777
7.7318222882097e-05
0.000241127470798641
4.34234502822534e-05
0.000762242978402332
0.000127147474035264
0.000206457566371704
0.000301160306231769
0.000426127593331739
0.00157418697646636
0.000109296940606954
0.0390233688682054
0.000268299866025084
0.000604289952576132
0.000135459214845297
0.00198874218310314
0.00839253286846273
7.53161115448702e-05
0.000288134494204099
0.000140622095834331
0.000368158480852254
0.000151085163630934
0.00064911336428619
2.53768834022183e-05
2.05295543534366e-05
0.00166551486348089
0.000176778304208057
0.000198118354572717
0.00016707912152426
5.77212097948291e-05
2.23495583925862e-05
0.0149963052372269
0.0144625932101073
0.000267417285462298
0.000178223675324023
6.08942130833168e-05
4.47220911307955e-05
5.33234621244416e-05
0.000316725890273265
0.000693921904176904
5.67017930169247e-05
0.000149711147901267
3.87074214332355e-05
0.000348838047108578
0.128152846911295
0.000674469209505127
0.0012460608464434
0.0383480512506661
8.65854334660347e-05
0.00218843286542566
0.040426202781372
4.16912844998153e-05
0.00146942626925878
2.28334488128209e-05
2.05146744353984e-05
0.00012122134233806
0.000116281730260362
0.000185512617968818
0.000268401259983016
0.000212196626085437
0.000232166996415195
0.00992510161436702
0.00118079936103444
0.00119690698634329
0.00351027995244752
0.00648102419915882
0.0366992506141806
0.00015217174118448
0.136425963257801
0.00752832861913214
0.00024006973502384
0.000736679328939245
4.15647370015897e-05
0.000597552145271235
3.45549968922553e-05
9.45964329797974e-05
0.00114688012828012
2.98209320247209e-05
2.60530016736659e-05
0.00344080159834522
4.98398315470841e-05
9.32052081478187e-05
2.63774021094479e-05
0.000289433174293244
4.92008248426522e-05
7.86016526407436e-05
0.000646699652564185
8.24357027911772e-05
4.50252250951357e-05
0.000170689531638291
0.000180772832616428
0.000195885725483385
4.98424291206482e-05
1.94949872037119e-05
0.064744042160739
0.000458533915997957
0.000354234571082977
0.000649779114548763
0.000776990281844148
0.00054300436597938
0.000120895019363451
0.00364714456635661
0.00050969808812126
0.000136343677879059
0.000362724601372653
0.000504055482332742
0.000222184867563463
0.000331453251634954
0.000433951840241144
6.29248339016723e-05
1.44091604483403e-05
0.000407567911164583
0.000434759766166293
0.000931071909227056
0.000242722179696884
0.000189952933615312
0.000210249651059961
5.09807717329803e-05
0.000598661632390386
6.29674076760782e-05
0.00023534021111388
0.000125287356399455
0.0003514666489154
5.87302904694195e-05
0.00186547186220925
2.40569880019076e-05
3.77221701190615e-05
4.29951519600771e-05
0.000483327934196247
4.92969794486593e-05
0.000343374904066335
2.19340087859374e-05
0.000883290715819114
1.57919964033878e-05
0.000243936291463744
6.70870584706012e-05
0.00245293244641507
0.000532192746331227
0.0125458328124971
0.00158313336409157
0.00356660181543938
0.000350216323827861
0.000542124428226358
0.000242778068111145
0.000152984238431122
0.00010902853138202
0.00271818735350741
0.000103093080901484
0.000462729018306544
0.00158061092665536
0.000830773686530948
0.00016640781283287
0.000368330008934521
0.000104543382043329
0.000102806034897676
0.0176936909747865
0.000721628899584964
4.29983375253421e-05
5.26842816873912e-05
3.70335971603017e-05
0.00032162312234027
4.59848632782728e-05
0.000412985056209542
0.0154901111873373
0.0152101402116451
0.015443198126001
0.000160801971769985
0.00526823111835586
4.6416641363242e-05
0.000873181061393167
0.000101576421675103
0.000250772183150196
2.80499684558953e-05
0.00326725573947077
0.0115932741230825
4.09731368785402e-05
9.63187122031325e-05
2.81035107290411e-05
0.000344633041212583
9.76198006371897e-05
0.000980686103275207
0.000613431198130879
0.000484125091622175
0.000758148968095882
0.0004388706586338
0.0010859257736216
0.000984652464884268
2.42796777955661e-05
4.36887981241373e-05
3.53365794671023e-05
2.29253719029832e-05
0.0518390704789283
0.0243388481052829
0.00147514224804105
0.00151465250542497
7.54850128407114e-05
3.90863413726025e-05
4.67652191528221e-05
0.00700781634412684
0.000545507763126002
0.000438127288949038
2.08527074536401e-05
0.00187835256432017
2.58487908306641e-05
0.000102010579819657
1.65516450756172e-05
8.49909312349018e-05
4.5976769052246e-05
2.24703013903801e-05
0.000507544310474057
0.000493455033239509
0.000173894430058907
0.0243824284681274
0.00776808018910553
0.00208878525136859
0.000778945868449655
0.000501814697057242
0.000449820271595893
0.000255857287379824
0.000333281991197133
0.000127704313001072
0.000325093124947687
0.00227115776056011
0.00820886940336013
0.000130851030260418
1.96391102631078e-05
0.00012096315553646
2.75506946723162e-05
1.64055210747476e-05
0.000137883394655363
0.00126715515168397
0.000772597441048738
0.000205259460678731
0.00179946007734284
1.28649067638308e-05
0.066759541617138
0.000575698081699223
0.000182901212635283
0.0354334805881412
0.0422766892013497
0.000527551160050337
0.000199173017150761
0.00847959173342683
0.000249558514158961
0.00477577726602336
0.000170717828528421
0.000477799687288411
1.91456904025733e-05
0.00441242605782553
0.000107704565759667
0.0998126670400833
0.00123369220585587
0.000250048898303903
9.45555547458168e-05
2.33667680555075e-05
0.000385931841120927
3.98296202429599e-05
6.54325299354179e-05
0.000260419682807369
0.000192177495166152
0.000535202458110017
0.0410720639524209
6.60268883783105e-05
0.00113467775818634
0.00374344767811387
6.40121911949412e-05
7.20186669966151e-05
0.000216793124777076
6.69106181961987e-05
5.91185094568531e-05
0.00181510794579408
0.053501745704016
0.000280720610881867
0.0241552058374963
0.0042316513420524
0.000198030351244874
5.28326717194989e-05
0.000116066275921404
0.000157122853236098
0.00015502185344002
0.000120323140589282
9.19519175632159e-05
6.01747766249458e-05
6.13621033429263e-05
8.03616846346422e-05
0.000102306130814916
0.000156088030777561
0.000371954583314472
0.00179289900599613
0.00131164850261893
0.000119314720634811
0.136760988457004
0.00037292250844959
0.000160057468730834
0.000114416664278973
0.0144403095839576
0.00274170260539993
0.0046686403918816
7.8316779043065e-05
0.000409441383249629
0.000103075256195619
0.00286292617863371
0.00333726136533778
0.000383403475745116
5.0810111140304e-05
0.0147498008052546
0.0222128419505001
0.000122166250040637
0.0100401537774414
0.0450437714367396
0.0203414144123813
6.97526361501677e-05
0.0237565787120721
0.000121722309297934
6.7120706025591e-05
7.81167182981651e-05
8.01703306365816e-05
0.000109237473925247
5.26523310905601e-05
0.000119676716339219
3.69775281580578e-05
5.21341103391221e-05
0.000371223936133482
2.89803306956786e-05
0.000200140374988209
0.000287898484130206
0.00582804015241918
0.000624786925773042
0.0043562273399842
0.000491931319771324
0.000219894291705752
0.00010277483801795
0.00312462040819361
0.00513396607979264
2.0403618621404e-05
0.0287100472300165
0.0316501113272637
0.000644473328601241
0.000139046360704036
0.000328843645820228
0.0115163495997085
0.000176120867971351
0.000402174118169605
0.00340593771676289
0.00944049321483987
0.000430376246443009
0.00317952767209322
0.00074616143068898
0.00075768184643638
0.00252871766751118
7.25827220798261e-05
0.00092414290207004
4.89492022062677e-05
0.000288930954822426
0.00356602773256475
0.000123448394675643
0.000349943768305293
0.0114394136242334
0.00216981172844172
0.00284969510243187
0.00251113395733796
0.000105591334457237
0.000174750670613456
0.00396634482407771
0.00114652672735854
9.15953948762349e-06
0.00123873849267439
0.00151270040442249
0.00041511721650562
8.10403737292413e-05
0.00283850796461764
0.000553673754247278
6.81605677132523e-05
0.00170969165168863
1.11761101041589e-05
0.0476786209811267
0.00054782975664262
0.302042989168628
0.00035264498623914
0.00765931252836335
0.000501027762947238
0.0176532286622722
0.0416588620583473
0.00070319590536585
0.0474604642938411
0.00084904178450026
0.00438655585526586
6.08645267365822e-05
0.000174332675619598
1.87699788606024e-05
0.00528841891961211
6.49461365632313e-05
0.000543676850186441
1.37214840230763e-05
5.42222920081645e-05
1.30598005575544e-05
0.00375855489823485
0.00026416155352932
0.000460945949619512
0.000460763987339349
4.81438972870513e-05
0.000543226631273936
0.00402822460635204
0.00481287804696326
6.09737733463456e-05
0.000103085086908062
7.12544573137328e-06
0.0117068431662556
5.06159244799385e-06
0.000437895401768611
8.92882265976848e-05
0.00110400522502864
7.46735496697706e-05
2.22391192158959e-05
0.000701078993556185
2.72849268590344e-05
9.32170280721759e-05
0.000747220995433617
4.62318771153156e-05
0.00013811195223261
0.00256529899764281
0.000678881341960336
5.10366272303668e-05
0.0369323231616329
0.00148952357789567
0.0019078447887635
0.00198112778548105
3.99969750192455e-05
1.19635797892692e-05
0.0022791647977809
0.000331152636061648
5.23522339184975e-05
0.000490926160072071
0.0113975069510133
3.57323512695446e-05
0.000585623661772627
0.000708763631007788
0.000126065344160964
0.00282124234640853
0.000279041321044377
0.000312897210265594
0.000215377146230208
0.000180488516921441
0.000913367770360849
6.11163859170921e-05
0.00068977419814134
2.54450124693347e-05
0.000182243596151898
0.000123736711578917
0.00228230738845781
0.00389828790927065
0.000468936501885263
0.0229590994704065
0.000130153655721616
0.0510920400487476
0.000383226425441876
0.000326902845108705
0.00135302289912617
0.0011685207185913
0.000214443336360337
0.00071521533326663
0.00350308392638889
0.00248179566147654
0.00163377503447071
0.003145879944245
0.000165243843663334
6.14882700609383e-05
0.0025148737036202
0.000167945554836343
0.00294751659881225
0.00128473653570649
0.00031991552509278
0.00381345481252638
0.00918247891834037
0.000137086109807497
0.000149363208801345
0.000836616467616974
0.000728590680941541
0.00223169443959443
0.00104803804646332
0.00197861460075349
0.00335683007388884
0.00018979013742478
0.000430074245066249
0.0157773070284403
7.34525159296869e-05
0.00701067185466447
0.00701001894506186
0.00836743555137977
7.20093246065312e-05
0.000287923196774495
0.00615013772361256
4.72678154796953e-05
0.00101300150476177
0.000516948570727105
0.000817433059495586
0.000380160968893166
0.000197505338036639
2.94662107898615e-05
3.12099320573196e-05
2.67615039016953e-05
0.000126905281597486
0.00303431463514795
0.000880511508148554
0.016975080055935
0.00383421141206509
0.0393081304547188
0.00965807493452633
0.000160139999909346
0.0452411504517626
9.61636241600619e-05
0.00180001258419491
0.000332626573664224
0.00388995425177482
0.00447155819109711
0.00210841442130238
6.69836984864746e-05
0.00204863114682284
0.00431487649398699
0.000300699627453946
0.00995131546966244
0.00052881854802114
0.000360517524337955
0.000145650649188897
0.000132418531941974
4.32168073355434e-05
0.00010281346021127
3.52300777795463e-05
0.000905841235285313
0.000270774594494426
3.74330155033665e-05
3.46627868423352e-05
0.0001407090935968
0.000569993823730936
0.00117336182551201
0.000144256833453555
0.000122413397415359
0.00033379830369458
0.0495225210083735
0.000385634311154523
0.000152023130173092
0.000404856447804966
0.000277403923107924
3.60274218146191e-05
0.00293688967125082
2.64673813445579e-05
5.83394587397801e-05
0.0167727306315287
0.000175267916410791
0.00127016015010826
0.000725767704372148
8.64599130136726e-05
0.000980879236997786
0.00121703212142493
0.00125178059485201
5.85627871137603e-05
0.0011007441696837
0.00352653953642283
0.0265655774331416
0.000250162175833482
0.000948406976161209
0.00243670719981055
0.000105873858459282
4.76281950742739e-05
0.00307592686939414
0.00456466637932324
0.00399302604537203
0.000298534909444393
0.00302398941475368
5.47895443802646e-05
0.00766544931384486
5.5906629207606e-05
0.00109205352356244
0.000128769230480231
0.000379308322346606
3.02464286012771e-05
4.02770107868524e-05
3.36517894770493e-05
0.000460288532648278
0.000278515343110902
0.000158940764773827
2.05150277119154e-05
0.00020536355779011
0.0923874340577641
0.00232483414165617
0.000102973970624365
3.51663646980807e-05
0.000281582413132564
0.000755211347225946
3.33558127847281e-05
2.2759344035217e-05
0.00030357829347906
5.2720030842848e-05
6.4183149267465e-05
0.000306552694259032
3.52825152266267e-05
4.26256204950824e-05
5.44447514931549e-05
0.000152780340514573
0.000866637366678927
0.000174035874870942
0.000267843713469597
0.000122382830191018
6.10992569185855e-05
0.00106179698856982
0.000927123395075671
4.23795642993702e-05
0.000497310323451402
0.00290933847406696
0.000117465157895461
4.5831593489618e-05
0.000242004437912879
8.55792072265338e-06
4.30424049070549e-05
0.000288945044843242
6.27856247851254e-05
0.000115222081365176
0.000846986295577322
7.47778677554014e-05
0.000166820609047403
7.53181109265737e-05
9.24739576030605e-05
5.644607599849e-05
0.000274818393995816
0.000146592197373277
0.000145032344064642
3.65566997831843e-05
6.12749582126185e-06
1.28774199161255e-05
0.000143305123895349
0.000338490720144786
0.00138580419454671
0.0650002619030578
0.0643491127346019
0.0033619630360814
0.000511923128556246
0.294057456890513
0.0510071795162412
0.000245563694715161
0.0149672922417835
0.00922730053447294
6.18509797305011e-05
4.49364335058365e-05
0.00012585301192925
3.8447953595133e-05
0.000386913782619039
0.000127587275038779
0.000546193768078354
0.00015958574124264
0.000354179360960279
6.10427201041859e-05
0.000368356006653729
0.00279366679739824
0.000213100847226943
0.0159737290170458
2.82648778875907e-05
0.000201579114472367
0.000145485426632888
0.000626541822216881
0.0104510070549042
0.000581637017967474
0.0125372512082615
0.000107298462533122
0.000501998253246309
9.827309316328e-05
0.0963179098400836
0.000256751184753232
0.000644738167485937
1.79130300514416e-05
0.000916767028797761
4.67398317548622e-05
0.000282892381204835
5.25224930635288e-05
2.58913749288559e-05
4.16726246388841e-05
5.95043283176602e-05
0.000146694518611753
0.000190250052422695
0.000700773921113077
9.99483048521054e-05
0.00018760187587546
0.000291476020070562
0.00310375428388063
0.00821382963650453
0.0659849853601105
0.000179972889698103
0.00317527760317444
0.0107377997958518
0.000171906069895933
1.70340267205606e-05
0.0016787025696307
4.11187526324423e-05
0.00052302138236611
0.00944876406849481
0.00225206445917197
0.000656510964752677
5.22993184834726e-05
0.000159934737567997
0.000955747166462064
1.61682435290806e-05
0.000905542410982215
0.00399047802430576
2.18801737495962e-05
0.00264904263576061
0.00271394584347283
1.54431077219983e-05
0.000868660532173577
0.00296692846684861
3.35425641271813e-05
5.19980218342057e-05
0.00124019053177458
0.000388651512159872
0.00922278474319116
3.41137622297136e-05
0.000677401978341202
0.00347689511353116
0.000778887207775413
2.94130375741757e-05
0.00038650462582354
2.51159342783846e-05
0.0157567888860162
0.000998027787764546
0.000217750894231047
0.000158664212743936
0.00106274853583984
0.00947320708388648
0.000156059896930181
3.26065758890858e-05
2.18919291663712e-05
0.000160142164301327
0.00251535086000884
5.05143777241515e-05
0.00222987695635561
0.00139303454205518
0.0156866084045854
0.000108462823458318
4.16069542560172e-05
0.00288877351097685
0.00250554119078733
3.18386189149279e-05
2.24050223211853e-05
0.00274937353486957
0.000429014850860426
0.000216764472157482
0.00013771744853965
7.144882345851e-05
4.17840724111856e-05
2.3698238788352e-05
0.00293264316361699
2.08582373717939e-05
9.20609537916359e-05
4.61278837132535e-05
2.74377085833034e-05
1.37507043727039e-05
0.000496027850182322
0.00106177141805143
1.8105624026156e-05
0.00012551390945608
0.00199725736931519
5.35216417272378e-05
6.87309109379325e-05
6.84603531542758e-05
0.00257638948685671
2.90517864484688e-05
0.00135882596438788
0.000138735440948934
6.40424206823149e-05
0.000246775218592333
1.97734161156168e-05
9.59247263685699e-06
2.08392116634946e-05
5.06747508457835e-05
0.000487598336589159
0.00672282458867387
0.00097338680102264
2.1544846513495e-05
0.00277440856508025
7.33411879186586e-05
0.000434472910345441
0.000309674145269612
1.87989543286503e-05
7.5710045026417e-06
1.95497916848083e-05
0.000998094492677275
0.00700697813670023
1.98210050767602e-05
0.000981298037436898
0.000190874464971979
3.45547670049644e-05
0.000486890759907504
8.11423348656631e-05
2.69158260725175e-05
6.87127985265703e-05
0.000207120849727411
9.26634123534011e-05
7.39148453063143e-05
0.000150321010937846
0.000139586436476465
2.51565423869881e-05
0.000402204715158095
0.000427012281440832
1.90782811177923e-05
6.94512895260094e-06
1.90403293539792e-05
9.35220035368559e-06
5.26077023662177e-06
0.000132844647212468
3.14127444899941e-05
1.60739307277174e-05
0.00046338244595606
1.47089569021889e-05
1.22467749310379e-05
0.000166040809744282
1.48178337241442e-05
0.000114491122066356
8.72171850072907e-05
2.63460373327754e-05
0.000167535673540211
0.00153221629164769
0.000185709679088749
0.000428577817781717
0.000102049027460341
5.56521442903328e-05
2.91377027342022e-05
0.000207619916026183
4.56792666533306e-05
9.74649218075116e-05
0.000106728581173355
0.000226975018423283
0.000161345467385771
0.000353731870935762
0.000297987067104266
0.00582501957485571
9.65510738412684e-05
0.000335470794868512
5.15186899779564e-05
0.287162662436884
0.0273978517696918
2.42958025198317e-05
0.00089282229271683
0.000791015555168117
0.00283473652153272
0.00198089212762154
0.000155960729893593
0.00253997106725232
4.45488849889274e-05
5.24434539579737e-05
0.000274539136807961
0.0001269700898106
6.62867716680059e-05
0.000291659549693739
0.017857288648689
2.08736712453578e-05
3.64478114611619e-06
1.23162976466209e-05
8.03575351340525e-06
1.21623458225603e-05
0.00312404888949049
6.31251714828474e-06
0.0001274268990344
6.95363078823302e-05
9.45596513494586e-05
9.70346547425318e-05
0.000222977074634372
0.000304794402751123
9.1152419758117e-05
0.0139550521907025
0.0142094108164283
0.0487949824720846
0.000627138407066192
0.0510543626302208
1.23126075925871e-05
4.09892928574736e-05
0.000148749003261601
0.000218618616870209
0.0050098008321255
0.000256842373907467
0.000146787174356768
0.000113230251763946
0.00043913788626542
0.000180895413722524
1.57132019004132e-05
0.000144920429885509
0.00222969515609904
0.00074291674333494
4.39468926844488e-05
3.01127509895232e-05
7.06626618126267e-05
9.01165805738574e-05
7.5723184424753e-05
0.00181928587952033
0.000831274361613695
0.0194011075900913
7.39736005706233e-05
0.0265742587777707
0.000242026943816304
0.000381104608849158
1.42561934057882e-05
1.40107378826646e-05
0.000766186240350362
2.84161162807134e-05
0.00415918508972941
9.84630126853458e-06
2.1041013568136e-05
0.00055980849272575
1.26997762901963e-05
1.06889366808717e-05
0.000323590675544177
1.46178149984563e-05
0.000249465341052833
0.000182747621447667
4.43901060127628e-06
0.000754158635440972
8.13778067401698e-05
0.000903033228994905
0.0163372323532906
0.000111238207978909
0.00043284746907417
0.0206599861196992
1.65823918800107e-05
0.0198809482754107
0.00626836407329402
7.35255941932661e-05
0.000246814681568791
0.00182988444315817
0.00600331977831935
0.016639152824241
0.000264742993474586
0.000541775314982085
0.012130385610678
0.0143847200519643
0.0281988470856837
0.00227087771887183
0.00096017344408919
0.00081849711097955
0.00100885439136699
0.000933455945344176
4.37490551136588e-05
0.000367587977067349
0.00831091406934677
0.000257325492282907
0.0166410440373119
0.000923367929558328
1.12813267308352e-05
0.000165969294648124
1.13354610514748e-05
0.000631300445642344
0.00369010339276992
0.000298684130823083
0.000366432678947233
1.27402437896472e-05
0.000481943282188542
2.82926310836441e-05
0.00566711669402207
0.00100169841298261
0.00740781886846758
0.00340706271672034
0.00120352385455454
0.00414939744283978
0.0215613520568673
0.0238610826831667
8.16312979201316e-05
7.85108262300266e-05
0.000227300717312571
9.50391125886967e-06
1.88972711327709e-05
0.000318695335402893
1.40998857396444e-05
0.000684696648212727
2.36695999767217e-05
1.83169137259227e-05
0.000681033349098085
0.000214226750564594
0.0137029991235987
0.000902880055118907
0.000324034450712308
0.000117467156681612
3.77400500737786e-05
3.6610384646725e-05
1.57697487604354e-05
0.000277698636834973
9.40029962624693e-05
0.0178137945257291
0.00563937715991364
4.6434975235142e-05
0.00234855472460223
0.000202829687660586
0.00306000834111917
0.00342772864829696
0.000658061375693433
0.000443345419342541
0.0153599076899882
0.00187621678041555
0.00165743325379444
0.000771208803815363
0.0012924851514103
0.00213785868834064
0.00103112595938516
0.00797021477208259
0.0020308519373016
0.001682774960356
0.0012207671517622
6.23950315331305e-05
7.63451606077641e-05
7.89738712597069e-05
0.000107790472158082
4.1688179101312e-05
0.00193299846665425
2.95812567340983e-05
0.000946877541846681
0.000179971862432073
0.0580943510257681
7.37128382642004e-05
0.00215621837016605
0.000715384349476723
0.000969940428947271
0.000112917311697517
0.000901292926133368
0.000930638366284421
0.000195157001630215
0.00109944217787656
0.00124876734947199
0.00028077048636328
0.000742535182847437
0.00130466090058603
0.00141110612235861
0.00180044752828317
0.011709744097354
0.000939576902513369
0.00146019964221265
0.00609955940654452
0.00779668384938832
3.13507550876784e-05
8.44629073844284e-05
4.69991516470124e-05
3.04373204712148e-05
4.96385494173454e-05
2.11102769059983e-05
0.000959090174433504
3.62276001299199e-05
7.71068092248645e-05
5.07134310848055e-05
0.0594257350540122
0.0141597207979771
0.00275180781352263
0.000793115538280318
0.000751454203419535
0.000811300698525615
0.00275786759375206
0.00108485954700278
0.0231454621861708
0.00432127691639162
0.0056719500842307
0.000262192586340126
2.45558844711306e-05
5.56789099497071e-05
0.00223220894281447
2.08009585382211e-05
4.59283321449951e-05
0.000168886763771313
3.34742176345854e-05
7.94438963647066e-05
7.46000841535272e-05
0.000225510966017116
1.62442547354039e-05
1.86544021871856e-05
0.000526706853553739
1.48968882048198e-05
0.000143509767725454
0.00065229182941494
2.54431612622942e-05
2.9491043119782e-05
8.84153114896352e-05
7.84577413089684e-05
2.53022302495975e-05
0.000352797782739332
0.000760517522937225
0.00794841561647738
0.00809889119561321
5.57826186719626e-05
0.0480994677812942
7.27487596967651e-05
0.000284824539553918
0.00185421052263278
8.19743481301965e-05
4.93485118202366e-05
4.10446524233232e-05
0.00014564582585885
5.89496716654233e-05
3.35420935829804e-05
0.000125054466901588
0.000495298697312448
0.0005519411127943
0.000276344136043282
0.00240660230466293
0.00025394694109102
0.00214916244769244
0.000410738936577887
2.51395048758605e-05
0.00827109007820161
0.00564604567671877
4.79205681720279e-05
0.00222641310837777
0.000228561397113375
0.000531935205538782
9.37422950731767e-05
0.00353711959935624
0.00197220100578088
0.000462086507616674
0.230830879749807
0.000286511968982775
0.00358718254338831
0.00256640228201388
0.00145805544311952
0.000294559496103538
0.00152127701510113
0.00226076039864152
8.89482460162642e-05
0.000551990006139238
0.000151782687227216
0.00109507442349196
0.000816076111887908
0.0012355998834694
0.00180503895330575
0.000299873700430805
0.00180390248449333
0.0379658607300521
0.000218229122128081
0.000565225979778994
0.00022115069162236
0.0629959935572387
0.0020513745543378
0.0014517048352736
0.000116585947799726
0.176388984169245
0.000121869009234526
5.98926361361931e-05
0.000172030648874861
0.00132593302276184
0.00124412563556966
5.72316639278495e-05
6.44559783728012e-05
1.74668297808942e-05
0.00282808568290363
0.000187273427847764
0.000837596691870164
0.0002148964679611
8.42811255317583e-05
0.00127142948389397
0.00122033694958874
0.00314613403148267
0.00279833663457386
0.000354819964681473
0.000162448223553813
0.000137891204976908
1.34320006878186e-05
7.93204621897057e-05
9.71129139738606e-05
4.33572048770427e-05
0.00200209016493947
6.16807583047062e-05
0.00178999648041665
0.000164870337837216
0.00391092240976583
6.45439689394898e-05
1.83448135391129e-05
9.50366062792293e-05
2.85561052066478e-05
0.000134579704930282
0.000283092555400479
5.95945561145598e-05
0.000150785401967078
0.000177229386328079
0.000307735353240585
0.0702579548237687
0.000216935802373779
0.000303078694550635
0.000156549693827894
0.000136078952945271
2.31339290082046e-05
0.00226185004781705
6.68753387390416e-05
2.33211612371317e-05
7.60759655829638e-05
7.07424937049958e-05
4.85237508541348e-05
0.000153673624307636
7.67603763993409e-05
0.000128572951929978
5.6344562351783e-05
0.000220757806430766
0.048343058816616
6.64637698597497e-05
0.00413133404609119
8.31403249693085e-05
0.000389197901605414
0.0981881494585829
0.00118175397466616
0.0409076529604693
0.0014650695066816
0.0133379105699184
0.000390214441393258
1.38184398481405e-05
0.000492758163732792
1.91082652203774e-05
9.82362438997249e-05
0.000360395796249828
0.000564151019981662
3.41029191674667e-05
0.000723638030969768
0.000231238234369461
0.00109474363701065
0.00117700635069844
0.00164243770203406
0.00125016029947886
3.42194870227581e-05
0.000549456941109267
0.00014508752375791
0.0160268371899694
0.000254931607788732
0.00114737249216752
0.0284627709183634
0.000289785056578582
0.000452790262929978
3.60984596991754e-05
0.0154171889718069
0.0480187772517896
0.000138067162935404
0.00104925052580756
0.00135012360064337
0.000331432159480739
0.0280191508956264
0.000351348027469272
2.14492247271068e-05
0.00123543094343785
0.00125405249364682
6.30837072530484e-05
0.0034383618413273
0.000826418064350711
0.0143025517624418
0.00148942011533369
0.00812822991945246
2.75899046536452e-05
0.00103304897717891
0.00277150857578962
0.00250748620043111
0.00884580209318174
3.99147895609162e-05
1.60762164961546e-05
0.00804662219690142
3.79640503647115e-05
0.000449581607732746
3.30977852279502e-05
3.38766498328181e-05
0.00175396280766369
0.0122384849346804
0.0158457773917145
0.110689644483499
0.000163219286234565
0.00133061511832161
0.000738889952079728
0.000817863059968512
2.52325921451877e-05
4.99263923946324e-05
5.4191736716472e-05
0.00393463750903
0.000865404366364687
1.17716563060292e-05
2.20711688373975e-05
0.000470075568186044
5.97595337855814e-05
0.000371104833238706
0.000262290980588451
0.000184158645087131
1.85500167566069e-05
0.00029546603334358
0.000442092090435151
2.41998514590355e-05
2.31678061992764e-05
3.29871786206619e-05
0.000127862069631943
9.91069888095321e-05
0.000242207384748621
0.00118852141761123
0.00363210842254175
0.000128926908873699
1.39271981535181e-05
0.0023964260263167
4.33434420147475e-05
0.000295120200175907
4.58098405392392e-05
9.14478733947703e-05
0.00514214892162242
0.000343422296724552
0.0899178529438524
0.000180068884278051
0.000338807757259173
0.000887377090021324
0.000586380985345008
0.000402000962023528
0.0863960478665855
0.000333360617702249
0.00074404786764467
1.19250358078532e-05
0.000470580826321905
0.000480992093390941
0.000182829851531886
0.000147655552108779
0.000159227655784773
2.51136128974368e-05
0.000268413976127046
0.000447613793025581
2.41664519629621e-05
8.88273628013244e-06
0.0135118695091205
5.04174206708434e-05
0.00147740457562689
0.000560779029421684
1.48302444399585e-05
0.00124812086881967
1.36695550086242e-05
0.000724179854323565
0.0011088095479742
0.00102547623348208
0.0013099757148803
0.000108944569439333
0.000177290799011465
0.000176666137543463
2.10112867099593e-05
0.000741818945027715
0.000185737241987766
1.22039592926159e-05
0.000217459049243397
0.168563482392084
0.00171605187079539
0.00219624435246895
0.000369756141096046
0.00418594038151346
0.00307587176670627
0.00109808128163412
0.000668978407694487
3.7820391734089e-05
3.0221997305008e-05
0.000936466069466718
0.0035702058300851
0.000257545781782075
2.61736421380244e-05
0.00104441869467726
0.00101181129154084
0.00196593819144128
0.00277375847249423
0.00263754043470058
2.94777402079751e-05
8.22900818094383e-06
2.60540990427225e-05
0.000350867552774652
0.00137097772147292
9.92003919559393e-06
0.000319265246261542
2.80313448201351e-06
0.000343381497963159
3.4370163155287e-05
2.19198738796306e-05
2.92942211390385e-05
0.000803141349370165
2.15239659339151e-05
0.000953266500834322
5.81947937019146e-05
2.22601310841087e-05
0.00227956131942948
0.000363442644326349
8.97101152891013e-05
0.000641955062476196
0.000412656293755781
0.000272055998176663
3.05352827470302e-05
0.000629421121616648
0.00391307562316041
0.00332606333204309
0.000624998387554097
0.000109709138144572
0.00020162679020758
6.8585421219518e-05
0.0652237131169788
0.0926374607570614
7.40657808866088e-05
0.000395249374839503
9.68295816101451e-05
0.0195455464947739
0.00017473615368751
1.35912489252521e-05
1.55280852163827e-05
1.21311508740452e-05
1.32487612598644e-05
7.78974560107536e-06
6.2374889192241e-05
0.000162321923712
0.000163060999819934
0.000137058696081805
0.000872808409652174
0.0492626167788147
0.000791636902599378
0.00187126244644866
0.00328474300321404
0.00259482528873471
0.0809653993524424
0.00214614006052599
0.000342521440416352
0.0132686024169217
4.04362917016044e-05
0.000670682927442385
0.000134052014258938
1.20686345265712e-06
0.00411917047935138
0.00153225327852707
0.000584930443572109
2.56957740533054e-06
0.000833943978066094
0.000167138571439268
0.000781838192679794
5.96470480918353e-05
4.23774336968829e-05
0.000666044462010417
0.0121457277476605
0.00925783442329571
0.0164864102093335
0.00208472471388512
2.54433616199613e-05
0.00245136613655564
4.23774336968829e-05
0.000161963782834231
0.000944623591510638
0.0124702329216526
0.000199320701989635
0.0942403559535641
0.0446982854605975
0.000273527765287541
0.000152787129985658
0.000426004601014407
2.65226055620496e-05
0.000420047680134076
1.61689346961897e-05
0.00148179058973851
1.44795129090559e-05
1.86014086923756e-05
0.0202477524167202
0.000757412922398481
0.00847291734679728
0.00123600476667953
0.00631557552539249
0.00909767362165881
0.000395249374839503
4.10741997364275e-05
4.09640630266406e-06
2.59594423354889e-06
6.56936703370619e-05
2.35703554347147e-05
3.69327398480025e-06
9.05873868483522e-05
0.000417282439095139
4.19538679780637e-05
0.0199399934270994
2.74021744709083e-05
0.0206494811649679
8.77098388999842e-06
0.0195455464947739
0.0210042819262807
3.68962073032551e-05
0.0124708705401009
7.90954260860762e-06
0.000187164064377499
0.00087554946285216
8.61115677225801e-05
0.000371695853390881
0.000616799686240802
0.000103197926583905
9.35061350528455e-05
0.000431817857903762
0.012198860287986
0.000798189339354998
0.021165806368443
0.0527453814670867
0.00427065418165013
0.000471392391796591
0.00116655070722213
0.00143184004695662
0.0010864877016853
0.000533724176239035
0.00285972467522267
0.0539126852925612
0.0016154955632524
0.000645674336309654
0.000215246290008973
0.00097531194934048
0.000154419391185436
0.00198932412569448
0.00413387428572705
0.000215246290008973
0.00119911591868401
0.00273082860618377
1.98909901215095e-06
0
0.00116655070722213
0.00180035711567504
0.0527921855538314
0.00155628580771556
0.049212564093044
0.0010864877016853
0.00167505361659422
0.000763292810106431
0.0468438322731834
0.000154419391185436
0.00363552390026394
0.00342828772387555
0.0050082162326451
0.00342828772387555
0.00883945320473819
0.00117269120504391
0.00442350161641266
0.0166518389187185
0.000676565834063846
0.00198932412569448
0.00941068275579294
5.99785905513581e-05
0.000158805134125545
1.809929099391e-06
9.35333934165989e-07
5.49444143143423e-05
3.89014621721072e-07
0.000157893322797086
5.28380154131336e-07
0.00156987509935691
0.00285690114811674
0.00132498081920624
0.0306248186570172
0.0021346494103614
0.0166574937746568
0.00132498081920624
0.0166574937746568
0.00268772533214829
0.0383177714827227
9.85800306766407e-07
1.58568789250104e-05
2.81808964736704e-05
9.94135068691228e-06
0.000154201065127782
0.00063160251362116
0.000763292810106431
0.00278647150175201
2.25516389127423e-06
0.059041461055598
0.00242351669163928
0.00294066860492053
0.0112653890829804
0.00883945320473819
0.00253600731417123
0.00179786932312874
0.00258966171899151
0.00172086816428859
0.00178587400307939
0.00309504743556751
2.81808964736704e-05
8.09648739048823e-06
9.5145726231003e-05
4.50265084821291e-06
0.000396073879637205
0.000763292810106431
0.000533724176239035
1.29420969029509e-06
0.000601189098135327
0.00195268045787969
0.00190412068128913
0.00266297192507222
0.000349122724031018
0.000220265163356545
1.1649072686732e-05
0.000349122724031018
2.57807365352915e-05
2.57807365352915e-05
2.57807365352915e-05
5.25211404905924e-06
5.25211404905924e-06
