0.00416184755027
0.000399081046882
0.00221731571532
0.000403676394139
0.00064912646443
0.00223094041165
0.00138333299589
0.00469574829663
0.00244221246855
0.00191518969298
0.01941928191
0.00200734783684
0.000410971668492
0.0014766505936
0.0120369595557
0.00143404707853
0.000974326668001
0.000382136228185
0.000957166533303
0.000465905211206
0.00123475032735
0.000803095525917
0.000510180319184
0.000935807277686
0.000626295908544
0.00439039362108
0.000868443211214
0.00179173990227
0.00192782557873
0.0022535995727
0.000787712952133
0.00190872510707
0.0122243556877
0.00107833045076
0.00146051872328
0.00326687018223
0.00107768320065
0.000829111526093
0.00153052429897
0.000224741703428
0.000710764454193
0.0010421372604
0.00065606901113
0.000964268637501
0.00564597090271
0.00153869657445
0.00179139345682
0.000875433241951
0.00203638783411
0.00188239239858
0.00174463848252
0.00119983828703
0.000836733228675
0.000961912939076
0.00115057659471
0.00103890854414
0.00136582869882
0.00321394474246
0.00225404079482
0.00164854207188
0.003194837248
0.000805262182719
0.0127075967318
0.00258364760988
0.0020951791467
0.0
0.0
0.00426945136318
0.00191143702086
0.000211616220556
0.00534015382725
0.00391695530826
0.000425685195248
0.000268371739073
0.000404558589061
0.000299101298384
0.00059195664102
0.000402321309014
0.0011065240485
0.00420862777333
0.00296151404307
0.00211301917915
0.00242905569438
0.001969510838
0.00110991915132
0.00240619997069
0.00625499039212
0.00450377480138
0.00300063970678
0.00841776600295
0.00891332691087
0.00244055800786
0.00331452461137
0.00165378778156
0.00205760074574
0.00237776006206
0.00228386086126
0.0110846679385
0.00443152521102
0.00391295414289
0.00360492407986
0.00950901171986
0.00108768501184
0.00487672932982
0.000620417315118
0.00582437906638
0.0083499949912
0.00230466562354
0.00248910022944
0.00336258195734
0.000492966813909
0.00747566467838
0.000327603745938
0.00105468586713
0.00197781870334
0.00156500509811
0.00147195378263
0.00117798164704
0.00297733816248
0.00166383966357
0.00127654488285
0.00159358224434
0.00186862490637
0.0106969202786
0.00108716639204
0.00252127217446
0.00492678046666
0.00303477947625
0.00134939774126
0.00180707112811
0.00092266868603
0.00203356811096
0.000657457035644
0.000798474032301
0.00205779488496
0.00410364759656
0.000779797300271
0.00529458997273
0.00117958083397
0.00376694409348
0.00336005485376
0.0208852493743
0.00183849979958
0.00238652869582
0.00254224466089
0.0038431849183
0.0066085649173
0.00107459408547
0.00291324810801
0.00193109673506
0.00169980556315
0.000905846346626
0.000804121572909
0.00144051830538
0.00186297425564
0.00284063183592
0.00436972138989
0.020417954476
0.00375906060461
0.000882022942823
0.00639752408439
0.00413712062971
0.00441428248688
0.00177392034351
0.00653775496505
0.0015949470203
0.00189806976839
0.000902915905986
0.00115071483547
0.00141308240921
0.00175559992171
0.00354622844457
0.00345609997211
0.000813104044337
0.00144596900266
0.00111092567931
0.000454455840815
0.00102493568214
0.000848395432311
0.00100970455592
0.00110739861173
0.00118514883929
0.000862999040934
0.00242544366554
0.00072425918425
0.00123192828776
0.000794346275834
0.00073170538469
0.000938028914839
0.000687814656259
0.00063483928162
0.000865194356144
0.000885630326765
0.00105623313254
0.000384220395364
0.00031159602079
0.000300148868236
0.00109075547371
0.00154170201399
0.000771332782192
0.00160540202885
0.00176710455079
0.00037148602295
0.0012072580999
0.000879569394966
0.00129097811537
0.00133997860647
0.0223533722557
0.00371737796581
0.0052594762403
0.00294415048806
0.00253239567389
0.00291659691299
0.00538663197639
0.00560984850949
0.0028739356662
0.00196711805219
0.0
0.0
0.0013536539134
0.0
0.00283503480765
0.0
0.0
0.0
0.0
0.0
0.00126348792805
0.0
0.0
0.00646770078068
0.00219413960334
0.00627357632057
0.00457892209945
0.00845193785921
0.00501167683279
0.00273928729126
0.00430736125268
0.00315660922539
0.00392748660235
0.00322750661122
0.0329683006831
0.00148739469077
0.00186907953832
0.00182384355913
0.000962527136741
0.0195789104635
0.00563016447208
0.001590741851
0.00183075458619
0.0125146262981
0.010489364553
0.00367200443817
0.000441009649374
0.00185685800012
0.00252355510466
0.00332972958194
0.0064547395206
0.000970626972181
0.00484098535392
0.00975975920904
0.00102468391403
0.000411559808432
0.000366349447449
0.00113253765983
0.000908501050771
0.000373290801698
0.00583102432334
0.000662619550601
0.00176861603924
0.00040499369817
0.0658928229132
0.00614246624729
0.000968553490937
0.000866138289478
0.00144536839948
0.000714905523696
0.0010316527586
0.00139438481843
0.00139938948111
0.00806185270589
0.00610176176099
0.00166740169263
0.00326596867759
0.00300169495027
0.00313341696456
0.00289763126017
0.00960300262765
0.00891433893881
0.00106032559054
0.00122560331435
0.00113805028022
0.00168178397895
0.000986825632643
0.000865191831309
0.00190533683478
0.00259417787287
0.00264631707301
0.00533745115425
0.000748375656197
0.00122433408591
0.00147075395241
0.00104458312875
0.0087694490182
0.00150620001371
0.000559932067767
0.000710818069748
0.00108524188218
0.00384955405884
0.00165159463554
0.000437576971112
0.000771346565637
0.000897664923469
0.000621656568451
0.00195068012274
0.0011048557994
0.000670127147259
0.000832241755426
0.00192701758354
0.00070827474696
0.00529078501722
0.000428518533989
0.00457125049533
0.00121414354008
0.000535417957151
0.000467985207583
0.000737530916724
0.00651143197662
0.000546066697973
0.000451345178195
0.000646047768094
0.000473658753778
0.00566711380684
0.000311302806094
0.000360022440946
0.00165829737712
0.00428689139473
0.00280502061936
0.00263777215241
0.00101283573524
0.000914289793736
0.00106624180647
0.000660999399496
0.000556479247164
0.000642169544951
0.0011770094327
0.00128572478413
0.000465009764964
0.0139512849584
0.0116876232742
0.00374581777155
0.00197020827538
0.00056277238535
0.00224612646613
0.00349192942943
0.00331598456395
0.00443808326411
0.00267052338687
0.00363381977448
0.00397747604959
0.00235576923077
0.00191919191919
0.00259459748938
0.000948931016639
0.00486745606746
0.0178974123483
0.00243766112771
0.0
0.0
0.00634836474671
0.00252958595516
0.00127279350023
0.00213653175438
0.00276243291722
0.00293259693797
0.0119617762826
0.00189394108628
0.00404306393809
0.000967415595281
0.000685204051074
0.00144286850466
0.00327508820308
0.00415487767207
0.00113203138877
0.00302216106673
0.00481539970917
0.00105860146854
0.0016937517279
0.0150035746556
0.00594261701476
0.00583726350779
0.00920760655874
0.00173480597458
0.0193379322275
0.00186668435571
0.00300331068131
0.0127996396707
0.00154595071746
0.00640607569626
0.0173256159013
0.00423584496628
0.00094831840116
0.00467672329283
0.000684120270161
0.0111010582221
0.00429848312266
0.00934755341176
0.00785575928089
0.00159383441049
0.00492250771652
0.00245117082085
0.00361546957849
0.00072338136034
0.00274145956289
0.000511312135822
0.00116384877094
0.00468983386456
0.00338904778115
0.00159532818163
0.00160127642835
0.00103437268909
0.00182891038039
0.000534559514232
0.000534261541824
0.000662483041515
0.000459714491823
0.0074803237246
0.000985988969601
0.000885956151745
0.00058717636938
0.000881189667673
0.00209565750377
0.00170367330636
0.00122206741032
0.00430662266044
0.00548741677784
0.00187294002698
0.000565108995107
0.00132488419197
0.0046673246089
0.00270080832275
0.0060206036673
0.00312893053783
0.00112193047055
0.00373261488581
0.00224734697295
0.00623317285792
0.00119177016432
0.0013565625428
0.00138862579429
0.00198433246134
0.000440462570398
0.00340355862087
0.000491423769772
0.000889307129947
0.00250587071398
0.000720986103617
0.000764816141494
0.00136825381737
0.000343573458607
0.000581801351667
0.00130712205253
0.000393970178756
0.000760079927325
0.00116881966824
0.000411795281071
0.00111986345801
0.00144650705545
0.000968156348709
0.000923437506696
0.00664526027084
0.0132195994341
0.0114306127745
0.00280397101026
0.00379437544095
0.0203503394207
0.0114955981988
0.0208747427322
0.0116374988424
0.00927975283975
0.000467344713479
0.0
0.00343184442408
0.00163738702048
0.0
0.0
0.0
0.0
0.0
0.00172285116391
0.0
0.0
0.00149761024338
0.000970845593383
0.000970553138065
0.00104201164641
0.000434990911751
0.00160715238568
0.00628215283504
0.00210572660464
0.00315835362889
0.00130644737195
0.00132482863666
0.0035036135276
0.00159068883943
0.0
0.00166226591453
0.0
0.00321894088008
0.00448712138981
0.00149502531371
0.00543737108204
0.00438048928116
0.00549106709853
0.00414912128799
0.00148380064281
0.00439431679627
0.00416119424188
0.00202334911708
0.0
0.00979585827861
0.00688275424734
0.00287923298517
0.000995658205008
0.00270078879329
0.00448265171847
0.00373747060869
0.0068349736058
0.0033864910868
0.00470534577176
0.0
0.00246923239243
0.00501963622979
0.00169444834449
0.000843983192326
0.000192016913891
0.000232206461304
0.00174681606636
0.00730836604422
0.00186922905023
0.00262694005024
0.00104397187375
0.000290293196
0.00184334321078
0.0010867145152
0.00313339406715
0.00106137418419
0.0050090581373
0.00157247807902
0.00463144030525
0.000516222970751
0.00142308284457
0.00783508050637
0.00122357009723
0.000884746134031
0.000914234955845
0.000608359532402
0.00414015711523
0.00134521964297
0.00350823213199
0.00293408454065
0.00919465097174
0.00336215610391
0.000570920146252
0.00308840552994
0.00164374907363
0.00418922191468
0.00185085794481
0.00368358855919
0.00197514819128
0.000543427834308
0.000720599944851
0.00136467663149
0.00174267914987
0.000873522621426
0.000842670302095
0.000951463533559
0.00247090098857
0.00464631933365
0.00186239266295
0.0
0.0
0.0
0.000693370393278
0.000573999072231
0.000553846944844
0.000738060559813
0.00113591805371
0.00309579220183
0.000414808997441
0.000777528059796
0.0033537693023
0.000855972620557
0.0010775862069
0.000514431409859
0.000720616367384
0.00105072016776
0.000546990680037
0.000678393978587
0.00162057340306
0.000440610421753
0.000177064968001
0.0011686403828
0.000906324376934
0.00243121301775
0.00847863173047
0.000925263367124
0.00918171768707
0.00767808956916
0.00143811637081
0.00139733651362
0.00520204635108
0.00661607142857
0.0020558974359
0.00116246369469
0.00471487046908
0.00344703636996
0.000986311211601
0.0018395494115
0.00218302003175
0.00337190522854
0.00115761321934
0.00273594813446
0.00122879016599
0.0
0.0
0.0
0.0
0.0
0.0
0.0
0.0
0.0
0.0
0.000944246085557
0.00120296425798
0.00161773644932
0.00555481644485
0.000860336081891
0.000340316895184
0.0024629020531
0.00090176403162
0.00169625648662
0.0019711400024
0.00102422765987
0.00264274642184
0.00290753436084
0.00351035951028
0.00228039162993
0.00240356495808
0.00690754517503
0.00292020182038
0.015588175298
0.00148082255915
0.00303854001558
0.00130592861496
0.00113495819222
0.00630459243038
0.00116141604373
0.00256340971721
0.00237083616698
0.000897406025708
0.00129731730982
0.0100685450048
0.00239827417913
0.00229659842282
0.00120979674214
0.00109829797867
0.00160619732152
0.00187440227487
0.00213302908378
0.00961722617418
0.00069952068324
0.00870976691009
0.0014864766347
0.000689854784368
0.000619121955708
0.0014868461365
0.0018954131344
0.000315626539399
0.00103661094707
0.00116121220693
0.000711425791728
0.00058882209196
0.00122495549933
0.00205152356082
0.00200389777597
0.000917025845215
0.00103192449419
0.0012175537786
0.000789571080096
0.00732941618734
0.00111587144691
0.00157301447843
0.00135749121246
0.0010753889302
0.000951806791389
0.000928672449931
0.00154265619706
0.00072710329398
0.00091065394393
0.000943057629035
0.00115648253088
0.00131037430779
0.00342394567265
0.0027340046973
0.0014816035964
0.000323275862069
0.00160045205022
0.00387517939574
0.000857114233301
0.00012028074942
0.00274558114958
0.000878473856455
0.00128073798862
0.00134210372362
0.000466721613477
0.000694671910126
0.00100908879779
0.0224299104336
0.000813503204808
0.00143025959282
0.000601816665062
0.00278396965791
0.000508103585964
0.000845078120462
0.00331237822301
0.000555040811434
0.000539663783567
0.000928632143102
0.00395087626448
0.00636514360151
0.00212340469044
0.00287713493664
0.00907282295734
0.00564537369569
0.00269739967333
0.00588888255256
0.00581597222222
0.00728892839187
0.00968563898702
0.0184947768281
0.0259852941176
0.0175912990196
0.00390875145998
0.00272257458304
0.00212178507115
0.00420316588174
0.00095273166194
0.00259147556594
0.00114911427073
0.00118654749174
0.0019686629818
0.0054084031752
0.00890924631471
0.00745140413321
0.00213253031166
0.00293058251496
0.0
0.0
0.0
0.0
0.0
0.0
0.0
0.0
0.0
0.0
0.000497698239283
0.00199334916637
0.00152896828189
0.00330489221593
0.00128068529988
0.000987526898242
0.00217023433791
0.001510285458
0.0018948524635
0.00153828517531
0.00136603656042
0.0
0.0
0.00163822281639
0.00555684795672
0.000642086396362
0.000684062160926
0.00109253293354
0.00316689935982
0.0026323961205
0.00179085531377
0.00128259453843
0.00610326640793
0.000840865068521
0.000944630671327
0.000256386533306
0.00343074544215
0.000949502029761
0.00195164431786
0.00562748708112
0.000634913298017
0.000638637142671
0.00351370979586
0.000678207826428
0.00219368771577
0.0011123506616
0.000792441604657
0.000817173942148
0.00206145934979
0.0120877607662
0.000949499327376
0.00281460004298
0.00154244858182
0.00139954750434
0.0196678788007
0.00145213682749
0.00160165221528
0.00118456549902
0.00473271621679
0.00471329464901
0.00177169991855
0.00604895420576
0.00243005032632
0.00164163822031
0.000789525799976
0.000692828672174
0.0012412474909
0.00035634556563
0.00607481042934
0.00477982348853
0.000965954061654
0.00203268849217
0.000793126709796
0.00126140700411
0.00567630984963
0.00339420789847
0.00103586935226
0.00137249696591
0.00749284822207
0.000648119550532
0.00164626445812
0.000957390155547
0.00138202905655
0.00236129937478
0.0035619687493
0.00568987401812
0.0052442035627
0.00254167823234
0.00426581520861
0.00113577195392
0.000540073407771
0.00119502538595
0.00164207995136
0.000994562440692
0.000491900095683
0.0120338426692
0.00157534907484
0.00373984425222
0.00629482136311
0.00153332225256
0.000832941066405
0.00177573173906
0.0120451546003
0.0013852127017
0.000302662504466
0.000451592792858
0.000610095849695
0.00134492749309
0.00142999647187
0.000633332216336
0.00233099026496
0.00228734790602
0.000714230217648
0.000186426125524
0.000188203996151
0.011500170068
0.00282766525414
0.00321481316886
0.0023964772207
0.00802514200124
0.00415514122316
0.00358656140519
0.00749042726065
0.00201903998779
0.00947338935574
0.00151413462983
0.00142630602531
0.00694796795843
0.00094938918396
0.00218760754949
0.00733213485305
0.00323167856397
0.00322542574711
0.00438732149847
0.00809573402282
0.0
0.0
0.0
0.0
0.0
0.0
0.0
0.0
0.0
0.0
0.00161334219709
0.000839463026497
0.00118621280065
0.0031577989972
0.00150395176995
0.00150016005354
0.00112438655465
0.00112578679166
0.00114229955072
0.00579825528671
0.00228741571963
0.00288072465012
0.00211931503798
0.0025736357418
0.000398117789459
0.00600742921941
0.00407844597962
0.000917766242625
0.00152031447154
0.0021690238491
0.00347729803786
0.00226107297519
0.000401461089921
0.00118333030563
0.00117468160016
0.00191357240804
0.000912920785826
0.0011723714302
0.00116375805913
0.00172671188359
0.000828577466143
0.00111435522486
0.00120424683517
0.00189238233536
0.000638787960592
0.00222068323814
0.00907910846519
0.00237558670159
0.00186197228322
0.00190378523451
0.00221791138612
0.00258168734017
0.000708904764998
0.00105605869487
0.00363136539304
0.000377870582966
0.00201545219755
0.00131795107954
0.00142641054252
0.00130508678637
0.00125934432343
0.00266426896655
0.00177890697813
0.00211612606432
0.00168927236894
0.00206473995733
0.000934664816072
0.00133983030525
0.0369829890934
0.000897053475494
0.00148768647501
0.00184372381892
0.00108476409257
0.000722824049648
0.00267366747275
0.00276187016844
0.00388867411128
0.00281848565187
0.00448335448307
0.00207656142027
0.00765007924105
0.00182816506083
0.00165209157062
0.00239980293598
0.00206417829511
0.00135679906997
0.00710753878335
0.00323592520941
0.0086471487655
0.0223751494906
0.00109964130098
0.000670910911248
0.00320062511366
0.0228717850535
0.00191302613587
0.000818617249623
0.00246148597105
0.000216886766018
0.0165204099407
0.00237528126766
0.00807475444553
0.00823055879531
0.000756275954199
0.00334910432522
0.00121119115569
0.00134425687397
0.000875119729644
0.000491562129495
0.00100866814286
0.000889350562622
0.00063737652015
0.000662804198116
0.000448014525932
0.000727319214668
0.00112055159686
0.00234510904565
0.00136812886158
0.000548339068961
0.000534923643179
0.00542197746435
0.000831910712263
0.000704308123621
0.00157517669814
0.000522986520117
0.00241119380411
0.00302688514904
0.00190651091669
0.00530113427118
0.00592411683292
0.0012360010281
0.00165391276169
0.00190550872872
0.0014988435885
0.0
0.0
0.00112419826752
0.000673669201791
0.00415018446189
0.00278347427305
0.00153142588408
0.00134219159848
0.000933242711555
0.00195002891103
0.00733111439842
0.00808308138212
0.0126484119219
0.000609272454173
0.00692789115646
0.00612461793834
0.00802514200124
0.00692789115646
0.0
0.00781477906478
0.00619495257453
0.00881775067751
0.00823251823252
0.00727671312427
0.00552153056671
0.0079863934056
0.0107679539295
0.0103892841012
0.0111952861953
0.00336890666062
0.00226018357234
0.000773237772874
0.00164228457226
0.000911186163312
0.00445500209944
0.0185145013558
0.00226370638717
0.000507273827522
0.00179737744452
0.0
0.0008803498863
0.00267964731802
0.00294244609934
0.00195044815916
0.00123326541886
0.00103373110922
0.00111271583398
0.00169735161987
0.00208022673077
0.0148770302782
0.00554822395717
0.0019538749304
0.00103501156564
0.000529225541443
0.00376900637889
0.00326150895936
0.00306460694161
0.000936219833988
0.00251861043287
0.000975804326383
0.003619324025
0.00690114292378
0.00160529173456
0.00654909468729
0.00554728996067
0.0020698709123
0.00345840545105
0.00252745430494
0.00219356675482
0.0121097278419
0.0038478763342
0.00362332485948
0.00212364222247
0.00158236625822
0.00180704964924
0.00102410396901
0.00090465922132
0.000777331039671
0.00132841461518
0.00121696245109
0.00104856700797
0.00200996702055
0.000780584931287
0.00342018806137
0.00509670345029
0.00488917843844
0.00261815745542
0.00196273543005
0.000755577404374
0.00161980570635
0.00494141209363
0.00385111601174
0.00232645040483
0.00158059990887
0.00239595542781
0.00443209352225
0.00275009056234
0.00531630843377
0.00409301285714
0.024696803181
0.00154594625561
0.0020960536037
0.00149235068288
0.000988673483642
0.00170102427647
0.00482712282966
0.00217906377285
0.00154324331033
0.000762147050419
0.000937129879222
0.000644255200975
0.000750829203546
0.000896268510113
0.000877885021368
0.000968738824904
0.000786448626076
0.00121823900597
0.000995607457456
0.00011525156468
0.002935640736
0.00153308642547
0.00136702898001
0.0032439804742
0.000270662952654
0.0010483574089
0.00326604854981
0.00012468221488
0.0014275716302
0.0145305165503
0.00862381989833
0.013746725648
0.000287356321839
0.00447034632035
0.000808485040968
0.00331875557665
0.000600215511765
0.00201062509392
0.0049898989899
0.00504816017316
0.00627283391989
0.00333696966365
0.0048440952381
0.0386663449163
0.0115813305468
0.00338308982684
0.000651464551054
0.0123917981827
0.00133460474431
0.00150330813329
0.00329003427892
0.00286330763616
0.00259812732069
0.00162983157616
0.0176272207091
0.00607524769394
0.00264265174826
0.00212896119342
0.0023143792506
0.00177526817557
0.00331185866945
0.00163631249548
0.000836783170114
0.000642413102231
0.00130163220967
0.000452135081448
0.00168820642877
0.00122255577172
0.00169494789617
0.000700179183646
0.0051759183383
0.0
0.0
0.00280640198886
0.0
0.00222114972115
0.0
0.0
0.0
0.0
0.0
0.0
0.0021691242952
0.00127618488116
0.0155604038448
0.00107200387579
0.000915017083889
0.00141824611299
0.00174284925528
0.0024238725064
0.00258695146934
0.00217011019973
0.00194609929616
0.0013491033122
0.000745225809082
0.000437313466371
0.000522466096089
0.0012780165745
0.00242432619639
0.000272323004638
0.00388117248526
0.00145166775707
0.000927038619293
0.000923646162147
0.00273725344401
0.00161652725763
0.000486887522706
0.000829554031466
0.000870169144557
0.000897308435444
0.000567219759111
0.00097400220311
0.000427893728596
0.00180970557276
0.000383089374266
0.00150332920569
0.000471458025962
0.00039966336788
0.0003961438508
0.000546278783998
0.000591161092483
0.00144430693639
0.0039293687209
0.000563278171268
0.00179225359122
0.00127152598905
0.00123271513777
0.00242767961811
0.00160859087918
0.00184623355037
0.000634275170848
0.00242480316919
0.00221748958759
0.00362279665797
0.00586485231217
0.00292491539683
0.0133433943752
0.00290771537112
0.00400483557612
0.0438841586538
0.00223451602507
0.00318813103928
0.00214025681318
0.00103004901743
0.00116641814737
0.000980585132717
0.00081925813177
0.00189014083012
0.000915487468291
0.00132619910957
0.000814974048284
0.00101881801396
0.00217669572927
0.000654662383576
0.00102782322377
0.00175302652457
0.00769099230084
0.00131640528322
0.00229356541036
0.00179982154313
0.00185477438654
0.00290287786288
0.00188218653396
0.000985435182552
0.00326960953299
0.00291220167254
0.00642091005132
0.00208157296259
0.00917291319414
0.000792195781083
0.0033912207681
0.00252049283085
0.00975717774709
0.00169756410685
0.00100356642197
0.00160720153278
0.000175786788152
0.00112322455694
0.00140384655862
0.00161255372205
0.00111728657565
0.000394496739174
0.00108230467569
0.00158755482764
0.000445772194108
0.00267521823285
0.00164822325443
0.00231155189227
0.00493045567539
0.00112204216135
0.00805737718384
0.000971580734106
0.001884938893
0.00474827338265
0.00133292363926
0.0018324166787
0.000704031839637
0.00366654761905
0.00535483333333
0.00443010204082
0.00314206301511
0.00431311783007
0.00668303099017
0.007219425548
0.00418687996032
0.00494697420635
0.00463057142857
0.00252897355838
0.00141925797675
0.00298636023092
0.00248203133414
0.00271209186003
0.00194416802282
0.00170073275109
0.00221372475399
0.00345477564393
0.00236476368367
0.00125542421999
0.00324800741675
0.000430299869466
0.00114553508309
0.00782875439966
0.000840587312782
0.00610386794265
0.000943586798336
0.0011440968646
0.000980410223928
0.00684598074909
0.00265999849744
0.0110039459354
0.00148036773917
0.000236233511765
0.000786887895855
0.0109623929184
0.000932758058828
0.0147160579955
0.00108521537732
0.00103842264445
0.00131504442112
0.0039972075362
0.00268168901417
0.00122029248794
0.000887928164989
0.00132009226055
0.00219180673039
0.00093136565273
0.00135866163229
0.00107345254442
0.0
0.0
0.0
0.019066267472
0.0107021220036
0.00367763498758
0.00878368902794
0.00077950423269
0.00101192665578
0.00148993771167
0.00630742158968
0.00144251328531
0.00108880282954
0.000894796530788
0.00119162811533
0.0
0.0
0.000767494202879
0.000754047939586
0.00186744138564
0.00084610894334
0.00147025816826
0.00132658430553
0.00310910612735
0.000936326746887
0.000914933068247
0.00108888320381
0.00260075740211
0.00277256545623
0.00139713185285
0.00163928262735
0.00730787171962
0.0185199876116
0.0182325511215
0.00231990753298
0.00165899884279
0.0010528679991
0.00102364873431
0.0100388850361
0.000998373011283
0.00146703260911
0.00727995645259
0.000786732463579
0.000991784108297
0.00129988502277
0.000379201299277
0.000705520273361
0.00234026100417
0.00113469384005
0.00284844074708
0.000692755191864
0.00052590932309
0.00125682620609
0.0
0.00401255504971
0.00233171683445
0.001890174989
0.00479307837569
0.00442997728708
0.00223591494732
0.00484929296383
0.00464976308109
0.00590166938282
0.00504691365958
0.0042851751487
0.00759612809047
0.00106364476367
0.00180080008775
0.00161508740513
0.00268205504896
0.00650657413677
0.00125723810834
0.00104338857828
0.000726904423046
0.00155869987475
0.000149997169865
0.00298110950666
0.000943451573379
0.00249197681606
0.00110777280525
0.00170047271925
0.00229294914931
0.000888079825561
0.00233329030978
0.00998168232946
0.00218583105527
0.00160826349453
0.00151121622551
0.0021878900652
0.000675191108604
0.000433058245281
0.00073755911216
0.00207527801277
0.000373465907173
0.0011348305569
0.00172149890278
0.00052572640065
0.0009757901396
0.000501879501325
0.0106709919959
0.0063662721186
0.0244987323633
0.0113441176471
0.00753600464576
0.00788046239837
0.0067986436525
0.00933908045977
0.00600069178374
0.00567858462676
0.00983735795455
0.00201358065975
0.00148467914601
0.00305885556852
0.00225581221011
0.00127542690915
0.0021844012719
0.00147508215279
0.00133915768537
0.00205074428481
0.0033763186262
0.00205472689294
0.0
0.0
0.0
0.0
0.0
0.00200028203623
0.0
0.0
0.0
0.0
0.00381598859579
0.00134490817147
0.000959953676393
0.00184787678657
0.0046883972851
0.00072341406909
0.0011361226723
0.000503839810516
0.000819278612703
0.000832986577759
0.00108812795826
0.00291909053932
0.00351110147833
0.00206861138752
0.00151557127771
0.00390221143636
0.00771364028021
0.000740472048756
0.00114404457968
0.00220247936943
0.000847285033944
0.00156230768794
0.00112491738494
0.00101255622594
0.00201332545883
0.00282184819377
0.000924180337538
0.00063140717223
0.00249163482092
0.0013007083124
0.00256501676929
0.00196633275555
0.00274659119132
0.00190422557896
0.00159278573091
0.00247565545304
0.0178584024347
0.00129970446521
0.00129072928422
0.00225112313797
0.000848330726763
0.00169252613146
0.000507428898796
0.00108465572547
0.00165913144008
0.000887971498618
0.00179645621109
0.00268925078609
0.00590888786007
0.000569387906327
0.00545829600856
0.00533962919224
0.00603678691839
0.00457250931404
0.00236685952257
0.0029161180086
0.00576927650729
0.00413937646048
0.00436964797449
0.00272826646168
0.0229282686535
0.00114203288274
0.00176276561686
0.00664968254839
0.00724429584165
0.00157389407998
0.000389321549759
0.000498220615836
0.0029998983267
0.000803000082167
0.00251050324712
0.000788022966098
0.00093045931709
0.00109655978191
0.00581815188975
0.00118714876032
0.00207621926091
0.000495551408202
0.000506617340829
0.00152013095142
0.000530456279185
0.00165083417671
0.000793168334416
0.00216855459819
0.000524833333919
0.000894350217434
0.00143270745125
0.000302788933591
0.00435211294648
0.00168196956027
0.000979590642384
0.0011358641806
0.00616500732225
0.00127399873398
0.00617064393659
0.00139268279319
0.00179115274164
0.00129013042078
0.00181180920043
0.00194919854373
0.00375266726654
0.000507137487764
0.00572514230127
0.00104239837409
0.00202364667798
0.000969760053595
0.00418804542961
0.000274536080065
0.000219510457324
0.000496137631963
0.000586530984281
0.0196375783364
0.0011968543742
0.00123506682134
0.0172952961672
0.00804536059438
0.00321614583333
0.00851825244785
0.0124404761905
0.00844444444444
0.0698996655518
0.0115263663053
0.00433617424242
0.00328914964508
0.00152502935539
0.00403974012513
0.00191524054473
0.00179420976471
0.00378004504081
0.00227946145449
0.0016931356111
0.005842985644
0.0020358556479
0.00165079737659
0.00070402036681
0.000648066742595
0.00110689420424
0.000999027319313
0.000444186081281
0.00208614278488
0.000453351552004
0.00112555891794
0.00189056814066
0.000160437950041
0.00136390964173
0.0
0.00633100693299
0.00104506974032
0.00150551717611
0.000357629657285
0.000620847040249
0.0010011420169
0.00144964588781
0.000664781191624
0.000893208278655
0.0013930346194
0.00469303386744
0.00155543291978
0.000963801692261
0.00150066127772
0.00118636323357
0.000471438885854
0.000368011150339
0.00111675959519
0.00061183849588
0.00109822947274
0.000345957246882
0.00215118451112
0.00429753458329
0.0096388774399
0.00475097846904
0.00188306519594
0.00205925943491
0.00350771142724
0.00261938221118
0.00321180638323
0.00580528077517
0.0026255397159
0.000840264359557
0.00138085600829
0.0027817877703
0.00122768011872
0.000426673859189
0.0003743134381
0.000546684041732
0.0
0.00325531572661
0.00338272835147
0.0
0.0
0.0
0.00327591578769
0.00259034105055
0.0020177316107
0.0030834201536
0.00595382634073
0.00268064156343
0.00417054535201
0.00360009165438
0.00116501814733
0.0
0.00176014544083
0.00128509385721
0.00383142114318
0.0061216827237
0.0166033989241
0.00214605874866
0.000520909823539
0.0024886665551
0.000888924110514
0.00139999394543
0.000192223540213
0.000543064733998
0.000826820980283
0.00121471201377
0.0011956480974
0.00145962815878
0.000944686990431
0.00161920481452
0.0020174998948
0.00240408463527
0.00787280865896
0.00103627325878
0.00306868721663
0.00407776725945
0.000756721797895
0.000843663813478
0.0
0.000421378257199
0.00143688712591
0.000250822609914
0.000880563672534
0.00216518836294
0.000730208611903
0.000373352105952
0.00108929527333
0.00321935416795
0.000552789909261
0.00183709328018
0.00189890379232
0.00570521029218
0.0
0.017292785143
0.00588960084276
0.0018046610306
0.010829796619
0.00949292899457
0.00247328798378
0.00212679408586
0.00169103639521
0.00224090178356
0.00231151898973
0.00201229644897
0.00244501985552
0.00561013809484
0.000809483850788
0.00336235789631
0.00237383912761
0.00252760185608
0.000465579105813
0.000784749732208
0.000344578518265
0.000602471224609
0.000840667183452
0.00526535503205
0.00311044452895
0.00200679999807
0.00660571017137
0.00704161940396
0.000602198375347
0.00133334862832
0.0227167895559
0.00438693099861
0.00319179669485
0.0103663208989
0.00280475387575
0.0020001776604
0.00607734455203
0.00752669254693
0.00391927259916
0.00091391358688
0.00172111622322
0.00163915115108
0.00203339294203
0.00154800177881
0.000461141432943
0.00206743444746
0.00419244914266
0.00248679766924
0.00444912914329
0.00446776248101
0.00300383579513
0.00235098245879
0.00529349661213
0.00429158244209
0.0013740702158
0.00214534883412
0.0052933245643
0.00286137338095
0.0034571773051
0.00112432935117
0.0034088611714
0.00115209435463
0.00244480764922
0.00147611666307
0.00084256488265
0.00100296756681
0.000800551228952
0.0035041505391
0.00508149794201
0.00101496793291
0.00203428389965
0.000381312523666
0.000861778017413
0.00183304507166
0.00714382067714
0.00134530723683
0.00222282076628
0.001533571832
0.000999464222562
0.000534397652568
0.00178979005893
0.004540053753
0.00270560781808
0.00871045287538
0.00338906342679
0.00776531330404
0.00218251068534
0.00258270406205
0.00130518045597
0.0545598297376
0.00168114242483
0.00370830342521
0.00761288780894
0.00186504210399
0.0
0.000315064718946
0.000399910098965
0.00490704711963
0.000807662054348
0.00026743549443
0.00328244624436
0.00365112757635
0.00118809119301
0.000528894271542
0.00324090715229
0.00137500877178
0.00576125580236
0.00418204374008
0.000999144646779
0.000593814398181
0.00364514851941
0.00510075619384
0.000675778217373
0.0094269221117
0.00179881249766
0.000903582802191
0.000710533272082
0.000519165367178
0.00196856778885
0.00132087890567
0.00637874984138
0.000561041905297
0.000298327008653
0.000384015360977
0.000767768454351
0.000826354576457
0.00194274231871
0.000329222897427
0.00203072035889
0.00224674644136
0.00258228539688
0.00102886791562
0.0197765155773
0.00387584859463
0.0
0.00243994022425
0.0124327467562
0.00482597321761
0.00301070040882
0.00214401473504
0.004086744798
0.002048766188
0.00218775526722
0.00160028616506
0.00241167097056
0.00215230161021
0.00226699220666
0.00289309049339
0.00139707447798
0.000868891504024
0.00155156695053
0.000356783623366
0.00133702898479
0.00260393692853
0.000291821774886
0.00145498742147
0.00110286129709
0.000863963022432
0.00194227009969
0.00913793251391
0.00626643125949
0.0017911166685
0.00148458761378
0.0144574531773
0.00140147075293
0.00242253967566
0.00246167200462
0.00124862121909
0.00185073410027
0.00103214494153
0.000892421534212
0.0123671052624
0.0
0.0
0.0030754888414
0.000514977193729
0.000634767625792
0.00310268534114
0.00260906566444
0.000826054061623
0.00130193596983
0.000436027147782
0.00249814671183
0.000432262315638
0.00232634457608
0.00195175840148
0.0027042198871
0.00937598706943
0.00399196180534
0.000978024272877
0.00321613697366
0.00155358017778
0.00463314856137
0.0017548832922
0.000439626244869
0.000822910376886
0.00077587754986
0.00161199679085
0.00421985497706
0.00406549752662
0.00113167074551
0.00108188079316
0.00274349294172
0.00157385024374
0.00146892139719
0.00164737296049
0.00961484216609
0.0175184562637
0.00245401560132
0.00175388036354
0.000626527732198
0.00355323991128
0.0029093026357
0.00160022073371
0.000487340623248
0.00511968293764
0.0022124556165
0.00574853308002
0.0032605971822
0.00330686918294
0.00583956719795
0.000468290996796
0.000997798514215
0.000529578991157
0.00101929109058
0.000515774638197
0.00071724691694
0.00066655812604
0.000485428525499
0.000392932292788
0.000766147224279
0.00175770510005
0.0046982486477
0.00149697779448
0.000779208213723
0.00314185697431
0.00159010127037
0.000901541885925
0.00152143793262
0.00187250638207
0.00120783349928
0.0113810825645
0.00106150655093
0.00806851467905
0.00440860288542
0.00378583283601
0.00476280700775
0.00359091584797
0.00119756490611
0.00589167543399
0.00617480952817
0.00528477402875
0.0042547391396
0.00375322784329
0.00146520276831
0.00093427313101
0.00066199793461
0.000410758003793
0.00110743595032
0.00117725814628
0.00106089908749
0.000462852328705
0.00147454944307
0.00148160724681
0.00533061094148
0.00166870541617
