0.0734327049539676
0.0736884554753089
0.0792149444313076
0.0734219754529515
0.0737235915492958
0.0835133787601795
0.0736938588450962
0.0794246651124195
0.0836767828150368
0.0737208875848157
0.073842762674504
0.0833609820836098
0.0737235915492958
0.0793932930441996
0.0686194182712003
0.0792836857052698
0.0738237778675579
0.0738536155202822
0.0793024540361398
0.0775343311217405
0.0793368857312019
0.0775223696390003
0.0775702377276937
0.0792555498600213
0.0738373374476526
0.0775163902815272
0.0793431492519638
0.0794215267899478
0.08555011704618
0.085586544602938
0.0855610420568704
0.085593833837244
0.0855901890648953
0.0794058388970094
0.0855683269476373
0.085593833837244
0.0684651543020642
0.0856521924404483
0.0795566989906986
0.0855064448887565
0.0795598480050665
0.0795755968169761
0.0795126389493255
0.0774476939082187
0.077585208630872
0.0737641748321039
0.0793682132280355
0.077585208630872
0.073645257025611
0.0775104118463674
0.0738481886986553
0.0793619457495953
0.0793713473384931
0.0738319130179254
0.0738373374476526
0.0852055955913523
0.0774865073245952
0.0738644715566662
0.0738509020097733
0.0793870216043288
0.073842762674504
0.0856704458272952
0.0927678035722527
0.0684138869979578
0.0855028075548749
0.0855974789200239
0.0855537584064016
0.0856084160313472
0.0795692965440798
0.0854918974097231
0.0795787473275794
0.0856047700170358
0.0794309425014819
0.0835446194771187
0.083645443196005
0.0792961969386145
0.0686897683001845
0.0793556792609262
0.073842762674504
0.0794246651124195
0.0793776163020299
0.0737425248560003
0.0738481886986553
0.0738346251331595
0.0775642509840241
0.0775822139879574
0.0775702377276937
0.0775522802685392
0.0793118415341514
0.0775462962962963
0.0775313404050145
0.0775044343333076
0.0774805334978028
0.0793838862559242
0.0686991592043202
0.0720791795166033
0.0793932930441996
0.0793462813832307
0.0855792566100396
0.0793901572004108
0.0794089759797724
0.0738264893851465
0.08555011704618
0.0855646843471968
0.0854882613133719
0.0856011243132746
0.0901022054868209
0.0900053734551317
0.0900295619457135
0.0834509673669351
0.0900618334976252
0.09003359462486
0.0899852263061288
0.0898645325703045
0.0977388767323122
0.0897802394139718
0.0901628313820482
0.0900699050008962
0.0899932840832774
0.0901304874220887
0.0833229697798781
0.0834786942437079
0.0833195158348533
0.0900981666591958
0.0900941281936351
0.0901062446765589
0.0853938312515932
0.0832815413300187
0.0898123324396783
0.0833022504040781
0.0901304874220887
0.0900013433036314
0.0919319429198683
0.0989855215207328
0.0916343742876681
0.0919067215363512
0.0921637855931038
0.0991515390686661
0.0918185555707825
0.0992690636112209
0.0975396709855874
0.0919487648673376
0.0855829004513327
0.097667638483965
0.0854337569600884
0.0855610420568704
0.0901224050576156
0.0976723844696049
0.09778642666018
0.0919403531241424
0.0918395321209906
0.0900013433036314
0.0854955338153977
0.0855792566100396
0.0855100825321195
0.0856011243132746
0.0974970896391153
0.0972094597862359
0.0902640560445482
0.0974309258361609
0.0902721638372406
0.0901466565008746
0.0901871045901198
0.0900295619457135
0.0901345291479821
0.0915634110787172
0.0899852263061288
0.0992886781268524
0.091881513987932
0.0900618334976252
0.0919277383946947
0.0919529713161627
0.0976107226107226
0.0972517902070834
0.0992102665350444
0.091764061358656
0.0919109241391925
0.0919445588033484
0.0901143241425689
0.0899369099288559
0.0977388767323122
0.0975586079697131
0.0900416610670609
0.0855610420568704
0.0854156042835288
0.0917598721753024
0.0900255296278049
0.0900456948302124
0.0899771699717982
0.0899973135130295
0.0899449590549067
0.0900174660755072
0.0900981666591958
0.0899208159978526
0.0976439154724314
0.0900537634408602
0.0856047700170358
0.0900618334976252
0.0900577982884538
0.0898203592814371
0.0989806470675137
0.0900658690684232
0.0900456948302124
0.0897642015005359
0.0908762094221901
0.0976439154724314
0.0853829488976679
0.0989416687176963
0.0918395321209906
0.0918353360442272
0.091881513987932
0.0989367985823981
0.0990391722099039
0.0917514949559502
0.0989660265878877
0.105296243910105
0.0976296871964251
0.0989757730943471
0.0975396709855874
0.0988832587199292
0.0988881235855554
0.0989221910527093
0.0994507941220128
0.0989465393324801
0.10532383148187
0.116164826908629
0.0983750978856695
0.0992641611931453
0.106937646307725
0.0978435476804751
0.10519704820223
0.0976202039825158
0.105224583813213
0.105822891439402
0.0976249453591724
0.0921891482823465
0.107469389937443
0.107131435881036
0.107538387459205
0.106869417269247
0.107125726163194
0.107097186700767
0.106914893617021
0.107137146207558
0.106670912275115
0.0993819530284302
0.0985390724580841
0.100863107185869
0.105158522548917
0.105235602094241
0.105153021187549
0.100079665405298
0.0984377295656007
0.105004701703061
0.104845860935788
0.0985294117647059
0.0983943606814177
0.105202554171464
0.0985149242758418
0.105180533751962
0.107711269492525
0.0984425506905671
0.104911529829323
0.0981780882137449
0.0984329089128306
0.0978721332229634
0.0980009751340809
0.0992298578199052
0.0922229869236063
0.099239656364175
0.0993475682087782
0.105783906110205
0.114120252086527
0.105368001677501
0.0919277383946947
0.105268670786635
0.0979198129293126
0.0984521943573668
0.114120252086527
0.105484124901601
0.099406528189911
0.0984473722877994
0.0978626028531087
0.105379050015728
0.104867741430584
0.105600504360618
0.0981828839390387
0.10672188595094
0.0921511094810196
0.10530727720438
0.0918773140741418
0.0917975886006576
0.105202554171464
0.106535220225791
0.099460636350141
0.105285212927557
0.106102195945946
0.0992494568437685
0.0994557149925779
0.0976012430805089
0.0988686669945893
0.0915842711987971
0.100868168816179
0.0921595598349381
0.0992298578199052
0.0920034787384996
0.0915717539863326
0.10714856868703
0.0990245344368903
0.0918773140741418
0.0917766312040546
0.105517349992126
0.0994261970716264
0.0988492180584243
0.105845181674566
0.0996776593106868
0.105489660963577
0.11422401545718
0.105489660963577
0.106377348504895
0.106405505558497
0.105917689835063
0.104594889941198
0.105334870558642
0.105912108757509
0.106591716603914
0.11314382212215
0.112813604984004
0.10726865193724
0.114159141250639
0.106552162849873
0.113213923622846
0.113003879237645
0.106755895474825
0.114445140351876
0.10708007032124
0.112523092425684
0.104769351055512
0.11447121134461
0.106371718882303
0.105828463117991
0.106563460926731
0.106074199166183
0.0982837025084348
0.0981014202742935
0.106716219803557
0.0992151636309788
0.107188566552901
0.114023144996596
0.114464692482916
0.10726865193724
0.106875099696921
0.107262927584183
0.11241610738255
0.107406219942289
0.115464154411765
0.106371718882303
0.107262927584183
0.112428683297908
0.105489660963577
0.107297282869802
0.105861905514299
0.107142857142857
0.107907875664358
0.114451656986676
0.106236786469345
0.114288963438904
0.106512638439934
0.107211435886495
0.10668223555013
0.107280102476516
0.107994842037395
0.113233057292547
0.114353985321727
0.0983029295251137
0.106085396104924
0.0982933150765319
0.106040622527038
0.105822891439402
0.106710554257804
0.0983173547251027
0.106529573881704
0.106163840912692
0.0981780882137449
0.107234314980794
0.114178595773688
0.113201171435008
0.107017357043978
0.112491605104097
0.107297282869802
0.108198309737848
0.107343124165554
0.107005962521295
0.10734885708182
0.0982981220657277
0.106107797075437
0.106046217157328
0.106225557552056
0.107085775173149
0.105889790327679
0.107194282971575
0.107177135544417
0.106490066225166
0.106444950484563
0.106467503575401
0.105795041844308
0.106158233865005
0.1072
0.107154280840175
0.105973532978331
0.107977437550363
0.107234314980794
0.11542437119559
0.106130207508316
0.115457521971394
0.107954240292175
0.107954240292175
0.106433677521843
0.106456225835496
0.115444259376256
0.105434326479228
0.106321079079609
0.114321465134797
0.105884212189854
0.106535220225791
0.10639424094855
0.114036083059117
0.105522889542209
0.106966100792933
0.113099257258609
0.106801275239107
0.113169303530207
0.105528429673964
0.114327967692395
0.107308739522716
0.10702875399361
0.114217524718718
0.106665251538951
0.107989039918337
0.107171420954412
0.122062306431044
0.11952901998097
0.120086031783965
0.119514805565466
0.119714115544967
0.128491977242217
0.119578797072997
0.120078857757333
0.119033518891389
0.121062458591821
0.107234314980794
0.114211034717882
0.105412208936438
0.110933274463271
0.114230506933394
0.107308739522716
0.11280094281385
0.107211435886495
0.107188566552901
0.106490066225166
0.123821844391055
0.12379134076492
0.119415399239544
0.113919746089322
0.112743998205071
0.112441262027299
0.112756647593403
0.113175675675676
0.113220300794232
0.11234071093226
0.120424180696184
0.119330325338399
0.120474706305442
0.129836573864737
0.121318203766296
0.113790760869565
0.122047483150161
0.119878332438719
0.119593026715059
0.12213647687914
0.10654651470978
0.114172110195967
0.110970021531497
0.106552162849873
0.114087864683846
0.107228594291811
0.113099257258609
0.113105621518204
0.107280102476516
0.114146175251292
0.123768472906404
0.120953183295222
0.121310881767156
0.121398804131183
0.121428139914215
0.124020484975628
0.121018724787766
0.131106907572892
0.128829637225997
0.121040587739371
0.113099257258609
0.112883297764798
0.113105621518204
0.11299117432121
0.114074914869467
0.113061086736416
0.113029297643817
0.113035654032167
0.120409752590906
0.11269342901996
0.112346990106758
0.112788283485775
0.113990812680769
0.112687111061277
0.112883297764798
0.113977884888007
0.114100817438692
0.105473054520649
0.112743998205071
0.11273767457513
0.107257203842049
0.112674477268905
0.106484424666243
0.131055617135033
0.121033299211176
0.121332850416516
0.119536128456735
0.121150021095775
0.11992124574906
0.120604824192968
0.12883789500673
0.121179236751673
0.118991238456074
0.114061967994552
0.11302294197031
0.112927692566998
0.113887472378038
0.114023144996596
0.112819937135159
0.112718707940781
0.11302294197031
0.113131085720718
0.113790760869565
0.10726865193724
0.114133212196922
0.107245758190161
0.114036083059117
0.113926203026696
0.112750322544455
0.107297282869802
0.107234314980794
0.11314382212215
0.112725029443105
0.121011438892234
0.119068775546472
0.11919587262053
0.119160540668722
0.120684479135395
0.11922415327125
0.126486690579573
0.119089939566299
0.124604798214618
0.117399684597862
0.125163459742201
0.118696114326208
0.124651162790698
0.126789882041254
0.132323897300856
0.121398804131183
0.128747117601845
0.120989586468428
0.121215776142805
0.120395327942498
0.118899733806566
0.11886457717327
0.121714908562432
0.120050170220391
0.120720720720721
0.120924076525087
0.120793269230769
0.126773888363292
0.120669988593384
0.120050170220391
0.120028663561448
0.12221073752052
0.120215311004785
0.11922415327125
0.11922415327125
0.119210011268608
0.119358669833729
0.119231225530905
0.126646084052675
0.123859995070249
0.123776094587105
0.123837101842154
0.120532501798993
0.127586644661673
0.118367587303457
0.127424876378851
0.120043000477783
0.120107559008067
0.119026470065731
0.121722279416218
0.122047483150161
0.119231225530905
0.125397716638593
0.119153476791748
0.126869911001704
0.124458204334365
0.12663810483871
0.126781884697868
0.126909963379215
0.126853897128432
0.126662045497511
0.126757898719808
0.126614173228346
0.118304885226604
0.119245372567632
0.118221385719327
0.118235294117647
0.128098910203301
0.123875261925305
0.121201157742402
0.12854950115119
0.119330325338399
0.119210011268608
0.119238298629649
0.127578546493177
0.12077875255378
0.126646084052675
0.118235294117647
0.121026011560694
0.11918880455408
0.126082047421904
0.118207480592802
0.119408305114953
0.118124118476728
0.119139351549997
0.126606198034769
0.126606198034769
0.125452502808638
0.123844731977819
0.127619047619048
0.12122308666546
0.121340175067914
0.120982304080896
0.121040587739371
0.119005328596803
0.120945905289127
0.118984194636832
0.120924076525087
0.121670702179177
0.121958619015836
0.12616910426213
0.118179680150517
0.119146413752223
0.119146413752223
0.118242249544091
0.119521912350598
0.12683788729728
0.132106473874466
0.130672214276427
0.134565173729665
0.12915247702885
0.136271186440678
0.130130778195002
0.130919038624373
0.135939402137157
0.135994587280108
0.132402345036559
0.130859375
0.134881223996779
0.129836573864737
0.134565173729665
0.129828187572665
0.129886914378029
0.129052969502408
0.134817895231068
0.129727636504453
0.141280663527096
0.131708275997641
0.125093353248693
0.124327333457042
0.117379117028732
0.126646084052675
0.124790463773515
0.118668083599008
0.125108925681564
0.125054439121508
0.124790463773515
0.136716093048565
0.131449872474004
0.126861903559707
0.13470044229996
0.124992226851564
0.131725539026149
0.125475997253262
0.124697561883492
0.131441276484436
0.131863806337335
0.141569235103536
0.131124013308109
0.136576747978528
0.132769667745558
0.130884938464544
0.118682097307511
0.119486386874331
0.126003009027081
0.119507699625424
0.126701966717095
0.11826312073429
0.124829213762266
0.124265842349304
0.125963526978755
0.125397716638593
0.126733921815889
0.126542432636615
0.131613410162389
0.134394223054293
0.125397716638593
0.141489511474025
0.126646084052675
0.131467067826542
0.125421190565331
0.135189669087974
0.13465532256984
0.138611130266878
0.13048558815892
0.130021346788279
0.130536433303026
0.134682390779952
0.134277506847485
0.129903703224973
0.129493621955934
0.139573640719394
0.139641517298875
0.13014763014763
0.134962734170416
0.13679052674561
0.139690041003544
0.12987012987013
0.135335308375976
0.130291048162313
0.118682097307511
0.125202441759063
0.126494650723726
0.126701966717095
0.118661077985713
0.125405540304467
0.118682097307511
0.124089393752315
0.12663810483871
0.118598064668397
0.119557458957887
0.131124013308109
0.134754625905068
0.132489618350801
0.13482693855648
0.132306477093207
0.131467067826542
0.129385259092372
0.134772696794958
0.134745592277268
0.129028116574657
0.139777468706537
0.139100346020761
0.132037049201866
0.130884938464544
0.131106907572892
0.134718498659517
0.129652325356383
0.129102704091464
0.132202052091555
0.135262449528937
0.134592205705102
0.132054398528349
0.129268763264519
0.135244247073072
0.132184663948441
0.133324489254444
0.133634731733262
0.133421838698971
0.131811922093252
0.131432681619041
0.131777355274372
0.135371767241379
0.136437686668477
0.131985028563924
0.132080431068472
0.132054398528349
0.135930208967336
0.134484142914492
0.132089110862851
0.135884261763115
0.126494650723726
0.134790772532189
0.134872173387908
0.13040939466684
0.128582395087001
0.136086662153013
0.131751442055585
0.128524841741799
0.134799812219167
0.126558367963733
0.14480224767668
0.138496520361056
0.147295910889638
0.135664146868251
0.142381525819933
0.138420218993182
0.142502658631691
0.144843986452403
0.138697212255037
0.144729262672811
0.135426492386471
0.13217597159203
0.128500191791331
0.130757220921155
0.127903277123767
0.134890275820415
0.128491977242217
0.131716906946265
0.126765893037336
0.127635255270511
0.126423045474558
0.132115157092152
0.134385237681353
0.135838345610597
0.13447514551415
0.133404128227252
0.128483763743288
0.132037049201866
0.132210747878708
0.130316390041494
0.135307977112083
0.126383299798793
0.135545215456201
0.125916181168953
0.131432681619041
0.128598848368522
0.135636682637155
0.128574170024947
0.126614173228346
0.131760078662734
0.126765893037336
0.128829637225997
0.135472130484599
0.130816791409047
0.133183143387225
0.142089636646402
0.135380885027278
0.130774235523748
0.14480224767668
0.137812821391841
0.141979232888324
0.137718396711202
0.128377083732516
0.126598223845815
0.135271552594387
0.128491977242217
0.127191039676011
0.136400651465798
0.135380885027278
0.128123406425293
0.126685995209883
0.135371767241379
0.135884261763115
0.135253347688581
0.136391395806473
0.127943984723106
0.134466149317634
0.134881223996779
0.131398313394783
0.130384016606124
0.128524841741799
0.132936507936508
0.13491743858236
0.135098803602635
0.132045723295231
0.13215859030837
0.136289666395443
0.142623997729369
0.138324960429427
0.144875306328384
0.138563353095271
0.138182318163069
0.141848976711362
0.137812821391841
0.136799836656911
0.138229832886321
0.142069550466497
0.141838966904241
0.141919084939631
0.137680663059114
0.134205782199372
0.135144221071741
0.141778937716019
0.136753299768676
0.141939128592614
0.142029395138496
0.136920980926431
0.142250530785563
0.143520171367369
0.137445295404814
0.136688201292078
0.134872173387908
0.141879014611421
0.142240464227585
0.141748942172073
0.142109728506787
0.142099681866384
0.13343955387373
0.137257579896203
0.146192450360026
0.131837859110586
0.142411789712342
0.143325727324586
0.143142002563737
0.135253347688581
0.136651029981644
0.142351274787535
0.133483862398725
0.141559264736953
0.137042339946819
0.1371358395306
0.13752052545156
0.13831544178365
0.13294530061512
0.132910136877604
0.130697704662202
0.133200795228628
0.142019359853035
0.135545215456201
0.144718842249262
0.137803373097491
0.143407534246575
0.137727833356174
0.135435617545987
0.143448472737653
0.135180577039478
0.137577002053388
0.141559264736953
0.137850627528976
0.137916838205023
0.142009325985587
0.133262613538421
0.142009325985587
0.136040609137056
0.137417105353114
0.144645941278066
0.138630250362094
0.135353535353535
0.136604594263966
0.134691415935134
0.134152038977508
0.136086662153013
0.13491743858236
0.136762604613186
0.136493277196795
0.134628265237776
0.134664344097548
0.136641740312712
0.136920980926431
0.141909065235809
0.137210731107925
0.13826786819839
0.138496520361056
0.144427678378961
0.138210823076394
0.133430695698354
0.13859201544508
0.135417368456511
0.132954094456939
0.142019359853035
0.132734596843426
0.13504434291857
0.143890042236381
0.135126050420168
0.137201365187713
0.137182637182637
0.135162396610853
0.13714519650655
0.137567586065293
0.142705005324814
0.134971796937953
0.138277380297193
0.142069550466497
0.146224356176342
0.13740771123872
0.137746710526316
0.137445295404814
0.134430176565008
0.134664344097548
0.143050316703437
0.14227066817667
0.142069550466497
0.136716093048565
0.141939128592614
0.134962734170416
0.142290811269999
0.134935553168636
0.141380037982697
0.130400934215648
0.134196822005608
0.133015683938852
0.129886914378029
0.129928894634777
0.134565173729665
0.130680709966842
0.137860082304527
0.13266451059336
0.134808853118712
0.142532974046235
0.13504434291857
0.130291048162313
0.130265716137395
0.13776559287183
0.13504434291857
0.131656514049912
0.13014763014763
0.131950370905271
0.132585751978892
0.132568262762169
0.132019704433498
0.129912099276112
0.136948967772706
0.130071830712483
0.131295316480502
0.134385237681353
0.131252448739715
0.137727833356174
0.130206646369113
0.136986301369863
0.134457154324704
0.136225008471705
0.132184663948441
0.136031402273958
0.135526936821522
0.130723204994797
0.132210747878708
0.137926302065464
0.130655226209048
0.135517799352751
0.140255390412393
0.135709945310918
0.130604288499025
0.134430176565008
0.136363636363636
0.135399124284271
0.130689206762029
0.133236112952406
0.130054998382401
0.132857426135237
0.137652376386796
0.132236842105263
0.132184663948441
0.129962498383551
0.129752759666903
0.13601299228583
0.136169636203509
0.14162908680947
0.146096816397732
0.146118057574876
0.141609130618571
0.137737271294456
0.143787109235281
0.142452161587527
0.140235819437661
0.144770959377701
0.144386179153796
0.134143085958356
0.136902329382918
0.133883967228402
0.135435617545987
0.1308082780164
0.130316390041494
0.134241634942897
0.130731707317073
0.134376253509828
0.136967632027257
0.135627530364372
0.143725420092957
0.134854075813485
0.144750108022469
0.133821571238349
0.14005016722408
0.139972144846797
0.140412155082082
0.142968916708158
0.133094954310687
0.144729262672811
0.130774235523748
0.133059711372964
0.130731707317073
0.146309506478381
0.134709469874673
0.138030490317264
0.131269592476489
0.138096873926486
0.13609587649807
0.137945233683344
0.131656514049912
0.13040939466684
0.130672214276427
0.130350194552529
0.131622028681815
0.132787210147321
0.133042096902303
0.130655226209048
0.134565173729665
0.136151188782768
0.13641916655355
0.144562715765247
0.146171187549996
0.135985386645017
0.13641916655355
0.144739684597105
0.13609587649807
0.131639269107342
0.140864811829841
0.131777355274372
0.137888454414489
0.144334338647135
0.137860082304527
0.138049450549451
0.131855156127001
0.139699749791493
0.140628279577416
0.1318984185314
0.140588934741554
0.141639067014305
0.131785995279308
0.139972144846797
0.140825334547747
0.131389724146947
0.137426500752085
0.140884558771991
0.131630648330059
0.131846507051492
0.137539345832763
0.132437240561376
0.138410687233163
0.131933048900558
0.137370147621651
0.141013048968711
0.135390004041493
0.127078459884934
0.132254243979471
0.131907074419215
0.138678073685663
0.140667646441318
0.13215859030837
0.139767749113414
0.140707035351768
0.144417301336399
0.139680333564976
0.131768716402255
0.131976362442548
0.132402345036559
0.141619108010991
0.134385237681353
0.138239339752407
0.13776559287183
0.144541924349202
0.132228142885336
0.131149680281874
0.137935767224815
0.138087386644683
0.132167280378748
0.132037049201866
0.14096360193562
0.133297964055972
0.132245542469899
0.132141213595424
0.132228142885336
0.131768716402255
0.132071752414745
0.14096360193562
0.131458469587966
0.132071752414745
0.131794636417284
0.127054361567636
0.127062393324483
0.1401380464338
0.132620744259699
0.130987292277615
0.13375033271227
0.140864811829841
0.131959033613445
0.132193357448208
0.132210747878708
0.140835201793722
0.131777355274372
0.137548757955245
0.13215859030837
0.132167280378748
0.135810810810811
0.126917976889562
0.126853897128432
0.131837859110586
0.1315961765091
0.137182637182637
0.141818951527552
0.137445295404814
0.131889763779528
0.140953716690042
0.132254243979471
0.132289061471634
0.133112582781457
0.131794636417284
0.126877919454614
0.128262395507626
0.135371767241379
0.141798941798942
0.126725931530168
0.132559519883928
0.132271650434325
0.12709453050901
0.133289124668435
0.13416099319183
0.127030272388296
0.131933048900558
0.132428514955857
0.131985028563924
0.131915731443197
0.131889763779528
0.132306477093207
0.127586644661673
0.132507086821808
0.123161764705882
0.126877919454614
0.126630126630127
0.126893939393939
0.126654064272212
0.126670027728762
0.132341322096392
0.126998167688128
0.126934006946637
0.12320706141964
0.126934006946637
0.126885928918629
0.122973386356684
0.128344294744908
0.131950370905271
0.131872457682719
0.123997532387415
0.12414304243098
0.133015683938852
0.132097791798107
0.13251582278481
0.132080431068472
0.12294329928436
0.123154218491514
0.132419790500033
0.124181391325837
0.132184663948441
0.132106473874466
0.13217597159203
0.131933048900558
0.132376185458377
0.132507086821808
0.128131573914706
0.132089110862851
0.127279635258359
0.124419684308264
0.132341322096392
0.137595837897043
0.124273525411154
0.134134134134134
0.13406256252918
0.134394223054293
0.134205782199372
0.132228142885336
0.134403209628887
0.12682188150672
0.126845891707686
0.132384904169137
0.127118644067797
0.131837859110586
0.132411067193676
0.137567586065293
0.126917976889562
0.126550399798527
0.126893939393939
0.126630126630127
0.126893939393939
0.134412197405376
0.12682188150672
0.132063074901445
0.132132526952406
0.127134724857685
0.132045723295231
0.132358751481628
0.13217597159203
0.13215859030837
0.128681177976953
0.137642950078751
0.137784480394845
0.127046330826117
0.137954701441318
0.126717942251923
0.13182921230406
0.123078807176535
0.124342715743891
0.128623536187368
0.132141213595424
0.132184663948441
0.132097791798107
0.132507086821808
0.132228142885336
0.127529979062242
0.122973386356684
0.134394223054293
0.130038170408229
0.131924389603571
0.124365796312338
0.128631767566876
0.131907074419215
0.132184663948441
0.134071504802561
0.133883967228402
0.129102704091464
0.129510309278351
0.138002059732235
0.119160540668722
0.11917467093561
0.117978517344603
0.117964669288104
0.119358669833729
0.117909309555934
0.134376253509828
0.117798745824298
0.118040873854827
0.11927367671493
0.117971592909966
0.11792314461719
0.126781884697868
0.123928725568777
0.129627241067974
0.126749905410518
0.122166170303288
0.126909963379215
0.126813880126183
0.134098338781773
0.128508407390832
0.124227441285538
0.126893939393939
0.137784480394845
0.123928725568777
0.137793926098581
0.134403209628887
0.12441198316415
0.126869911001704
0.128156082631982
0.128213306117242
0.13776559287183
0.12682188150672
0.126942023493748
0.134592205705102
0.134944612286002
0.137964170499005
0.132971685631119
0.126877919454614
0.126974099810486
0.127449115465094
0.133955348217261
0.12680587975522
0.127070426096852
0.128409889478055
0.126765893037336
0.137671232876712
0.126982121422705
0.11792314461719
0.118256162852268
0.117936982925541
0.11931615813843
0.128237846114585
0.126829883897022
0.127030272388296
0.117957746478873
0.119082884057112
0.115750071983876
0.128188775510204
0.126974099810486
0.128286954301762
0.134331350664974
0.127255460588794
0.134367270539475
0.137822270981898
0.137860082304527
0.119033518891389
0.118500176865936
0.118290960451977
0.117784939935541
0.115823441281549
0.119118169965628
0.117971592909966
0.119132290184922
0.115783410138249
0.115776740971142
0.133928571428571
0.126917976889562
0.128442711994377
0.134116234069527
0.13291892606798
0.119047619047619
0.117957746478873
0.117978517344603
0.123821844391055
0.132848645076008
0.124212087504635
0.137803373097491
0.128246028201365
0.123928725568777
0.134250601122095
0.12394400937288
0.134394223054293
0.134412197405376
0.126869911001704
0.12683788729728
0.128533060493669
0.13294530061512
0.120996869732723
0.120786010456102
0.114654041412355
0.121310881767156
0.114660581859669
0.121943820906388
0.121296240420011
0.114647501711157
0.114667123053226
0.118360617124014
0.118977151651474
0.118948988045923
0.119005328596803
0.118020081028712
0.114817776762253
0.118242249544091
0.114614814392427
0.120894983760375
0.123997532387415
0.118570080226522
0.114412568306011
0.121384141554442
0.121428139914215
0.120720720720721
0.114393033976438
0.114516864175023
0.119096995911596
0.114575614205096
0.114523388980685
0.114386524015479
0.121384141554442
0.121472170181906
0.114739125470944
0.114614814392427
0.115001716443529
0.121406136748007
0.114660581859669
0.122062306431044
0.121700169532574
0.117992368652774
0.110378912685338
0.118920837770678
0.118033942098773
0.118311848843369
0.115810094491818
0.12130356065178
0.117971592909966
0.118235294117647
0.118963068181818
0.124327333457042
0.115133463168748
0.121751771760858
0.120800528877937
0.11478499229056
0.114804660726525
0.121215776142805
0.114824335904027
0.122568449295689
0.121435476075399
0.121825565185769
0.121266968325792
0.112065120428189
0.117715959004392
0.114432109308284
0.11761952132951
0.118535118240255
0.118346679227508
0.11030017011469
0.119012374918586
0.118927874090291
0.118675090039558
0.115770072572284
0.115790080073737
0.121274285024738
0.115763404941542
0.118304885226604
0.121340175067914
0.115816767502161
0.117950824482131
0.121004153873939
0.118991238456074
0.118096357226792
0.114562553434027
0.114647501711157
0.121825565185769
0.121818181818182
0.118591067319606
0.11542437119559
0.117812554949886
0.119054670378487
0.114627887082977
0.117930063365407
0.11801315171442
0.11801315171442
0.121033299211176
0.118598064668397
0.110203410274686
0.118360617124014
0.107757465287085
0.120409752590906
0.114204545454545
0.121692801356178
0.11422401545718
0.121560326579982
0.107745912623961
0.105867481302012
0.114484251295779
0.122017847386633
0.11418508208828
0.12141347025068
0.114204545454545
0.107613234821715
0.0995887628201952
0.108093573541275
0.108000644779969
0.10778057804708
0.116616384311905
0.107844189290696
0.108035474334856
0.108047089179165
0.121442813123074
0.099885702926999
0.10765934654526
0.101295167061432
0.106949026284985
0.100069700288758
0.107108600660769
0.107792138145546
0.10766511328941
0.107826833324392
0.108006448146158
0.107786357786358
0.108000644779969
0.109203520591112
0.114094340693648
0.112706067062914
0.114178595773688
0.124327333457042
0.120989586468428
0.11426297538514
0.113290497125465
0.109268823049742
0.114204545454545
0.107676648631274
0.107245758190161
0.107989039918337
0.107902082885978
0.107653580418831
0.107682417229187
0.105912108757509
0.108006448146158
0.112202746455286
0.120626537838324
0.112504197917833
0.114204545454545
0.121164627162578
0.120880442626894
0.121737023802314
0.101295167061432
0.107757465287085
0.107682417229187
0.105962359639412
0.105694904559079
0.107711269492525
0.107561406325253
0.107532634282046
0.101295167061432
0.10766511328941
0.107861550845184
0.107792138145546
0.120894983760375
0.10765934654526
0.105772772720097
0.114049024058103
0.107062959411953
0.11422401545718
0.112516793551276
0.113405551794177
0.107769020427859
0.114113773135006
0.107948442534909
0.124288894385357
0.107320198622457
0.114172110195967
0.114288963438904
0.114152657882781
0.107538387459205
0.107989039918337
0.107676648631274
0.105345911949686
0.107688186445218
0.107097186700767
0.107630522088353
0.107630522088353
0.107711269492525
0.107188566552901
0.107647814910026
0.107728588273127
0.10910867441103
0.113418350073355
0.0943351950063359
0.0941540191118606
0.0947755563938137
0.0952561489976778
0.0948202660628361
0.101963171511186
0.0942113897351769
0.101787613308351
0.100530159047714
0.0936888225971847
0.100515077261589
0.0935492879084055
0.0928535131888945
0.100540216086435
0.100545245360412
0.0935972060535506
0.100671140939597
0.107797919124745
0.107584435047905
0.107653580418831
0.10102533172497
0.100878293601004
0.107515378443434
0.101010101010101
0.10752688172043
0.101880480510923
0.0947219604147031
0.0942158057560701
0.101839185286518
0.100414647549583
0.093960359012715
0.0936669928701244
0.101797923524943
0.102020099482286
0.0941584297559376
0.0948963693876587
0.0941804891762721
0.0947085708900721
0.10181339276669
0.0947174968191885
0.0935972060535506
0.100635858408852
0.0941981441559659
0.0938419160558383
0.100761981150993
0.0941849023007357
0.10172579583987
0.100863107185869
0.107890499194847
0.0995197306530673
0.0931763396996106
0.107705497803022
0.101076133963592
0.107815265783404
0.0996776593106868
0.0995345152025354
0.107884708281896
0.0936669928701244
0.100550275137569
0.0938287741574083
0.0937325125909345
0.100726634928589
0.0943972197435777
0.101885644768856
0.0952877595524794
0.100469859042287
0.0942202221909717
0.107125726163194
0.101015177404764
0.0935884900125716
0.106795600658839
0.0998956314298494
0.0937806186721411
0.107647814910026
0.0995197306530673
0.0935492879084055
0.101020254309695
0.0938068791711392
0.094646136459952
0.100565367488868
0.099406528189911
0.0935014188026236
0.100384557758578
0.100434717433668
0.0935405807892777
0.093579775594767
0.0935972060535506
0.0930598638825872
0.100449775112444
0.100419664268585
0.107572919454108
0.100847925342431
0.100944154278827
0.106772908366534
0.100817575362392
0.107469389937443
0.100989800532583
0.107480883375221
0.106914893617021
0.100858046063526
0.100540216086435
0.0888280007070886
0.0824649216378108
0.0825360325216606
0.0824716888232398
0.0825394218134034
0.0824716888232398
0.0888672738526837
0.0824581555628487
0.0881153829292885
0.0818703922447151
0.0873913043478261
0.0878112712975098
0.0824480085319332
0.0878227814916765
0.0878189444250262
0.0817372209344882
0.0873875048910917
0.0878074352365558
0.0877997641200367
0.0877575969263011
0.101648629513503
0.0878496503496504
0.0819939626335971
0.0881076579143471
0.0819237823517424
0.0819638706520409
0.0819171047805355
0.088076771394768
0.0881811002895499
0.0819638706520409
0.0881424311524294
0.0878880629645824
0.094481526746263
0.094468205104103
0.0935972060535506
0.0819371407606702
0.0939120684016259
0.0877959290643837
0.0938638274026338
0.0831368656160814
0.0825157026150499
0.0880999342537804
0.0819237823517424
0.0881076579143471
0.0882198033707865
0.0880922119472323
0.0819338007500408
0.0819304610116985
0.0819839295182934
0.0819605284619149
0.0882081888796244
0.0819338007500408
0.0819505035267256
0.0881076579143471
0.0819672131147541
0.0881927076477557
0.0881115202524987
0.0882081888796244
0.0819805856921445
0.0877805921914578
0.0878266188936468
0.0945971385542169
0.0881849690694511
0.0877614286338034
0.0881501622664679
0.0869753353526612
0.0881501622664679
0.0873419371659497
0.0877690930527051
0.0878074352365558
0.0881656285639091
0.0878189444250262
0.088169495986314
0.0817604946306541
0.0878074352365558
0.0933190955940387
0.0880613362541073
0.0769996935335581
0.0774119006354708
0.0824784571194091
0.0824513905980802
0.0770232985898222
0.0824987686750944
0.0826548235874661
0.0775672442403427
0.0774119006354708
0.076979050974685
0.0648219814241486
0.0727470141150923
0.0778556764922338
0.0778828270303782
0.0727522802953525
0.0685936593522847
0.0648219814241486
0.0731441048034935
0.0580455123021832
0.0580538948098085
0.0580639570153393
0.0580438360911375
0.0580639570153393
0.0580404839594583
0.0580421599768986
0.0580371322149395
0.0580421599768986
0.0582119377914217
0.058215309757581
0.0650696018128844
0.0613796683665679
0.061362803761143
0.0648345268047223
0.0648324355707512
0.0583386544378011
0.0613834173156207
0.0613871667226583
0.0650211884967489
0.0773731619062284
0.0773701836098387
0.0727549136714084
0.0723463988770111
0.06863113326732
0.06863113326732
0.0773463654904375
0.0723568163000828
0.0773791191869418
0.0685889779901041
0.0773493419533595
0.0613515658384714
0.0647781107995746
0.0648261626781913
0.0648868515350099
0.0688521220840612
0.0613871667226583
0.0613553113553114
0.0647739357416777
0.0613834173156207
0.0647781107995746
0.0580354564878443
0.0773166134553987
0.0731494286338161
0.0770085437339565
0.0689158609339642
0.0730962251800131
0.0727364840413983
0.0770055934411156
0.0729026876065431
0.0769702075515049
0.0727812579208459
0.0647655872402127
0.06863113326732
0.064769761221925
0.0648178007094486
0.0650232919254658
0.0685936593522847
0.0688309019930142
0.06863113326732
0.0688521220840612
0.0688474053776332
0.0685936593522847
0.0769731551334584
0.0768495507551138
0.0764432950483
0.0769672601952901
0.0773672055427252
0.0764491099954359
0.0773910365008471
0.072900043522414
0.076979050974685
0.0650022637604295
0.0648198909993873
0.0731467666217839
0.0646260690630828
0.0731441048034935
0.0731494286338161
0.0648219814241486
0.0731520908396113
0.0646260690630828
0.0686522303436027
0.0686053655539627
0.0582136237256719
0.0581967687764202
0.0582001389854065
0.0582169958871575
0.0582136237256719
0.0582001389854065
0.061524334251607
0.058215309757581
0.0615431720759339
0.0615450564928504
0.0552729272652276
0.052575135361356
0.0478594218772323
0.0552683677958645
0.052575135361356
0.0525682602782718
0.0552744472555274
0.0526439852282549
0.0501134408736194
0.0501071944956873
0.0338241480858225
0.0338167502271274
0.0457890060824202
0.0349808562478246
0.0349820738626475
0.0338241480858225
0.033825855743664
0.0338161812951093
0.0457660693549489
0.0316969706527053
0.0478594218772323
0.0478582823400557
0.0501634680176695
0.0438749672574871
0.047897057071369
0.052575135361356
0.045783791171245
0.052575135361356
0.0458171871438341
0.0457890060824202
0.0349899904256245
0.0362227428365471
0.0349826827018466
0.0362227428365471
0.0375511424141088
0.0375427258633893
0.0375504408907488
0.0389701035325139
0.0375441283598259
0.0349808562478246
0.0362253541433875
0.0552562128876182
0.0580304298871149
0.0580354564878443
0.0580321053239404
0.0580287545470293
0.0550443641143608
0.0580287545470293
0.0550473790874733
0.058027079303675
0.0404784920251329
0.0404801224473356
0.0404931705548169
0.0421136439825679
0.0421321818601044
0.0404801224473356
0.0421321818601044
0.0421136439825679
0.0439017997553731
0.0550413494714935
0.055011221194373
0.0551470588235294
0.0550172442108721
0.0580254041570439
0.0580287545470293
0.052575135361356
0.055269887535403
0.0580304298871149
0.0553597003415225
0.036220131906152
0.0362279658267546
0.0389693479904612
0.0375511424141088
0.0375490379226602
0.0389587734770221
0.0389625494301
0.0438768827766863
0.0421127616333885
0.0438778405990089
0.0551470588235294
0.0525682602782718
0.0551682494373388
0.0550127268248625
0.0552622896733751
0.052575135361356
0.0525682602782718
0.055251656175266
0.0525737602008788
0.0501159398608722
0.0338264250012622
0.0338156123822342
0.0327302926185862
0.0327297596560933
0.0327308255984367
0.0327302926185862
0.0327175063074795
0.0327175063074795
0.0327175063074795
0.0327153762268266
0.0327153762268266
