0.000568881781568
0.00269947879649
0.00309956171523
0.000481817104951
0.00203612887941
0.00632960199005
0.0020610045013
0.00579021558872
0.00665298507463
0.00200959488273
0.00395942904525
0.00581550580431
0.00211490168207
0.0061583747927
0.000370646766169
0.00491838426913
0.00438888888889
0.00430306799337
0.00498631840796
0.00472595356551
0.00586733001658
0.00447429519071
0.00431965174129
0.00572180762852
0.00461898839138
0.00363349917081
0.00620240069494
0.00609377714602
0.0065997591408
0.00599178709626
0.00599528152886
0.00614246229172
0.00518332938482
0.00582760799179
0.006668167101
0.00580729290058
0.000213101160862
0.00681825001974
0.00639145542131
0.0061010029219
0.00622561794204
0.00617586669825
0.00576127300008
0.00474336650083
0.00450912106136
0.00298057332386
0.00582669983416
0.00475165837479
0.00196772091921
0.00460572139303
0.00385163468372
0.00581218905473
0.00517868988391
0.00454145936982
0.00446144278607
0.00601335583985
0.00460074626866
0.00416625207297
0.00431550580431
0.00523267590618
0.00407504145937
0.00697929005765
0.00988310431967
9.53565505804e-05
0.00574030640449
0.00680042249072
0.00663002448077
0.00656576245755
0.00634211877122
0.00633483376767
0.00631392639975
0.00601891336966
0.00600007897023
0.00647372265656
0.0064767827529
0.00527783700545
0.000380182421227
0.00531307746979
0.00338728974177
0.00584618573798
0.00622885572139
0.00303612887941
0.00401954513149
0.00393040748638
0.00457545605307
0.00395936981758
0.00419154228856
0.0032504145937
0.00529270315091
0.00402611940299
0.00428067993367
0.00383913764511
0.00397305140962
0.00554145936982
0.000380182421227
0.000516998341625
0.00519536247335
0.00441675550817
0.00617687356866
0.00469577706705
0.00596857972045
0.00414552238806
0.00615904603964
0.00615282713417
0.0052575416568
0.0060553976151
0.00621344665561
0.0062146015952
0.00596158098397
0.00527522111664
0.00623408749901
0.00574433388612
0.00621448313986
0.00684146726684
0.00869496762221
0.00530705598989
0.00659653123273
0.00624667337914
0.00644935046987
0.00653890270868
0.00519985390508
0.00547431493327
0.00508252388849
0.00852886361842
0.00946904367054
0.00851435283898
0.00486974847982
0.00509827844902
0.00603010739951
0.00516254047224
0.0067378188423
0.00628993919292
0.00858187238411
0.00934638316355
0.00849770986338
0.00839862196952
0.00841976624812
0.00981404485509
0.00848386045961
0.00892337913607
0.00862943220406
0.00753832030325
0.00629769801785
0.00970121614151
0.0053544973545
0.00571975440259
0.00792551133223
0.00873485745874
0.00980071862908
0.00890028034431
0.00795835307589
0.00576227987049
0.00611652057174
0.00589098159994
0.0056044973545
0.00617995340757
0.0083903991945
0.00826104596067
0.0068984936429
0.00844139421938
0.0071020591487
0.00619478993919
0.00615291597568
0.00629014648977
0.00612057766722
0.00813659875227
0.00535183210929
0.00918849206349
0.00797870765222
0.00725628800442
0.00808816038853
0.00862132788439
0.0086438936271
0.00874777896233
0.00863767472163
0.00804646410803
0.00833726210219
0.00811345060412
0.00606792426755
0.00763799060254
0.00776775843007
0.00744064400221
0.00840753573403
0.00561196004106
0.00555267314223
0.00791935165443
0.00610002566532
0.00544325001974
0.00551337558241
0.00671226210219
0.00741665679539
0.00591790057648
0.00802610953171
0.00625372147201
0.00782787451631
0.00619360538577
0.00626909105267
0.00632929598042
0.00656810195056
0.00715220524362
0.00937872147201
0.00649735449735
0.00548989181079
0.00548864802969
0.0082612631288
0.0082773533128
0.00593640922372
0.00843327015715
0.00757073758193
0.00742279673063
0.00800848929953
0.00827305930664
0.008558477454
0.00708204019585
0.00846294322041
0.0100655964406
0.00692048685146
0.00852655373924
0.0075588920477
0.00813831635473
0.00875914080392
0.00862978757009
0.00969823681018
0.00849711758667
0.0100140387528
0.0163340584236
0.00826354339414
0.0100614208898
0.0111216976086
0.00981846898265
0.00916000534844
0.00690905591092
0.0097467738867
0.00981204278033
0.00722896430546
0.00766088209745
0.0106249255167
0.0109312609033
0.0109014595134
0.0129622369753
0.0111856338797
0.0105725682554
0.0106715376939
0.0110704064454
0.0108068136949
0.00974550049177
0.00935797653148
0.0096586511885
0.00999662581752
0.0100845196815
0.00908742183742
0.0103566116029
0.00836808023375
0.0105018405448
0.00896424802395
0.00788920656458
0.00693934099345
0.0111412920965
0.00966409474992
0.0106245602794
0.0111160018809
0.00970872280014
0.0105623712247
0.00778016842196
0.00907448866777
0.00886594803759
0.00862844507621
0.00907573244887
0.0079185816947
0.00946959646213
0.00905541735766
0.00989433962941
0.0136578139246
0.00970821667277
0.00771042604438
0.00936742065287
0.00899032614704
0.00777267432678
0.0136594722994
0.0100559423302
0.00989309584832
0.00898783858485
0.00854138039959
0.0107514259511
0.0103455387205
0.00996597549769
0.00929661666415
0.010768720431
0.00797040590697
0.00992451612787
0.00721329858643
0.00774984205954
0.00987974000847
0.0104105114758
0.00826604082761
0.009601547637
0.0100360122188
0.00944886677722
0.00914662797125
0.00803277264471
0.00856949380084
0.00801950564637
0.00953143015083
0.00792687356866
0.00923742399116
0.00725689015241
0.00795814577904
0.0110618579182
0.00837214720051
0.0077211758667
0.00732560412225
0.0102785791461
0.00841285635315
0.00736700426439
0.0101140742894
0.00739187988628
0.0102080982174
0.0132212198388
0.00997453658834
0.00946501080456
0.00892940510291
0.0111898884007
0.00960686107701
0.0118447687608
0.011533675418
0.0100719661074
0.0114774396416
0.011683611165
0.0122446255375
0.0131684587524
0.0116919129102
0.0134560683236
0.0131309084089
0.0121462483757
0.0142800140711
0.0124928289648
0.0121563063112
0.00998754693344
0.0140681261801
0.0088620138844
0.0111468989827
0.00921027259087
0.0111757724724
0.0065171876907
0.00847895892112
0.00913905131629
0.00857327898746
0.0113929836747
0.014151927053
0.0140451987896
0.0118283070578
0.0120743289325
0.0117811026039
0.0130276081713
0.0118481483276
0.0149628723267
0.0116920834141
0.0126384240414
0.0132795043541
0.00984084986324
0.0125054184345
0.0104503025996
0.0121555803235
0.0111460446684
0.0143621861831
0.0119901771805
0.0135101961333
0.0119333670752
0.012369282735
0.0126435167237
0.0130361863123
0.0115795517363
0.0129005648166
0.0138907922509
0.00650830354002
0.0101249551306
0.00655094746326
0.00992254456434
0.0106997300654
0.00885298166455
0.00663801213988
0.00886615982138
0.0123678774238
0.00873970874344
0.0118764591544
0.01358511824
0.0130046870625
0.0119727633478
0.0138770514312
0.0120409343973
0.0119683805001
0.011915075596
0.0121298943594
0.0123695295169
0.00623467169922
0.00870130946997
0.010412999038
0.00815695781554
0.0114698423467
0.0110813142082
0.0125063265921
0.0127463171157
0.0086669080643
0.00891542737252
0.0089604404026
0.0105263904145
0.0123898652481
0.0116692816581
0.011639825763
0.012330144013
0.0127202569404
0.0122487059651
0.0159015618157
0.0115664821635
0.0152015598415
0.0111252360133
0.0112022319858
0.00928160244951
0.00929407974557
0.0159454997739
0.00974636198517
0.00875510793794
0.0129691764841
0.0108346704429
0.00943059952761
0.00940933679367
0.0148125731372
0.0113347206967
0.0122421478466
0.0141071015773
0.0123645543925
0.012287449836
0.0120784847408
0.0140844541721
0.0124756753749
0.0122048344138
0.0135747704479
0.011242250149
0.0109908286849
0.0127825734244
0.0128168444325
0.0141912270979
0.0128688759416
0.0141833498177
0.012647453293
0.0162994360532
0.0128448295071
0.0131443734541
0.0126903386829
0.0151822032997
0.0102262380378
0.0114853070506
0.00919868729943
0.0106698532949
0.0121401479256
0.0108006773492
0.0113222137868
0.00991943870116
0.0101814619184
0.00980832759004
0.0131795236963
0.0131418548975
0.0132140238148
0.00980221457647
0.0111836650083
0.0108660566217
0.011175965411
0.0103419410882
0.0104729823107
0.010505705599
0.0122179046078
0.0127428690712
0.0122314381307
0.0165698650437
0.0123418977374
0.0107822001106
0.0128369818407
0.0123275350272
0.013116832587
0.0127996684079
0.0100431132577
0.0117773784397
0.0111782708033
0.0107097799243
0.0108691023598
0.0102703106043
0.0108851728012
0.0113509392073
0.0104436403839
0.0108591817249
0.0129618027771
0.0134461568006
0.0130005080602
0.0132870120482
0.0132440719866
0.0133224992945
0.0147183079497
0.017153108155
0.016784415902
0.0145655104293
0.0106936942273
0.010545995671
0.010426992024
0.0114236115598
0.00978905705958
0.0100070238634
0.0106893068927
0.0107870029363
0.011884427071
0.0104966590209
0.0103647096408
0.0108113598673
0.00949593931497
0.0100395245992
0.0107818303863
0.0111083471531
0.0114245017697
0.00996915763893
0.0114000290754
0.0109864422476
0.010377404105
0.0114846178559
0.0102428585787
0.0169840032825
0.013444937249
0.0132422754139
0.0129804950439
0.0133692595409
0.0130161356747
0.0140773110941
0.0164395233015
0.0153277014583
0.0123740036912
0.0111280403538
0.0103443101951
0.0102987048883
0.0106094527363
0.0108979408513
0.01094896549
0.00989009318487
0.0103422767117
0.0113494603103
0.0111711877122
0.00977505868924
0.0103726802495
0.00992213086803
0.0101556108347
0.0110648148148
0.0105565229409
0.0100607828462
0.00979519609743
0.0111856957995
0.0109644831399
0.00972934852599
0.0112493872214
0.0120835497421
0.0126050395155
0.0107133175697
0.0125206696979
0.0130442324398
0.0110482401788
0.0129984879686
0.0125056748807
0.0134619346242
0.0121270126363
0.0144068134049
0.013316688632
0.0145405198726
0.0109218263771
0.0148600272033
0.0140960001165
0.0117086314045
0.0110517687122
0.0109810316135
0.0110432206682
0.0115765623266
0.0136749592309
0.0117502855077
0.0104146028101
0.0104933756128
0.0133045888606
0.011646982578
0.013860351713
0.0132146220281
0.0116719188771
0.0127605728296
0.0130253600048
0.0116988067902
0.012431324756
0.0115828713161
0.0119066564309
0.0129610373043
0.0118658315151
0.0115092809347
0.0116422964128
0.0112041902266
0.013460139018
0.0124141191175
0.0133392864046
0.0128167502757
0.0133072146206
0.0133488812873
0.0116504982027
0.0123335413205
0.0127743235206
0.0126293613794
0.0122910538881
0.0129253812799
0.0130297404365
0.0129857638906
0.0129651822749
0.0132496823933
0.0130470645303
0.0134096958183
0.0137207101909
0.0128416925805
0.012391385563
0.0119417586974
0.012435401594
0.0120001473098
0.0138242228336
0.0119594605919
0.011887943179
0.0141992842011
0.0137140211226
0.012061714474
0.0121258382993
0.0134661506266
0.0107688040263
0.0129398930257
0.0133398984239
0.0106109380531
0.0115211785174
0.0131669787509
0.0123122232936
0.0122224481571
0.0123043304125
0.0110389118206
0.0132155178984
0.0132918722378
0.0127999666862
0.0123526336157
0.0133841301733
0.0115448668937
0.0116744274244
0.0142076640192
0.0143506297462
0.0106171000089
0.0138102759595
0.0108019442553
0.0135397535715
0.0117096678888
0.0122334169424
0.0125097520639
0.0119666343192
0.01389870163
0.011313165552
0.0133961009968
0.0126460247188
0.0130519014568
0.0115385077195
0.0111646195844
0.01139319891
0.010842342083
0.0118230896384
0.0127108300075
0.012103397915
0.0118865224742
0.0113910830049
0.0130392740896
0.0115510606033
0.0113983896148
0.0123600711063
0.0110368262197
0.0124749135607
0.0126780644728
0.0106923365468
0.0114387434014
0.0124261297022
0.0152777478878
0.0110102960196
0.0127103525275
0.0100513468704
0.0112799698919
0.0121812807149
0.00953476312245
0.0117000915061
0.0127155537939
0.0120649683374
0.0101903739572
0.0126219575753
0.010798734364
0.00944948894389
0.0114514754869
0.00963260723522
0.011816732535
0.00989338059674
0.00972906936899
0.0115946485107
0.012881270954
0.0143241627775
0.0139835837877
0.0127899685306
0.0127147888734
0.012904019488
0.0115742434735
0.0117350053208
0.0120163226768
0.0116797261611
0.0123161618647
0.0114695271561
0.0110618936067
0.0112086438989
0.0109024132308
0.0123855372102
0.0097210478162
0.0120942160382
0.0109628941401
0.0114342007495
0.00959446461499
0.0146902814571
0.00969977141432
0.0121094356859
0.00978269015396
0.0130609871748
0.0110007692004
0.0135954850153
0.0113360623622
0.0126378865745
0.0112002264596
0.0108324944127
0.010643967282
0.0130983619752
0.0120682474656
0.0143048974933
0.0144744663159
0.0136523359863
0.012570384632
0.0130065623293
0.0146204912418
0.0131670352174
0.0128407499769
0.013677488004
0.0115945083109
0.0120516510852
0.00990278412853
0.00957456411747
0.0118107000794
0.00979789192289
0.0104240585976
0.00925532696988
0.0119112922732
0.0114510086376
0.012042721789
0.0139296866069
0.0113121164353
0.0139837596759
0.0111116289736
0.0127687237445
0.0140644672492
0.0105537115593
0.0114714209919
0.0121247327162
0.0113298560892
0.014196093086
0.0139698505613
0.0119364119159
0.0120505204442
0.0130411606774
0.0112149759445
0.0104987394446
0.012397181039
0.0132028736879
0.0150662221968
0.0138336077273
0.013471266572
0.0124420805148
0.0134599475635
0.0130894634663
0.0131866520365
0.0136829206932
0.0142579621526
0.0148172490514
0.0162062563956
0.0146771163814
0.0135205884152
0.0127500848723
0.0125048863519
0.0126448305702
0.0125612196676
0.012980338277
0.0133602210393
0.012266584024
0.0143328578552
0.0101322386154
0.0137623113481
0.0147198720296
0.011174564863
0.0113080263435
0.0142449361031
0.011594070178
0.010843617894
0.0144497830804
0.0106857212025
0.0163467489998
0.0177212832549
0.021645354623
0.0138869007927
0.016342582768
0.0175939073141
0.0156771221921
0.015873300392
0.0177905204025
0.0159889343435
0.0156408392379
0.0134290533955
0.0111904443677
0.0106155803842
0.0110389927237
0.0108628727547
0.0109066738264
0.0117895699519
0.00836500840232
0.00958225550017
0.0106052146444
0.0125419975961
0.0126939258917
0.012458364811
0.0131727816131
0.0120286914578
0.0108145726579
0.0127623250161
0.0125310713333
0.0120684924528
0.0121223896336
0.0106268488974
0.015514648149
0.00901343294627
0.0103087920233
0.0111036058331
0.0116318240217
0.0114112978647
0.0107170914354
0.011332525062
0.0108751905226
0.0114547290051
0.0155876527892
0.0168655490223
0.0158719688049
0.0172392756274
0.0160336603471
0.017447957907
0.0163120738905
0.0197547572436
0.0169224742695
0.018849091185
0.0123058299495
0.0105265172224
0.0146836139262
0.013058595081
0.0126720566609
0.0141462113757
0.0153939876459
0.0116325143209
0.0102232503538
0.0135037437342
0.0128493520023
0.0145785969834
0.0138822321957
0.0115207642689
0.014098007265
0.0118276135142
0.0151423687907
0.0126716386847
0.0109279451891
0.0115587306557
0.0114459988602
0.0121422025321
0.0150159578882
0.0127725116923
0.0137252480107
0.0155235280665
0.0162762803584
0.0147820460825
0.0165866805718
0.0158479287901
0.0150733923813
0.0177078959374
0.0165373227295
0.0152553613244
0.0156893655458
0.0155504766569
0.0158486072162
0.0175160662773
0.0155441786431
0.0158324948046
0.015027239046
0.01570050732
0.0152890361212
0.0152374003606
0.0154876641929
0.0155956492151
0.0162739049699
0.0164065944887
0.0155968588954
0.0164513683992
0.015301748257
0.0161170096954
0.0150077636347
0.0159136703316
0.0150655893082
0.0124078613827
0.0177772690049
0.0181103861366
0.0156171267519
0.0127298024789
0.0148471035029
0.0148408845975
0.0148521076199
0.0138249392728
0.0144394854162
0.0151369490568
0.0147926322694
0.0137408457474
0.014752228229
0.0168933456453
0.0159223672041
0.0127734483248
0.0121277468041
0.0131292544175
0.01232276468
0.0157604872102
0.012236370353
0.0152212503967
0.0151325768905
0.0171592401112
0.0170831056321
0.0155568946954
0.0153704319045
0.0155961593279
0.015244517189
0.0154833608495
0.0152842080123
0.0154627442356
0.0150823905004
0.0151457164088
0.0151796315677
0.0148972004831
0.0173287163138
0.0150168383079
0.0165500716583
0.0123795843115
0.0159208769172
0.0160796336524
0.0148150358953
0.0138304628398
0.0153044449108
0.0137042532286
0.0141860566656
0.0148399984949
0.0149560847304
0.0146016071185
0.0155494320961
0.0151609458588
0.0168771583362
0.0167674794578
0.016227734308
0.0195173199297
0.0161151532738
0.0123047783132
0.0161524667066
0.017188272526
0.0125674799565
0.0158682815717
0.0119849758105
0.0145817258458
0.0162800504783
0.014952598754
0.0147668984675
0.0144480382233
0.0144689940502
0.0143609735467
0.0138014981961
0.0139868215792
0.0146476839341
0.0154179951251
0.0157018033567
0.0184363135259
0.0172337656592
0.0174955627344
0.017358746814
0.0150099819112
0.0148775003794
0.0156822267476
0.0156708827157
0.0154040351354
0.0156094474677
0.0150369312609
0.0151602499681
0.0151295741072
0.0153780135478
0.0153076649089
0.00990259857002
0.010607567316
0.00963457513408
0.0101819982748
0.00984394495166
0.0111527580291
0.0104541676477
0.0102612221189
0.0100292091071
0.0133057998707
0.0187986925502
0.0140159988757
0.00993047202326
0.0128034971118
0.0132158487182
0.0140297462634
0.0123474559697
0.0126409125984
0.0132619597381
0.0117064941123
0.0121586853015
0.0136577195891
0.0135817891625
0.0102025685006
0.0098812583845
0.0135424027611
0.0110566315188
0.0137332753214
0.0108493346697
0.0134739948009
0.00997677439419
0.0112122636148
0.0119709912238
0.0120917017737
0.0118323802494
0.0142810310483
0.0100263661789
0.0120896288052
0.0136198497751
0.0115547391509
0.00970675088536
0.0142846555921
0.0101055581312
0.00967852662206
0.0108506103427
0.012965702927
0.0130888326993
0.0127643698488
0.0131924629
0.0135216730762
0.01370470936
0.0101175767925
0.0133912765242
0.0120331802786
0.0112548710394
0.0111870959618
0.013149782529
0.0158710385171
0.0157782287563
0.0157761557878
0.0160319600996
0.0162165226349
0.0141624370147
0.0227540342527
0.019600693812
0.0139513222588
0.013849332209
0.01397163735
0.010419719923
0.0100756071535
0.0104836675839
0.0100164204861
0.0100682446983
0.00993592552498
0.0101747952788
0.00999811457971
0.0111457737199
0.0102464562049
0.0114561708107
0.0139348250744
0.0141847658467
0.0136446094856
0.0140024038472
0.0141510971936
0.0142047255719
0.0145422048422
0.0159350135139
0.0133229830156
0.01406998262
0.0134581582329
0.0136034938259
0.0127393347678
0.0153769020565
0.0129778856033
0.0135560843532
0.0116968627818
0.0134302483318
0.012735334622
0.0133203810018
0.0119182209565
0.0112461645718
0.0136625671462
0.0132574948829
0.0136278688429
0.0136702434114
0.0133226640974
0.0129431514044
0.0127828671061
0.0174506108933
0.019481646193
0.0162094062024
0.0159026068658
0.0160642095666
0.0193717788629
0.0153025941091
0.017168591503
0.0147205461575
0.0126161927324
0.0156158441638
0.00982402242345
0.012809174709
0.0171351318381
0.00946915755366
0.0137495152435
0.0125877634503
0.0128048587736
0.0133106630854
0.0127528751022
0.0135757684926
0.0142392985494
0.0141184741002
0.0129754848341
0.0148790485175
0.0159852482879
0.0131802667851
0.0154393878465
0.0153758638912
0.0172923938786
0.013271248461
0.0183558039345
0.0159559977913
0.0160588261404
0.0132574085488
0.0132880429228
0.0138122319454
0.0156308403685
0.0153467045141
0.0189973614856
0.012518111709
0.0158415994997
0.0126356011847
0.0128979828966
0.0127469856543
0.0122743488383
0.0142528252383
0.0146586931059
0.0149497175941
0.0133231008964
0.00934723967055
0.0180714142985
0.0173156099867
0.0124514031273
0.0160379620095
0.0134379446968
0.0180441044684
0.0179820110892
0.0154907904524
0.0156222075428
0.0129400849106
0.0132119399213
0.0134508540958
0.0132236385253
0.0149666027827
0.0151003447379
0.0148936752956
0.0143490326171
0.0143323440818
0.0154899534707
0.015156875272
0.0135469557622
0.0141671060482
0.0130202256812
0.0157445939449
0.014790884712
0.0163133775591
0.0132294232955
0.015709474
0.0167691969547
0.0163247206185
0.0125786514196
0.0137750492829
0.0172082848906
0.0160596462158
0.0163799891476
0.013735417401
0.0132241239506
0.0142324159456
0.014485412303
0.0154325812203
0.0161193488473
0.013645713134
0.016529181552
0.0144721669455
0.0134654924426
0.0139621379275
0.0141765509269
0.0138124264994
0.0141239458258
0.0141909565758
0.0146156417579
0.0135572919159
0.01384112914
0.0136493472019
0.0155676262194
0.0150357617324
0.0148669993173
0.0138765387175
0.00964324134715
0.0137808822834
0.0157581147249
0.0130940742942
0.0125769278834
0.0130348762368
0.0124007255616
0.0125545102098
0.0128731846946
0.011743877193
0.0122581053295
0.0115202767695
0.0119143213211
0.0115044037536
0.0114415180063
0.0127103383662
0.0133899787482
0.0112910204938
0.0121324539786
0.0123306592267
0.0127195215106
0.0124888297314
0.0122792496081
0.0104905604435
0.0131995291627
0.0123803808566
0.0154990544057
0.0162458561115
0.017144534986
0.0126881574498
0.0128493455569
0.0126030176725
0.0127230129343
0.0124261342326
0.012863560198
0.0154211200811
0.0126699449409
0.0124836739151
0.0123901682293
0.0124738569286
0.0123648780137
0.0130806888405
0.0149826953517
0.0124851101861
0.0158768555262
0.0138563627291
0.0215563449836
0.0166761329486
0.0131418401041
0.0138762039989
0.0139114444633
0.0136197481828
0.0136086726083
0.0131498105416
0.0171765597362
0.012123095853
0.0121692934366
0.0131016850499
0.0120230307026
0.0123136016574
0.0124489664998
0.0174212762795
0.0122632556774
0.0123828093447
0.0124712481207
0.012347272742
0.0122784620511
0.0134805631555
0.0127372277289
0.0131709548202
0.0123789001648
0.0122203773029
0.0125068319345
0.0129873756446
0.0126390873243
0.0127995054716
0.0204348516102
0.0163348334935
0.0166882746212
0.0177665358593
0.0165160997811
0.0117025823966
0.011397158406
0.0125511046187
0.0123218329968
0.018696706435
0.0127091832731
0.0130320333086
0.012525488651
0.0131632818279
0.0129717395394
0.0124985400606
0.0120263474522
0.0173597602137
0.0170529608771
0.0127100420743
0.0133458202036
0.0138729436265
0.0118934515907
0.012785201989
0.0137811435867
0.0135649625869
0.0149058770622
0.0135577220041
0.013605829563
0.0147992199039
0.015334149423
0.0125213628656
0.0124889209087
0.0151227066369
0.0131443935455
0.014067970688
0.0134551904596
0.012948876035
0.0147444813418
0.013426914763
0.0131188594513
0.0149904416665
0.0132513247511
0.0135376589209
0.0162383885644
0.0116464671959
0.0173719913836
0.0151135958612
0.0136413073454
0.0175809267411
0.0118421979233
0.0158546134546
0.0129998471771
0.0121150005767
0.0129777700626
0.0126203902948
0.0129402664472
0.015028922432
0.0155098511219
0.0166750667106
0.0160779408032
0.0142573635597
0.0149809332115
0.0134899506244
0.0135415675398
0.0135019738416
0.0135780517852
0.0149749216028
0.0163757577332
0.015878684277
0.0129588861182
0.016368674634
0.0175870618646
0.0177547207612
0.0152080911641
0.0160594913836
0.0159862713416
0.0134815252888
0.0120509819271
0.0135666206453
0.0145488764415
0.0171758247667
0.0155356920968
0.0156873935395
0.012513900179
0.0136885031703
0.0122376325235
0.0165092292314
0.01600008097
0.0164881349051
0.0133492481244
0.0144557965966
0.0161427210685
0.0147679633717
0.013467147971
0.0134620313626
0.0135746972001
0.0124705182325
0.0133129726272
0.0132631361329
0.0147550515558
0.0134418260168
0.013849572822
0.0129267969952
0.0130619484439
0.0130139234316
0.015076904319
0.0193702293604
0.0137076423371
0.0135009389261
0.0136450946966
0.0124305668457
0.0116987723866
0.012584093415
0.013681781039
0.0140324192784
0.0156612741365
0.0165819538436
0.0122390677409
0.0138478092404
0.0138058173263
0.0142856201856
0.0144249114743
0.0146091962649
0.014197090129
0.0171178527803
0.0130554027326
0.0136008203494
0.0134789298021
0.0137426235881
0.0136342987905
0.0137564433781
0.0135357413327
0.0136866412449
0.0135937153515
0.0136344735702
0.0109434249122
0.011009333758
0.0110968245805
0.0113612323533
0.0128588443817
0.0150776366222
0.0109587451976
0.0144943903578
0.0115909760592
0.00944605477484
0.0104892718863
0.00922436298867
0.0112206316454
0.0109936953275
0.0111463023902
0.0110368334005
0.0131921468054
0.0121983416754
0.0135949123892
0.0131222755733
0.0111310833694
0.0111911832989
0.0132058162035
0.0139515666181
0.0135057747441
0.0137271677789
0.0125808162035
0.0135083659547
0.0145595225358
0.0152302071031
0.0123736628975
0.0124325679682
0.013416559012
0.0125722881493
0.0139623891578
0.0123398413148
0.0135648820469
0.0122891894315
0.0125283582591
0.0136800455012
0.0137887170115
0.0149765585507
0.0137206501221
0.0136542460315
0.0153389134429
0.0151779804911
0.0146522120363
0.015636268579
0.0153542534097
0.0153273962738
0.0150234119167
0.0115152907816
0.00987598843985
0.00921915189802
0.0095446903524
0.00948299892891
0.0107299191402
0.00992931474905
0.00981970306376
0.0107428455292
0.0107585021454
0.00933067760283
0.0116882848557
0.0122739899088
0.0129466313884
0.011474250859
0.0132683682921
0.0135497615708
0.0122820725606
0.0123968923385
0.00966438367187
0.0129118574299
0.0105148189952
0.0144539369874
0.015189704957
0.0147124666431
0.0151839006452
0.0108646324281
0.0143736565227
0.011985026265
0.0127046450827
0.013678349371
0.0122944733619
0.0123181195359
0.0127276222673
0.00979923840149
0.0128310116588
0.00999441993705
0.0102292879089
0.0107377512858
0.0115358762475
0.0105461548375
0.0128792962829
0.0115669040991
0.0113931754018
0.0119346051778
0.0112586708712
0.0110817980971
0.0109133093278
0.0104166504653
0.0120665561812
0.0105917601443
0.00856084085861
0.00856941511838
0.0128000687412
0.0128557064454
0.010276089009
0.0127926638154
0.0120831801878
0.0128494875399
0.0127582769263
0.0123929967006
0.00878622323466
0.00851405466574
0.0104635538194
0.00821201096268
0.0102864979224
0.0101594371479
0.0101788661467
0.01029235101
0.0106089054924
0.0129046854068
0.0105461846094
0.0127763239461
0.00993404920799
0.0112167849277
0.0112036147666
0.01142530117
0.0106998834233
0.0108538927882
0.0110714332547
0.010100279317
0.0136005931231
0.0117161264553
0.0105169247357
0.011391985033
0.0129428524149
0.0126956407607
0.0118894974708
0.0102102879849
0.01226805646
0.0130817485773
0.0101025395805
0.00976879165346
0.0106071196878
0.0111206960269
0.0128146684417
0.0131470750362
0.013085495678
0.0108105118398
0.0103505652706
0.0103147086918
0.0104853018047
0.0096285561213
0.0104162841478
0.0104787170812
0.0102158159008
0.0103352736516
0.0102216946598
0.0106240259685
0.0122561714407
0.0112028838449
0.0105076517833
0.0108393215394
0.00973523523534
0.00963346877681
0.0106246964924
0.0106661558623
0.0110200249197
0.0118364846693
0.0109843752439
0.0124272929573
0.0109867667181
0.0121788619099
0.0104265323617
0.010639677487
0.0108538323189
0.0119724162104
0.0130563372782
0.0104518904302
0.00978854051307
0.010536028563
0.00996705968193
0.0103966925633
0.0106746329268
0.0104837572399
0.0101326532826
0.0104104310603
0.0102572752707
0.0127867700815
0.0110573383525
0.0105964298153
0.0102343513189
0.0105190171709
0.0105006368503
0.0105452965925
0.0104233187623
0.0103946608822
0.0100128710012
0.00843294440549
0.00842255774232
0.00850189788372
0.00840115888863
0.00803617096277
0.00831394874054
0.00880055081788
0.00847302179632
0.00801129534088
0.0082807141444
0.0076992730073
0.00742142249378
0.00814009382195
0.00763431999458
0.00557457503361
0.00867297151695
0.00562701749964
0.0105123982189
0.0101486686212
0.0105853521626
0.0105273090449
0.00863385505691
0.00924986748959
0.00819576771584
0.0103241581327
0.0104446812482
0.0100616039446
0.0101597244532
0.0102477069902
0.00971458395485
0.00969109031195
0.0102297412633
0.0090634536415
0.00991911684595
0.00976426246289
0.00996748611074
0.0100006536066
0.00975320663094
0.00954867373984
0.00976454081985
0.00856859573504
0.00787060791814
0.00867755468742
0.00776588300469
0.0106607075277
0.00837380943264
0.00829634587324
0.00753923117612
0.0082490676445
0.00869690239333
0.00853311606183
0.0085232967374
0.00824137302264
0.00957325057417
0.0105870250845
0.0107428977679
0.0106033178895
0.00858839522159
0.0103808192715
0.00799922038955
0.00874417980301
0.00835264415237
0.00732752065793
0.00812628972125
0.00875341806061
0.00772829456617
0.00757074896086
0.00831947665652
0.00866642530067
0.00972833100905
0.00943120552536
0.00828886945859
0.00800569468916
0.00915480972657
0.00838822647468
0.00858133985515
0.00860810660619
0.00829257898115
0.00879154613369
0.00859115917958
0.00854466649679
0.00871139135205
0.00725565775025
0.00852575438623
0.00776034781515
0.00544459627244
0.00882287986993
0.00535614961683
0.00827968938958
0.00521933369643
0.00749197615821
0.00855201198712
0.00828297786393
0.00550236609763
0.00587502290233
0.00583818699316
0.00567518620761
0.00602842927318
0.00592477414611
0.00588676915273
0.00555080809816
0.00510416139902
0.00336422655983
0.00557014877851
0.00554658239988
0.00506281701627
0.0056944144331
0.00584111514009
0.00490242548251
0.00542213882827
0.00547064629095
0.00579373900363
0.00570399037834
0.00660468182007
0.00580473664699
0.00555484910186
0.00348991391254
0.00348860466929
0.00560093446452
0.00511847832417
0.00522780013616
0.00495235464333
0.00566940788688
0.00558103396701
0.00587936351266
0.00736251717204
0.00702093642524
0.00674041258789
0.00528293856582
0.00710802962511
0.00578117026836
0.0072160136706
0.00572624669465
0.00568762401856
0.00551884491228
0.00504662015786
0.00504662015786
0.00520700245689
0.00490122869412
0.00532156124191
0.00496472699211
0.00554372053417
0.00516968902405
0.00546647518199
0.00552015415554
0.00525372315266
0.00545796510081
0.00579247675308
0.00535715336999
0.00558954404818
0.00514743188868
0.00551884491228
0.00581848370119
0.00586692570172
0.00762602084705
0.00571060205679
0.00589311056687
0.0056994734891
0.00580218362264
0.00557139255961
0.00545071727019
0.00555728967134
0.0057178028947
0.0052231993153
0.00570660886485
0.00515899098732
0.00502288509692
0.00563067275592
0.00544534937284
0.00481292023641
0.0036873469767
0.00369978478764
0.00616272910815
0.00585178383451
0.0057583693281
0.00632919938832
0.00647203782771
0.0058766594564
0.00369978478764
0.0035505310563
0.00284255940299
0.0031420295096
0.00304625836532
0.0031183976688
0.00312088523099
0.00360437871215
0.00291594248756
0.00427297066667
0.00279902706468
0.00202216992751
0.00282752157498
0.00284753452736
0.00280264595309
0.00279902706468
0.00297677530633
0.0027777703312
0.00299916336603
0.00381672791471
0.00425058260697
0.00374096972282
0.00390119257427
0.00361783539446
0.00352347671358
0.00350108865387
0.00417595574129
0.0044915387747
0.00457102830988
0.00330722748543
0.00218380524236
0.00222355000995
0.00316814891258
0.00214016044918
0.00341538021322
0.00350487622459
0.00215141070647
0.00244466190761
0.00238518532481
0.00355338368728
0.00219867438806
0.003450093629
0.00306751509879
0.00328235186354
0.00454253379957
0.00322541907036
0.00384047221038
0.00335183492253
0.00310477230419
0.0044827760796
0.003043883258
0.00207440873348
0.00216379228998
0.00441583681024
0.0033745041194
0.00364287969865
0.003094765828
0.00229817687562
0.00334962849751
0.00231180224023
0.00298050664961
0.00259391563895
0.00309730961763
0.00296693751244
0.00312342902061
0.00317318026439
0.00305626484151
0.00296444995025
0.00322293150817
0.00294206189055
0.00324780713006
0.00317815538877
0.00360437871215
0.00330598370434
0.00205942713291
0.00259154053163
0.00306237129211
0.00215768583938
0.00261517237242
0.00313699815778
0.00226453855864
0.00295563102772
0.0031259165828
0.0031719364833
0.00460969797868
0.00286743502488
0.00427297066667
0.00463332981948
0.00319805588628
0.00443946865103
0.00286619124378
0.00364163591756
0.00369263094243
0.00410132887562
0.00401573288984
0.00412620449751
0.00412496071642
0.00412620449751
0.00412744827861
0.00464192383227
0.00407645325373
0.00466555567306
0.00466555567306
0.00161092820469
0.00152143219332
0.000805464102346
0.0012529441592
0.00152143219332
0.00134244017058
0.00152143219332
0.00134244017058
0.0012529441592
0.000894960113717
0.00107395213646
0.0012529441592
0.000715968090974
0.00116344814783
0.00116344814783
0.00107395213646
0.0012529441592
0.00134244017058
0.00053697606823
0.000715968090974
0.000805464102346
0.000715968090974
0.000715968090974
0.00053697606823
0.000805464102346
0.00152143219332
0.000626472079602
0.00152143219332
0.000805464102346
0.000715968090974
0.00116344814783
0.000984456125089
0.00107395213646
0.000984456125089
0.00107395213646
0.000805464102346
0.000984456125089
0.000894960113717
0.000805464102346
0.00116344814783
0.00107395213646
0.000984456125089
0.00116344814783
0.000894960113717
0.000715968090974
0.0012529441592
0.000715968090974
0.00107395213646
0.000805464102346
0.000984456125089
0.000805464102346
0.000805464102346
0.000805464102346
0.000894960113717
0.000805464102346
0.000805464102346
0.000805464102346
0.000894960113717
0.000805464102346
0.000894960113717
0.000894960113717
0.000626472079602
0.000626472079602
0.00116344814783
0.00107395213646
0.00152143219332
0.00143193618195
0.0012529441592
0.00170042421606
0.000984456125089
0.000984456125089
0.000805464102346
0.00107395213646
0.000894960113717
0.000626472079602
0.000715968090974
0.00053697606823
0.000805464102346
0.000626472079602
0.000626472079602
0.00143193618195
0.000894960113717
0.00053697606823
0.000984456125089
0.00152143219332
0.00134244017058
0.000805464102346
0.00143193618195
0.00134244017058
0.00134244017058
0.00143193618195
0.0012529441592
0.00116344814783
0.00134244017058
0.0012529441592
0.000984456125089
0.000984456125089
0.000984456125089
0.000894960113717
0.000894960113717
