0.000223880597014925
0.000920398009950249
0.00141791044776119
0.000124378109452736
0.000472636815920398
0.00189054726368159
0.000572139303482587
0.00216417910447761
0.00213930348258706
0.00054726368159204
0.00146766169154229
0.00166666666666667
0.000597014925373134
0.00233830845771144
0.000248756218905473
0.00174129353233831
0.00126865671641791
0.00146766169154229
0.00121890547263682
0.001318407960199
0.00194029850746269
0.00129353233830846
0.00126865671641791
0.00199004975124378
0.00126865671641791
0.000845771144278607
0.00189054726368159
0.00221393034825871
0.00156716417910448
0.00206467661691542
0.0018407960199005
0.00221393034825871
0.00154228855721393
0.00139303482587065
0.00164179104477612
0.00206467661691542
0.000124378109452736
0.001318407960199
0.00216417910447761
0.00159203980099502
0.00203980099502488
0.0017910447761194
0.00141791044776119
0.00129353233830846
0.00139303482587065
0.000920398009950249
0.00189054726368159
0.00144278606965174
0.000472636815920398
0.00141791044776119
0.00144278606965174
0.00189054726368159
0.00166666666666667
0.00139303482587065
0.00144278606965174
0.00134328358208955
0.00106965174129353
0.00121890547263682
0.00144278606965174
0.0013681592039801
0.00119402985074627
0.00146766169154229
0.00286069651741294
4.97512437810945e-05
0.00124378109452736
0.00141791044776119
0.00146766169154229
0.0018407960199005
0.0017910447761194
0.00146766169154229
0.0017910447761194
0.00171641791044776
0.00228855721393035
0.00161691542288557
0.00189054726368159
0.00221393034825871
0.000223880597014925
0.0022636815920398
0.00119402985074627
0.00216417910447761
0.00236318407960199
0.000796019900497512
0.00144278606965174
0.00121890547263682
0.00149253731343284
0.0013681592039801
0.00139303482587065
0.000895522388059702
0.00171641791044776
0.00106965174129353
0.00139303482587065
0.00116915422885572
0.00111940298507463
0.00196517412935323
0.000223880597014925
0.000223880597014925
0.00129353233830846
0.00121890547263682
0.00174129353233831
0.00114427860696517
0.00194029850746269
0.00109452736318408
0.00216417910447761
0.00213930348258706
0.00114427860696517
0.00154228855721393
0.00156716417910448
0.00119402985074627
0.00129353233830846
0.00109452736318408
0.00186567164179104
0.00116915422885572
0.00134328358208955
0.001318407960199
0.00266169154228856
0.00116915422885572
0.00186567164179104
0.00144278606965174
0.0013681592039801
0.00159203980099502
0.00126865671641791
0.00129353233830846
0.00121890547263682
0.00256218905472637
0.00278606965174129
0.00246268656716418
0.000621890547263682
0.00111940298507463
0.00099502487562189
0.00119402985074627
0.00154228855721393
0.001318407960199
0.00258706467661692
0.00211442786069652
0.00236318407960199
0.0022636815920398
0.00201492537313433
0.00251243781094527
0.00243781094527363
0.00201492537313433
0.00258706467661692
0.00181592039800995
0.00181592039800995
0.00286069651741294
0.000796019900497512
0.00151741293532338
0.00154228855721393
0.00236318407960199
0.00303482587064677
0.0026865671641791
0.00223880597014925
0.00159203980099502
0.00154228855721393
0.001318407960199
0.00082089552238806
0.00154228855721393
0.00213930348258706
0.00181592039800995
0.00181592039800995
0.0017910447761194
0.00164179104477612
0.00164179104477612
0.00159203980099502
0.00166666666666667
0.00156716417910448
0.0017910447761194
0.0013681592039801
0.00236318407960199
0.00199004975124378
0.00169154228855721
0.0022636815920398
0.00241293532338308
0.00223880597014925
0.00206467661691542
0.00216417910447761
0.00199004975124378
0.00246268656716418
0.00228855721393035
0.00149253731343284
0.0023134328358209
0.00258706467661692
0.00218905472636816
0.00251243781094527
0.00134328358208955
0.00106965174129353
0.00196517412935323
0.00156716417910448
0.00109452736318408
0.00121890547263682
0.00149253731343284
0.00189054726368159
0.00114427860696517
0.00266169154228856
0.00159203980099502
0.00238805970149254
0.00129353233830846
0.0017910447761194
0.00106965174129353
0.0013681592039801
0.00169154228855721
0.00223880597014925
0.00141791044776119
0.00139303482587065
0.00134328358208955
0.00243781094527363
0.0027363184079602
0.00139303482587065
0.00246268656716418
0.00189054726368159
0.00181592039800995
0.00169154228855721
0.00213930348258706
0.00238805970149254
0.00218905472636816
0.00228855721393035
0.0017910447761194
0.00216417910447761
0.00206467661691542
0.0013681592039801
0.0023134328358209
0.00266169154228856
0.00251243781094527
0.00201492537313433
0.00256218905472637
0.00169154228855721
0.00308457711442786
0.0017910447761194
0.00211442786069652
0.00194029850746269
0.00206467661691542
0.0017910447761194
0.00221393034825871
0.00213930348258706
0.00176616915422886
0.00174129353233831
0.00159203980099502
0.00166666666666667
0.00174129353233831
0.00216417910447761
0.00238805970149254
0.00216417910447761
0.00134328358208955
0.0017910447761194
0.00218905472636816
0.00233830845771144
0.00208955223880597
0.00194029850746269
0.00211442786069652
0.00189054726368159
0.00186567164179104
0.00149253731343284
0.00263681592039801
0.00236318407960199
0.00201492537313433
0.00164179104477612
0.00189054726368159
0.00156716417910448
0.00246268656716418
0.00201492537313433
0.00189054726368159
0.00196517412935323
0.00174129353233831
0.00194029850746269
0.00129353233830846
0.00199004975124378
0.00201492537313433
0.00221393034825871
0.0023134328358209
0.00164179104477612
0.00283582089552239
0.00256218905472637
0.00218905472636816
0.00300995024875622
0.00216417910447761
0.00176616915422886
0.00141791044776119
0.00248756218905473
0.00238805970149254
0.00300995024875622
0.00216417910447761
0.0023134328358209
0.00243781094527363
0.00189054726368159
0.00196517412935323
0.00194029850746269
0.00228855721393035
0.00176616915422886
0.00203980099502488
0.00161691542288557
0.00203980099502488
0.00151741293532338
0.00199004975124378
0.00203980099502488
0.00139303482587065
0.00223880597014925
0.00199004975124378
0.00243781094527363
0.00251243781094527
0.00201492537313433
0.0022636815920398
0.00256218905472637
0.0018407960199005
0.00218905472636816
0.00171641791044776
0.00263681592039801
0.00181592039800995
0.0017910447761194
0.00196517412935323
0.00221393034825871
0.00166666666666667
0.00194029850746269
0.00238805970149254
0.00196517412935323
0.00233830845771144
0.00228855721393035
0.00208955223880597
0.00194029850746269
0.00318407960199005
0.00218905472636816
0.00189054726368159
0.00203980099502488
0.0022636815920398
0.00129353233830846
0.00263681592039801
0.00243781094527363
0.00248756218905473
0.00228855721393035
0.00216417910447761
0.0022636815920398
0.00236318407960199
0.00213930348258706
0.0032089552238806
0.00286069651741294
0.00213930348258706
0.0031592039800995
0.00238805970149254
0.00271144278606965
0.00161691542288557
0.00325870646766169
0.00171641791044776
0.00199004975124378
0.00169154228855721
0.00208955223880597
0.00176616915422886
0.00161691542288557
0.00166666666666667
0.00171641791044776
0.00208955223880597
0.00308457711442786
0.00308457711442786
0.00236318407960199
0.00218905472636816
0.00213930348258706
0.00228855721393035
0.00238805970149254
0.00378109452736318
0.00236318407960199
0.00246268656716418
0.00236318407960199
0.00186567164179104
0.00248756218905473
0.00203980099502488
0.00238805970149254
0.00181592039800995
0.00303482587064677
0.00238805970149254
0.00261194029850746
0.00199004975124378
0.00246268656716418
0.0023134328358209
0.00276119402985075
0.00201492537313433
0.00261194029850746
0.0026865671641791
0.00169154228855721
0.00196517412935323
0.0017910447761194
0.00171641791044776
0.00164179104477612
0.00176616915422886
0.0018407960199005
0.00171641791044776
0.00276119402985075
0.00146766169154229
0.00176616915422886
0.00308457711442786
0.00286069651741294
0.00216417910447761
0.00286069651741294
0.0023134328358209
0.00236318407960199
0.00241293532338308
0.00206467661691542
0.00271144278606965
0.00146766169154229
0.000920398009950249
0.00203980099502488
0.0018407960199005
0.00186567164179104
0.00211442786069652
0.00223880597014925
0.00221393034825871
0.00233830845771144
0.00191542288557214
0.00186567164179104
0.00189054726368159
0.00203980099502488
0.00218905472636816
0.00194029850746269
0.00223880597014925
0.00246268656716418
0.00238805970149254
0.00348258706467662
0.00206467661691542
0.00365671641791045
0.00218905472636816
0.00191542288557214
0.0022636815920398
0.00243781094527363
0.00318407960199005
0.00166666666666667
0.0017910447761194
0.00323383084577114
0.00186567164179104
0.00223880597014925
0.00169154228855721
0.00286069651741294
0.00186567164179104
0.00223880597014925
0.00305970149253731
0.00233830845771144
0.00281094527363184
0.00213930348258706
0.00325870646766169
0.00238805970149254
0.00223880597014925
0.00261194029850746
0.00221393034825871
0.00196517412935323
0.00216417910447761
0.00251243781094527
0.0027363184079602
0.00218905472636816
0.00278606965174129
0.00228855721393035
0.00333333333333333
0.00218905472636816
0.00233830845771144
0.00208955223880597
0.00328358208955224
0.00221393034825871
0.00293532338308458
0.00176616915422886
0.00243781094527363
0.00303482587064677
0.00221393034825871
0.0023134328358209
0.00203980099502488
0.00213930348258706
0.00208955223880597
0.0018407960199005
0.00211442786069652
0.00216417910447761
0.00203980099502488
0.00263681592039801
0.0026865671641791
0.00263681592039801
0.00248756218905473
0.00246268656716418
0.00261194029850746
0.001318407960199
0.00238805970149254
0.00196517412935323
0.00310945273631841
0.00211442786069652
0.0022636815920398
0.00253731343283582
0.00101990049751244
0.0023134328358209
0.00248756218905473
0.00211442786069652
0.00296019900497512
0.0026865671641791
0.00194029850746269
0.00221393034825871
0.00199004975124378
0.00213930348258706
0.00246268656716418
0.00218905472636816
0.00208955223880597
0.00211442786069652
0.00199004975124378
0.00238805970149254
0.00211442786069652
0.0023134328358209
0.00248756218905473
0.00251243781094527
0.00348258706467662
0.0027363184079602
0.00243781094527363
0.0026865671641791
0.00233830845771144
0.00243781094527363
0.00251243781094527
0.00203980099502488
0.00253731343283582
0.00186567164179104
0.00194029850746269
0.00236318407960199
0.00283582089552239
0.00201492537313433
0.00206467661691542
0.00223880597014925
0.00181592039800995
0.00241293532338308
0.00281094527363184
0.00228855721393035
0.00206467661691542
0.00223880597014925
0.00211442786069652
0.00208955223880597
0.00216417910447761
0.00149253731343284
0.00310945273631841
0.00256218905472637
0.00223880597014925
0.00221393034825871
0.00196517412935323
0.00206467661691542
0.00216417910447761
0.00345771144278607
0.00251243781094527
0.00201492537313433
0.00278606965174129
0.00213930348258706
0.0023134328358209
0.0023134328358209
0.00256218905472637
0.00241293532338308
0.00169154228855721
0.00253731343283582
0.00271144278606965
0.00288557213930348
0.00166666666666667
0.00218905472636816
0.00174129353233831
0.00186567164179104
0.00283582089552239
0.00236318407960199
0.00191542288557214
0.00174129353233831
0.00233830845771144
0.00256218905472637
0.0018407960199005
0.00258706467661692
0.00286069651741294
0.00256218905472637
0.00241293532338308
0.00233830845771144
0.00281094527363184
0.00263681592039801
0.00241293532338308
0.00318407960199005
0.00253731343283582
0.00286069651741294
0.00241293532338308
0.00256218905472637
0.00261194029850746
0.00161691542288557
0.00276119402985075
0.00266169154228856
0.00189054726368159
0.00111940298507463
0.00164179104477612
0.00161691542288557
0.00199004975124378
0.00263681592039801
0.00241293532338308
0.00236318407960199
0.00243781094527363
0.0022636815920398
0.00236318407960199
0.00243781094527363
0.00223880597014925
0.0023134328358209
0.00208955223880597
0.00288557213930348
0.00310945273631841
0.00241293532338308
0.00176616915422886
0.00243781094527363
0.00251243781094527
0.00194029850746269
0.00171641791044776
0.0018407960199005
0.00186567164179104
0.00296019900497512
0.00281094527363184
0.00189054726368159
0.00199004975124378
0.0026865671641791
0.00223880597014925
0.00208955223880597
0.00216417910447761
0.00288557213930348
0.00203980099502488
0.00238805970149254
0.00256218905472637
0.00228855721393035
0.0031592039800995
0.00266169154228856
0.00211442786069652
0.00243781094527363
0.00293532338308458
0.00325870646766169
0.00300995024875622
0.00241293532338308
0.00238805970149254
0.00223880597014925
0.00236318407960199
0.00246268656716418
0.00194029850746269
0.00169154228855721
0.0031592039800995
0.00256218905472637
0.00278606965174129
0.00286069651741294
0.00291044776119403
0.0023134328358209
0.00288557213930348
0.00296019900497512
0.00218905472636816
0.0027363184079602
0.00228855721393035
0.00300995024875622
0.00199004975124378
0.0022636815920398
0.00253731343283582
0.00300995024875622
0.00291044776119403
0.00171641791044776
0.00194029850746269
0.00283582089552239
0.00151741293532338
0.00191542288557214
0.00258706467661692
0.0027363184079602
0.00174129353233831
0.00293532338308458
0.00156716417910448
0.00281094527363184
0.0017910447761194
0.00216417910447761
0.00243781094527363
0.00211442786069652
0.00291044776119403
0.00263681592039801
0.0027363184079602
0.00323383084577114
0.00208955223880597
0.00218905472636816
0.00169154228855721
0.00221393034825871
0.00154228855721393
0.00174129353233831
0.0023134328358209
0.00228855721393035
0.0017910447761194
0.00203980099502488
0.00261194029850746
0.00213930348258706
0.00256218905472637
0.00243781094527363
0.00261194029850746
0.0027363184079602
0.00276119402985075
0.00169154228855721
0.00263681592039801
0.00261194029850746
0.00253731343283582
0.00253731343283582
0.00256218905472637
0.00246268656716418
0.0022636815920398
0.00253731343283582
0.00146766169154229
0.00266169154228856
0.00251243781094527
0.00203980099502488
0.00181592039800995
0.00258706467661692
0.00151741293532338
0.00201492537313433
0.00199004975124378
0.00243781094527363
0.0017910447761194
0.00169154228855721
0.00248756218905473
0.00134328358208955
0.00243781094527363
0.00310945273631841
0.0023134328358209
0.00243781094527363
0.00241293532338308
0.0023134328358209
0.0027363184079602
0.00278606965174129
0.00246268656716418
0.0027363184079602
0.0022636815920398
0.00288557213930348
0.0017910447761194
0.00129353233830846
0.00221393034825871
0.00251243781094527
0.00181592039800995
0.00243781094527363
0.00246268656716418
0.00189054726368159
0.0022636815920398
0.00298507462686567
0.00241293532338308
0.00169154228855721
0.00251243781094527
0.00241293532338308
0.00201492537313433
0.00271144278606965
0.0018407960199005
0.00286069651741294
0.00166666666666667
0.00203980099502488
0.00191542288557214
0.00286069651741294
0.00218905472636816
0.00228855721393035
0.00233830845771144
0.00251243781094527
0.00221393034825871
0.00266169154228856
0.00236318407960199
0.0022636815920398
0.00246268656716418
0.0026865671641791
0.00276119402985075
0.00223880597014925
0.00228855721393035
0.00221393034825871
0.00266169154228856
0.00246268656716418
0.00288557213930348
0.00129353233830846
0.00213930348258706
0.00258706467661692
0.00300995024875622
0.00241293532338308
0.00251243781094527
0.00248756218905473
0.00261194029850746
0.00211442786069652
0.0027363184079602
0.00189054726368159
0.00213930348258706
0.00251243781094527
0.00164179104477612
0.00328358208955224
0.00298507462686567
0.00218905472636816
0.00191542288557214
0.00291044776119403
0.00161691542288557
0.00174129353233831
0.00146766169154229
0.00246268656716418
0.00293532338308458
0.0022636815920398
0.0022636815920398
0.00181592039800995
0.00213930348258706
0.0023134328358209
0.0017910447761194
0.00221393034825871
0.00236318407960199
0.00251243781094527
0.00263681592039801
0.00251243781094527
0.00196517412935323
0.00203980099502488
0.00194029850746269
0.00201492537313433
0.00221393034825871
0.0022636815920398
0.00206467661691542
0.00196517412935323
0.00228855721393035
0.00169154228855721
0.0023134328358209
0.00261194029850746
0.00248756218905473
0.00171641791044776
0.0022636815920398
0.00291044776119403
0.00201492537313433
0.00216417910447761
0.0018407960199005
0.00218905472636816
0.00258706467661692
0.00345771144278607
0.00243781094527363
0.00199004975124378
0.0022636815920398
0.00191542288557214
0.00203980099502488
0.00233830845771144
0.00201492537313433
0.00181592039800995
0.00248756218905473
0.0017910447761194
0.00194029850746269
0.00218905472636816
0.00233830845771144
0.0018407960199005
0.00258706467661692
0.00156716417910448
0.00263681592039801
0.00176616915422886
0.00211442786069652
0.00213930348258706
0.0017910447761194
0.00266169154228856
0.00238805970149254
0.00181592039800995
0.00189054726368159
0.00199004975124378
0.00213930348258706
0.00216417910447761
0.0017910447761194
0.00286069651741294
0.00206467661691542
0.00186567164179104
0.00238805970149254
0.00208955223880597
0.0018407960199005
0.00176616915422886
0.00206467661691542
0.00144278606965174
0.00278606965174129
0.00206467661691542
0.00248756218905473
0.00201492537313433
0.00263681592039801
0.00223880597014925
0.00221393034825871
0.00228855721393035
0.00313432835820896
0.00213930348258706
0.00291044776119403
0.00159203980099502
0.00189054726368159
0.00256218905472637
0.00208955223880597
0.00176616915422886
0.00271144278606965
0.00303482587064677
0.00174129353233831
0.00144278606965174
0.00223880597014925
0.00194029850746269
0.00243781094527363
0.00271144278606965
0.00194029850746269
0.00191542288557214
0.00211442786069652
0.00266169154228856
0.00213930348258706
0.00191542288557214
0.00191542288557214
0.00211442786069652
0.0022636815920398
0.00248756218905473
0.00238805970149254
0.00253731343283582
0.00213930348258706
0.0022636815920398
0.00191542288557214
0.0023134328358209
0.00203980099502488
0.00149253731343284
0.00278606965174129
0.00211442786069652
0.00189054726368159
0.00218905472636816
0.00216417910447761
0.00211442786069652
0.00296019900497512
0.00189054726368159
0.00261194029850746
0.00218905472636816
0.00243781094527363
0.00221393034825871
0.00236318407960199
0.00248756218905473
0.00194029850746269
0.00288557213930348
0.00278606965174129
0.00199004975124378
0.00253731343283582
0.00221393034825871
0.00206467661691542
0.00194029850746269
0.00221393034825871
0.00206467661691542
0.00223880597014925
0.00288557213930348
0.00293532338308458
0.0022636815920398
0.00166666666666667
0.00251243781094527
0.00243781094527363
0.00276119402985075
0.00236318407960199
0.00238805970149254
0.00266169154228856
0.0023134328358209
0.00216417910447761
0.00258706467661692
0.00223880597014925
0.00206467661691542
0.00181592039800995
0.00169154228855721
0.0023134328358209
0.00174129353233831
0.00169154228855721
0.00181592039800995
0.00236318407960199
0.00211442786069652
0.00276119402985075
0.0027363184079602
0.00233830845771144
0.00228855721393035
0.00216417910447761
0.00208955223880597
0.00213930348258706
0.00236318407960199
0.00238805970149254
0.00206467661691542
0.00156716417910448
0.00221393034825871
0.00201492537313433
0.00263681592039801
0.00221393034825871
0.00266169154228856
0.00166666666666667
0.00266169154228856
0.00298507462686567
0.00221393034825871
0.00159203980099502
0.00253731343283582
0.00194029850746269
0.00166666666666667
0.00216417910447761
0.0022636815920398
0.00199004975124378
0.00238805970149254
0.00196517412935323
0.00288557213930348
0.00278606965174129
0.00213930348258706
0.00335820895522388
0.00221393034825871
0.00223880597014925
0.00238805970149254
0.00256218905472637
0.00199004975124378
0.00181592039800995
0.00174129353233831
0.00241293532338308
0.00263681592039801
0.00228855721393035
0.00263681592039801
0.00243781094527363
0.00221393034825871
0.0022636815920398
0.00233830845771144
0.00206467661691542
0.00228855721393035
0.00208955223880597
0.00218905472636816
0.00293532338308458
0.00286069651741294
0.00330845771144279
0.00261194029850746
0.00256218905472637
0.00228855721393035
0.00236318407960199
0.00246268656716418
0.00213930348258706
0.00253731343283582
0.00203980099502488
0.00238805970149254
0.00253731343283582
0.00228855721393035
0.0018407960199005
0.00201492537313433
0.00221393034825871
0.00201492537313433
0.00149253731343284
0.00196517412935323
0.00271144278606965
0.0022636815920398
0.00186567164179104
0.00149253731343284
0.00119402985074627
0.00313432835820896
0.00169154228855721
0.0018407960199005
0.00146766169154229
0.00186567164179104
0.00251243781094527
0.00233830845771144
0.00149253731343284
0.00181592039800995
0.00211442786069652
0.00241293532338308
0.00196517412935323
0.0022636815920398
0.00181592039800995
0.0017910447761194
0.00218905472636816
0.00263681592039801
0.00233830845771144
0.00203980099502488
0.0023134328358209
0.00166666666666667
0.00266169154228856
0.00206467661691542
0.0022636815920398
0.00211442786069652
0.00263681592039801
0.00218905472636816
0.00233830845771144
0.00189054726368159
0.00169154228855721
0.00169154228855721
0.00208955223880597
0.00208955223880597
0.00181592039800995
0.00238805970149254
0.00171641791044776
0.00181592039800995
0.00199004975124378
0.00218905472636816
0.00213930348258706
0.00241293532338308
0.00166666666666667
0.00233830845771144
0.00223880597014925
0.00176616915422886
0.000970149253731343
0.0022636815920398
0.00176616915422886
0.00241293532338308
0.00243781094527363
0.00251243781094527
0.00248756218905473
0.00233830845771144
0.00435323383084577
0.00288557213930348
0.00169154228855721
0.00159203980099502
0.00181592039800995
0.0023134328358209
0.00156716417910448
0.00218905472636816
0.00201492537313433
0.00201492537313433
0.00203980099502488
0.00169154228855721
0.00208955223880597
0.0026865671641791
0.00176616915422886
0.00238805970149254
0.00186567164179104
0.00164179104477612
0.00164179104477612
0.00189054726368159
0.00141791044776119
0.00199004975124378
0.00223880597014925
0.00201492537313433
0.00243781094527363
0.00194029850746269
0.00218905472636816
0.00228855721393035
0.00199004975124378
0.00174129353233831
0.00191542288557214
0.00246268656716418
0.00189054726368159
0.00218905472636816
0.00174129353233831
0.00233830845771144
0.00216417910447761
0.00213930348258706
0.00228855721393035
0.00186567164179104
0.00258706467661692
0.00241293532338308
0.00248756218905473
0.00213930348258706
0.00169154228855721
0.00233830845771144
0.00298507462686567
0.00248756218905473
0.00216417910447761
0.00166666666666667
0.00283582089552239
0.00181592039800995
0.00208955223880597
0.00211442786069652
0.0017910447761194
0.00253731343283582
0.00203980099502488
0.00176616915422886
0.00298507462686567
0.00161691542288557
0.00154228855721393
0.00154228855721393
0.00114427860696517
0.00159203980099502
0.00109452736318408
0.00164179104477612
0.00164179104477612
0.00236318407960199
0.00171641791044776
0.00203980099502488
0.00258706467661692
0.00181592039800995
0.00238805970149254
0.00246268656716418
0.00298507462686567
0.00181592039800995
0.00373134328358209
0.00303482587064677
0.00253731343283582
0.00191542288557214
0.00203980099502488
0.00221393034825871
0.00243781094527363
0.00271144278606965
0.00435323383084577
0.00171641791044776
0.00233830845771144
0.00149253731343284
0.00129353233830846
0.00181592039800995
0.0013681592039801
0.00201492537313433
0.00276119402985075
0.00211442786069652
0.00171641791044776
0.00169154228855721
0.00350746268656716
0.0032089552238806
0.00159203980099502
0.00278606965174129
0.00166666666666667
0.00348258706467662
0.00328358208955224
0.00256218905472637
0.00228855721393035
0.00171641791044776
0.00181592039800995
0.00191542288557214
0.00166666666666667
0.00223880597014925
0.0026865671641791
0.00241293532338308
0.00203980099502488
0.00199004975124378
0.00303482587064677
0.00281094527363184
0.00201492537313433
0.00206467661691542
0.00218905472636816
0.00276119402985075
0.00238805970149254
0.00253731343283582
0.00134328358208955
0.00271144278606965
0.00276119402985075
0.00286069651741294
0.00154228855721393
0.00174129353233831
0.00303482587064677
0.00298507462686567
0.0027363184079602
0.00099502487562189
0.00199004975124378
0.00211442786069652
0.00241293532338308
0.00218905472636816
0.00246268656716418
0.00221393034825871
0.00271144278606965
0.00261194029850746
0.00201492537313433
0.00174129353233831
0.00221393034825871
0.00191542288557214
0.00196517412935323
0.00213930348258706
0.00216417910447761
0.00194029850746269
0.00201492537313433
0.00208955223880597
0.00251243781094527
0.00228855721393035
0.00251243781094527
0.00134328358208955
0.0018407960199005
0.00206467661691542
0.00246268656716418
0.00261194029850746
0.00258706467661692
0.00278606965174129
0.00233830845771144
0.00253731343283582
0.00251243781094527
0.00256218905472637
0.00201492537313433
0.0018407960199005
0.00129353233830846
0.00176616915422886
0.00146766169154229
0.00176616915422886
0.00243781094527363
0.00189054726368159
0.00194029850746269
0.00223880597014925
0.0017910447761194
0.00159203980099502
0.00221393034825871
0.00181592039800995
0.00246268656716418
0.00248756218905473
0.00129353233830846
0.00159203980099502
0.00256218905472637
0.00266169154228856
0.00253731343283582
0.0027363184079602
0.00236318407960199
0.0022636815920398
0.00258706467661692
0.00126865671641791
0.00283582089552239
0.00271144278606965
0.00233830845771144
0.00218905472636816
0.00218905472636816
0.00300995024875622
0.00243781094527363
0.00213930348258706
0.00146766169154229
0.00246268656716418
0.00330845771144279
0.00218905472636816
0.00194029850746269
0.00228855721393035
0.00238805970149254
0.00241293532338308
0.00211442786069652
0.0017910447761194
0.00241293532338308
0.00228855721393035
0.00228855721393035
0.00313432835820896
0.00216417910447761
0.00241293532338308
0.00213930348258706
0.00213930348258706
0.00208955223880597
0.0018407960199005
0.00189054726368159
0.00156716417910448
0.00194029850746269
0.0022636815920398
0.00181592039800995
0.0017910447761194
0.00253731343283582
0.00236318407960199
0.00196517412935323
0.00308457711442786
0.00233830845771144
0.00241293532338308
0.00276119402985075
0.00206467661691542
0.00191542288557214
0.00189054726368159
0.00199004975124378
0.00141791044776119
0.00216417910447761
0.0023134328358209
0.00144278606965174
0.00261194029850746
0.00263681592039801
0.00251243781094527
0.00248756218905473
0.00263681592039801
0.00300995024875622
0.0022636815920398
0.00201492537313433
0.00228855721393035
0.00199004975124378
0.00211442786069652
0.0022636815920398
0.00203980099502488
0.00194029850746269
0.00296019900497512
0.00211442786069652
0.00228855721393035
0.00258706467661692
0.00228855721393035
0.00199004975124378
0.00348258706467662
0.00388059701492537
0.00238805970149254
0.00213930348258706
0.00373134328358209
0.00228855721393035
0.00176616915422886
0.0027363184079602
0.00266169154228856
0.00323383084577114
0.00246268656716418
0.00208955223880597
0.00194029850746269
0.00141791044776119
0.00206467661691542
0.00146766169154229
0.00134328358208955
0.00228855721393035
0.00129353233830846
0.00221393034825871
0.0031592039800995
0.0013681592039801
0.00251243781094527
0.00176616915422886
0.00139303482587065
0.00196517412935323
0.00176616915422886
0.001318407960199
0.00216417910447761
0.00216417910447761
0.00293532338308458
0.00199004975124378
0.0023134328358209
0.00281094527363184
0.00176616915422886
0.00196517412935323
0.00194029850746269
0.00196517412935323
0.00218905472636816
0.00288557213930348
0.00251243781094527
0.00189054726368159
0.001318407960199
0.00233830845771144
0.00288557213930348
0.00166666666666667
0.00149253731343284
0.00286069651741294
0.00191542288557214
0.00194029850746269
0.00261194029850746
0.00313432835820896
0.00328358208955224
0.00211442786069652
0.00171641791044776
0.00233830845771144
0.00238805970149254
0.00174129353233831
0.0026865671641791
0.00266169154228856
0.00288557213930348
0.00169154228855721
0.00288557213930348
0.00196517412935323
0.00196517412935323
0.00194029850746269
0.00208955223880597
0.00191542288557214
0.00218905472636816
0.00256218905472637
0.0023134328358209
0.00323383084577114
0.0023134328358209
0.00251243781094527
0.00186567164179104
0.00213930348258706
0.00169154228855721
0.00116915422885572
0.00291044776119403
0.00216417910447761
0.00191542288557214
0.00236318407960199
0.00216417910447761
0.00186567164179104
0.00154228855721393
0.00211442786069652
0.00186567164179104
0.00199004975124378
0.00271144278606965
0.00106965174129353
0.00169154228855721
0.00213930348258706
0.00206467661691542
0.00216417910447761
0.00221393034825871
0.00233830845771144
0.00333333333333333
0.00199004975124378
0.00211442786069652
0.00208955223880597
0.00303482587064677
0.00248756218905473
0.00303482587064677
0.0023134328358209
0.00256218905472637
0.00283582089552239
0.00293532338308458
0.00283582089552239
0.00251243781094527
0.00296019900497512
0.00308457711442786
0.00246268656716418
0.00216417910447761
0.00276119402985075
0.00191542288557214
0.00248756218905473
0.00104477611940298
0.00253731343283582
0.00111940298507463
0.00241293532338308
0.00186567164179104
0.00196517412935323
0.00104477611940298
0.00211442786069652
0.00211442786069652
0.00258706467661692
0.00201492537313433
0.00101990049751244
0.00233830845771144
0.00218905472636816
0.00288557213930348
0.00248756218905473
0.00218905472636816
0.00151741293532338
0.00288557213930348
0.00166666666666667
0.00233830845771144
0.00236318407960199
0.00206467661691542
0.00253731343283582
0.00208955223880597
0.00291044776119403
0.00221393034825871
0.00246268656716418
0.00223880597014925
0.00236318407960199
0.00293532338308458
0.00186567164179104
0.0017910447761194
0.00223880597014925
0.00243781094527363
0.00276119402985075
0.00271144278606965
0.0022636815920398
0.00283582089552239
0.00221393034825871
0.00206467661691542
0.00201492537313433
0.00256218905472637
0.00121890547263682
0.00144278606965174
0.00124378109452736
0.00151741293532338
0.00276119402985075
0.00186567164179104
0.00151741293532338
0.00241293532338308
0.00263681592039801
0.00121890547263682
0.00203980099502488
0.00213930348258706
0.00238805970149254
0.00194029850746269
0.00281094527363184
0.0027363184079602
0.00203980099502488
0.00196517412935323
0.00126865671641791
0.00283582089552239
0.00199004975124378
0.00221393034825871
0.0026865671641791
0.00191542288557214
0.00189054726368159
0.00256218905472637
0.00176616915422886
0.0018407960199005
0.00238805970149254
0.00271144278606965
0.0017910447761194
0.00223880597014925
0.00238805970149254
0.00134328358208955
0.0027363184079602
0.00154228855721393
0.00189054726368159
0.00149253731343284
0.00159203980099502
0.00218905472636816
0.0018407960199005
0.00169154228855721
0.00129353233830846
0.00151741293532338
0.00203980099502488
0.00114427860696517
0.00164179104477612
0.0013681592039801
0.0018407960199005
0.00218905472636816
0.00139303482587065
0.000970149253731343
0.00164179104477612
0.00146766169154229
0.00146766169154229
0.00149253731343284
0.00116915422885572
0.00146766169154229
0.00149253731343284
0.00164179104477612
0.00116915422885572
0.0013681592039801
0.00141791044776119
0.00111940298507463
0.00129353233830846
0.00121890547263682
0.001318407960199
0.00151741293532338
0.00181592039800995
0.00151741293532338
0.0013681592039801
0.001318407960199
0.00151741293532338
0.00134328358208955
0.00149253731343284
0.00134328358208955
0.00149253731343284
0.00169154228855721
0.00126865671641791
0.00139303482587065
0.00169154228855721
0.00169154228855721
0.00171641791044776
0.00116915422885572
0.00129353233830846
0.00124378109452736
0.00156716417910448
0.00166666666666667
0.0013681592039801
0.00154228855721393
0.00164179104477612
0.00149253731343284
0.00144278606965174
0.00154228855721393
0.00171641791044776
0.00213930348258706
0.00196517412935323
0.00151741293532338
0.00169154228855721
0.001318407960199
0.0017910447761194
0.00104477611940298
0.00169154228855721
0.00186567164179104
0.00151741293532338
0.0013681592039801
0.00174129353233831
0.00189054726368159
0.00116915422885572
0.00156716417910448
0.00146766169154229
0.00099502487562189
0.00119402985074627
0.00099502487562189
0.00166666666666667
0.00159203980099502
0.00154228855721393
0.00151741293532338
0.00221393034825871
0.00149253731343284
0.00134328358208955
0.00099502487562189
0.00186567164179104
0.00161691542288557
0.00126865671641791
0.00169154228855721
0.00144278606965174
0.0018407960199005
0.00126865671641791
0.00194029850746269
0.00119402985074627
0.00169154228855721
0.00189054726368159
0.0017910447761194
0.00141791044776119
0.00171641791044776
0.0013681592039801
0.00119402985074627
0.00156716417910448
0.00164179104477612
0.00114427860696517
0.0013681592039801
0.00164179104477612
0.00134328358208955
0.00139303482587065
0.00146766169154229
0.00116915422885572
0.00114427860696517
0.00129353233830846
0.00134328358208955
0.00121890547263682
0.00114427860696517
0.00106965174129353
0.00161691542288557
0.00116915422885572
0.00106965174129353
0.000970149253731343
0.00109452736318408
0.00121890547263682
0.00111940298507463
0.00099502487562189
0.00101990049751244
0.00134328358208955
0.00109452736318408
0.0013681592039801
0.00124378109452736
0.00141791044776119
0.00149253731343284
0.00154228855721393
0.00124378109452736
0.00126865671641791
0.00116915422885572
0.00124378109452736
0.00109452736318408
0.00121890547263682
0.00146766169154229
0.00126865671641791
0.00126865671641791
0.00139303482587065
0.000945273631840796
0.00146766169154229
0.00146766169154229
0.00151741293532338
0.00154228855721393
0.00134328358208955
0.00121890547263682
0.001318407960199
0.00101990049751244
0.000721393034825871
0.00116915422885572
0.00111940298507463
0.00139303482587065
0.000970149253731343
0.000920398009950249
0.000746268656716418
0.000920398009950249
0.00144278606965174
0.00134328358208955
0.00126865671641791
0.00129353233830846
0.00129353233830846
0.00149253731343284
0.00154228855721393
0.001318407960199
0.0013681592039801
0.00134328358208955
0.000746268656716418
0.00119402985074627
0.00104477611940298
0.00106965174129353
0.000870646766169154
0.00139303482587065
0.00141791044776119
0.000870646766169154
0.00109452736318408
0.00129353233830846
0.00116915422885572
0.00111940298507463
0.00124378109452736
0.00109452736318408
0.000945273631840796
0.00114427860696517
0.001318407960199
0.00134328358208955
0.00111940298507463
0.0013681592039801
0.00111940298507463
0.00129353233830846
0.00154228855721393
0.00104477611940298
0.00111940298507463
0.000945273631840796
0.00109452736318408
0.00141791044776119
0.00109452736318408
0.00099502487562189
0.000970149253731343
0.00114427860696517
0.00119402985074627
0.00139303482587065
0.000597014925373134
0.000696517412935323
0.000895522388059702
0.000696517412935323
0.000970149253731343
0.000746268656716418
0.000870646766169154
0.000696517412935323
0.00101990049751244
0.000621890547263682
0.00106965174129353
0.000945273631840796
0.000771144278606965
0.00109452736318408
0.00109452736318408
0.000646766169154229
0.00104477611940298
0.00101990049751244
0.00109452736318408
0.00114427860696517
0.00082089552238806
0.00104477611940298
0.00109452736318408
0.000796019900497512
0.000771144278606965
0.00099502487562189
0.000721393034825871
0.000845771144278607
0.000870646766169154
0.00101990049751244
0.00111940298507463
0.00121890547263682
0.000746268656716418
0.000721393034825871
0.000771144278606965
0.00109452736318408
0.00129353233830846
0.00111940298507463
0.00114427860696517
0.000721393034825871
0.000696517412935323
0.000845771144278607
0.000870646766169154
0.000870646766169154
0.00109452736318408
0.000771144278606965
0.000970149253731343
0.000771144278606965
0.00109452736318408
0.00101990049751244
0.00104477611940298
0.00082089552238806
0.000796019900497512
0.00101990049751244
0.00109452736318408
0.000945273631840796
0.000945273631840796
0.00104477611940298
0.00104477611940298
0.00124378109452736
0.00111940298507463
0.00099502487562189
0.000920398009950249
0.00121890547263682
0.000920398009950249
0.00111940298507463
0.00099502487562189
0.000870646766169154
0.000870646766169154
0.00114427860696517
0.000920398009950249
0.00114427860696517
0.000970149253731343
0.000671641791044776
0.00109452736318408
0.000895522388059702
0.000696517412935323
0.000646766169154229
0.00054726368159204
0.000945273631840796
0.000646766169154229
0.000597014925373134
0.00106965174129353
0.00099502487562189
0.000621890547263682
0.00054726368159204
0.000522388059701492
0.000597014925373134
0.000572139303482587
0.000472636815920398
0.00054726368159204
0.00054726368159204
0.000646766169154229
0.000671641791044776
0.000671641791044776
0.00054726368159204
0.000348258706467662
0.000447761194029851
0.000597014925373134
0.000422885572139304
0.00054726368159204
0.000597014925373134
0.000398009950248756
0.000621890547263682
0.000472636815920398
0.000646766169154229
0.000522388059701492
0.000422885572139304
0.000398009950248756
0.000497512437810945
0.000472636815920398
0.000572139303482587
0.000497512437810945
0.000447761194029851
0.000472636815920398
0.000447761194029851
0.000422885572139304
0.000597014925373134
0.00027363184079602
0.000522388059701492
0.00054726368159204
0.000348258706467662
0.000323383084577114
0.000522388059701492
0.000597014925373134
0.000398009950248756
0.000422885572139304
0.000621890547263682
0.000447761194029851
0.00054726368159204
0.000721393034825871
0.000621890547263682
0.000323383084577114
0.000597014925373134
0.000422885572139304
0.000597014925373134
0.000398009950248756
0.000298507462686567
0.000621890547263682
0.000671641791044776
0.000621890547263682
0.000522388059701492
0.000497512437810945
0.000646766169154229
0.000447761194029851
0.000597014925373134
0.000472636815920398
0.000597014925373134
0.000721393034825871
0.000621890547263682
0.000671641791044776
0.00054726368159204
0.000721393034825871
0.000721393034825871
0.000696517412935323
0.000746268656716418
0.000671641791044776
0.000646766169154229
0.000472636815920398
0.000323383084577114
0.000597014925373134
0.000422885572139304
0.000422885572139304
0.000621890547263682
0.000497512437810945
0.000398009950248756
0.000572139303482587
0.000621890547263682
0.000671641791044776
0.000621890547263682
0.000621890547263682
0.000671641791044776
0.000646766169154229
0.000696517412935323
0.000646766169154229
0.000621890547263682
0.000621890547263682
0.000671641791044776
0.000497512437810945
0.000671641791044776
0.000522388059701492
0.000522388059701492
0.000522388059701492
0.000522388059701492
0.000522388059701492
0.000472636815920398
0.00054726368159204
0.00054726368159204
0.000447761194029851
0.000422885572139304
0.000223880597014925
0.000348258706467662
0.000422885572139304
0.000373134328358209
0.000422885572139304
0.000373134328358209
0.000348258706467662
0.000248756218905473
0.000298507462686567
0.000348258706467662
0.000199004975124378
0.000323383084577114
0.000323383084577114
0.000298507462686567
0.000348258706467662
0.000373134328358209
0.000149253731343284
0.000199004975124378
0.000223880597014925
0.000199004975124378
0.000199004975124378
0.000149253731343284
0.000223880597014925
0.000422885572139304
0.000174129353233831
0.000422885572139304
0.000223880597014925
0.000199004975124378
0.000323383084577114
0.00027363184079602
0.000298507462686567
0.00027363184079602
0.000298507462686567
0.000223880597014925
0.00027363184079602
0.000248756218905473
0.000223880597014925
0.000323383084577114
0.000298507462686567
0.00027363184079602
0.000323383084577114
0.000248756218905473
0.000199004975124378
0.000348258706467662
0.000199004975124378
0.000298507462686567
0.000223880597014925
0.00027363184079602
0.000223880597014925
0.000223880597014925
0.000223880597014925
0.000248756218905473
0.000223880597014925
0.000223880597014925
0.000223880597014925
0.000248756218905473
0.000223880597014925
0.000248756218905473
0.000248756218905473
0.000174129353233831
0.000174129353233831
0.000323383084577114
0.000298507462686567
0.000422885572139304
0.000398009950248756
0.000348258706467662
0.000472636815920398
0.00027363184079602
0.00027363184079602
0.000223880597014925
0.000298507462686567
0.000248756218905473
0.000174129353233831
0.000199004975124378
0.000149253731343284
0.000223880597014925
0.000174129353233831
0.000174129353233831
0.000398009950248756
0.000248756218905473
0.000149253731343284
0.00027363184079602
0.000422885572139304
0.000373134328358209
0.000223880597014925
0.000398009950248756
0.000373134328358209
0.000373134328358209
0.000398009950248756
0.000348258706467662
0.000323383084577114
0.000373134328358209
0.000348258706467662
0.00027363184079602
0.00027363184079602
0.00027363184079602
0.000248756218905473
0.000248756218905473
