0.00248756218905473
0.0129353233830846
0.0213930348258706
0.00199004975124378
0.00696517412935323
0.0318407960199005
0.00845771144278607
0.0328358208955224
0.0353233830845771
0.00746268656716418
0.0159203980099502
0.0278606965174129
0.00796019900497512
0.0283582089552239
0.00199004975124378
0.0263681592039801
0.0139303482587065
0.0194029850746269
0.0208955223880597
0.0159203980099502
0.0253731343283582
0.0139303482587065
0.0189054726368159
0.0238805970149254
0.0164179104477612
0.0124378109452736
0.0189054726368159
0.0208955223880597
0.0253731343283582
0.0208955223880597
0.0174129353233831
0.0218905472636816
0.017910447761194
0.0189054726368159
0.027363184079602
0.0208955223880597
0.00099502487562189
0.0248756218905473
0.0223880597014925
0.0194029850746269
0.0228855721393035
0.0233830845771144
0.0169154228855721
0.017910447761194
0.0203980099502488
0.0129353233830846
0.0243781094527363
0.0203980099502488
0.00845771144278607
0.0169154228855721
0.0169154228855721
0.0233830845771144
0.0228855721393035
0.0154228855721393
0.0164179104477612
0.0253731343283582
0.0134328358208955
0.0203980099502488
0.0189054726368159
0.0169154228855721
0.0174129353233831
0.0263681592039801
0.0532338308457711
0.00099502487562189
0.0189054726368159
0.0238805970149254
0.0248756218905473
0.0218905472636816
0.0233830845771144
0.0174129353233831
0.0243781094527363
0.0208955223880597
0.0223880597014925
0.0253731343283582
0.0323383084577114
0.0308457711442786
0.00199004975124378
0.0343283582089552
0.017910447761194
0.0328358208955224
0.0328358208955224
0.0104477611940299
0.0169154228855721
0.0144278606965174
0.0189054726368159
0.0199004975124378
0.017910447761194
0.0149253731343284
0.0208955223880597
0.0169154228855721
0.0154228855721393
0.0139303482587065
0.0124378109452736
0.0248756218905473
0.00199004975124378
0.00348258706467662
0.0159203980099502
0.017910447761194
0.0194029850746269
0.0159203980099502
0.0213930348258706
0.0144278606965174
0.0189054726368159
0.0208955223880597
0.0194029850746269
0.0189054726368159
0.0203980099502488
0.0164179104477612
0.0164179104477612
0.0134328358208955
0.0189054726368159
0.0134328358208955
0.0149253731343284
0.018407960199005
0.0422885572139304
0.0144278606965174
0.017910447761194
0.0159203980099502
0.0174129353233831
0.0174129353233831
0.0119402985074627
0.0218905472636816
0.0119402985074627
0.0333333333333333
0.0328358208955224
0.0323383084577114
0.00995024875621891
0.0104477611940299
0.0159203980099502
0.0109452736318408
0.0228855721393035
0.0159203980099502
0.0253731343283582
0.0293532338308458
0.0223880597014925
0.0233830845771144
0.0213930348258706
0.0402985074626866
0.0243781094527363
0.0313432835820895
0.0258706467661692
0.0208955223880597
0.0203980099502488
0.0402985074626866
0.0119402985074627
0.017910447761194
0.0253731343283582
0.0303482587064677
0.0437810945273632
0.0258706467661692
0.0233830845771144
0.0159203980099502
0.0199004975124378
0.0199004975124378
0.0114427860696517
0.0218905472636816
0.027363184079602
0.0263681592039801
0.017910447761194
0.0278606965174129
0.0189054726368159
0.0159203980099502
0.0223880597014925
0.0164179104477612
0.0208955223880597
0.0243781094527363
0.0154228855721393
0.0358208955223881
0.018407960199005
0.0159203980099502
0.0233830845771144
0.0263681592039801
0.0303482587064677
0.0293532338308458
0.0293532338308458
0.0213930348258706
0.0228855721393035
0.0248756218905473
0.0194029850746269
0.0248756218905473
0.03681592039801
0.0278606965174129
0.0263681592039801
0.0174129353233831
0.0124378109452736
0.0218905472636816
0.0149253731343284
0.0174129353233831
0.0129353233830846
0.018407960199005
0.0213930348258706
0.0159203980099502
0.0308457711442786
0.0169154228855721
0.0348258706467662
0.0169154228855721
0.0223880597014925
0.0164179104477612
0.017910447761194
0.0208955223880597
0.0288557213930348
0.0189054726368159
0.018407960199005
0.0134328358208955
0.0283582089552239
0.0358208955223881
0.0139303482587065
0.0328358208955224
0.0213930348258706
0.0208955223880597
0.0199004975124378
0.026865671641791
0.0318407960199005
0.0233830845771144
0.0278606965174129
0.0228855721393035
0.0253731343283582
0.0278606965174129
0.0208955223880597
0.0313432835820895
0.027363184079602
0.0308457711442786
0.0253731343283582
0.0333333333333333
0.0293532338308458
0.0507462686567164
0.0233830845771144
0.0253731343283582
0.0243781094527363
0.0238805970149254
0.0238805970149254
0.0243781094527363
0.0248756218905473
0.0263681592039801
0.0258706467661692
0.017910447761194
0.0203980099502488
0.0213930348258706
0.0228855721393035
0.0293532338308458
0.0223880597014925
0.0208955223880597
0.0213930348258706
0.0243781094527363
0.0283582089552239
0.0248756218905473
0.0194029850746269
0.0343283582089552
0.0223880597014925
0.0278606965174129
0.0199004975124378
0.0288557213930348
0.0238805970149254
0.0253731343283582
0.0218905472636816
0.0194029850746269
0.0213930348258706
0.0303482587064677
0.0189054726368159
0.0248756218905473
0.027363184079602
0.0189054726368159
0.0253731343283582
0.0149253731343284
0.0258706467661692
0.026865671641791
0.0248756218905473
0.0293532338308458
0.0233830845771144
0.0298507462686567
0.0303482587064677
0.0278606965174129
0.0527363184079602
0.0278606965174129
0.0213930348258706
0.0228855721393035
0.0278606965174129
0.0253731343283582
0.0537313432835821
0.0258706467661692
0.027363184079602
0.0253731343283582
0.0238805970149254
0.0293532338308458
0.0258706467661692
0.0278606965174129
0.0159203980099502
0.0223880597014925
0.0189054726368159
0.0263681592039801
0.0194029850746269
0.0218905472636816
0.0233830845771144
0.0213930348258706
0.0283582089552239
0.0263681592039801
0.0338308457711443
0.0313432835820895
0.0278606965174129
0.027363184079602
0.0288557213930348
0.0238805970149254
0.0343283582089552
0.0174129353233831
0.0298507462686567
0.0258706467661692
0.0223880597014925
0.0248756218905473
0.0323383084577114
0.0194029850746269
0.0213930348258706
0.0298507462686567
0.0248756218905473
0.0263681592039801
0.0323383084577114
0.0278606965174129
0.0243781094527363
0.0492537313432836
0.0248756218905473
0.018407960199005
0.0208955223880597
0.0308457711442786
0.0174129353233831
0.0323383084577114
0.0293532338308458
0.0253731343283582
0.0293532338308458
0.0298507462686567
0.0258706467661692
0.0348258706467662
0.0253731343283582
0.036318407960199
0.0358208955223881
0.0298507462686567
0.0492537313432836
0.0333333333333333
0.0383084577114428
0.0203980099502488
0.0482587064676617
0.0199004975124378
0.0278606965174129
0.0208955223880597
0.026865671641791
0.0154228855721393
0.0154228855721393
0.0208955223880597
0.0149253731343284
0.0253731343283582
0.045771144278607
0.045273631840796
0.0278606965174129
0.0248756218905473
0.0253731343283582
0.0353233830845771
0.0313432835820895
0.0567164179104478
0.0253731343283582
0.0313432835820895
0.0358208955223881
0.0223880597014925
0.0338308457711443
0.0223880597014925
0.0248756218905473
0.026865671641791
0.0462686567164179
0.0303482587064677
0.0398009950248756
0.0223880597014925
0.0283582089552239
0.0318407960199005
0.0313432835820895
0.026865671641791
0.0398009950248756
0.0402985074626866
0.0164179104477612
0.0278606965174129
0.0159203980099502
0.0238805970149254
0.0263681592039801
0.0203980099502488
0.0174129353233831
0.0199004975124378
0.0402985074626866
0.0189054726368159
0.0233830845771144
0.0383084577114428
0.0338308457711443
0.0293532338308458
0.0358208955223881
0.0263681592039801
0.0343283582089552
0.0298507462686567
0.0293532338308458
0.0303482587064677
0.0164179104477612
0.0134328358208955
0.026865671641791
0.0203980099502488
0.0213930348258706
0.0263681592039801
0.0278606965174129
0.0248756218905473
0.0223880597014925
0.0199004975124378
0.0218905472636816
0.0228855721393035
0.0248756218905473
0.0238805970149254
0.0218905472636816
0.0253731343283582
0.0278606965174129
0.0263681592039801
0.0532338308457711
0.0213930348258706
0.0562189054726368
0.026865671641791
0.0253731343283582
0.0228855721393035
0.0223880597014925
0.0517412935323383
0.0194029850746269
0.017910447761194
0.0527363184079602
0.0248756218905473
0.0223880597014925
0.018407960199005
0.0462686567164179
0.0218905472636816
0.0293532338308458
0.0432835820895522
0.026865671641791
0.0353233830845771
0.0233830845771144
0.045771144278607
0.0303482587064677
0.0313432835820895
0.0388059701492537
0.0263681592039801
0.027363184079602
0.0243781094527363
0.0358208955223881
0.0298507462686567
0.0293532338308458
0.0283582089552239
0.0303482587064677
0.0487562189054726
0.0298507462686567
0.0318407960199005
0.0293532338308458
0.0333333333333333
0.0248756218905473
0.0383084577114428
0.0199004975124378
0.027363184079602
0.0467661691542289
0.0253731343283582
0.0333333333333333
0.0218905472636816
0.0243781094527363
0.027363184079602
0.0278606965174129
0.0278606965174129
0.0288557213930348
0.0293532338308458
0.0313432835820895
0.0298507462686567
0.0318407960199005
0.0323383084577114
0.0333333333333333
0.0318407960199005
0.0248756218905473
0.027363184079602
0.0308457711442786
0.0492537313432836
0.0283582089552239
0.0303482587064677
0.0323383084577114
0.0189054726368159
0.0308457711442786
0.0343283582089552
0.027363184079602
0.0432835820895522
0.0298507462686567
0.0263681592039801
0.0303482587064677
0.0243781094527363
0.0288557213930348
0.0303482587064677
0.0263681592039801
0.0303482587064677
0.0298507462686567
0.0308457711442786
0.0313432835820895
0.0293532338308458
0.0313432835820895
0.0378109452736318
0.0258706467661692
0.0562189054726368
0.0432835820895522
0.027363184079602
0.0338308457711443
0.0298507462686567
0.0303482587064677
0.0303482587064677
0.0278606965174129
0.0308457711442786
0.0278606965174129
0.0253731343283582
0.0323383084577114
0.0348258706467662
0.027363184079602
0.0278606965174129
0.0308457711442786
0.0288557213930348
0.0318407960199005
0.0378109452736318
0.0303482587064677
0.0283582089552239
0.0298507462686567
0.0303482587064677
0.0263681592039801
0.027363184079602
0.0213930348258706
0.0537313432835821
0.0308457711442786
0.0313432835820895
0.0323383084577114
0.027363184079602
0.0278606965174129
0.0233830845771144
0.0492537313432836
0.0373134328358209
0.0283582089552239
0.0353233830845771
0.0283582089552239
0.026865671641791
0.0308457711442786
0.0323383084577114
0.0338308457711443
0.0223880597014925
0.0283582089552239
0.0318407960199005
0.03681592039801
0.0248756218905473
0.0293532338308458
0.0233830845771144
0.027363184079602
0.0373134328358209
0.0313432835820895
0.027363184079602
0.0253731343283582
0.0303482587064677
0.0298507462686567
0.026865671641791
0.0258706467661692
0.0283582089552239
0.0298507462686567
0.0288557213930348
0.0333333333333333
0.036318407960199
0.0248756218905473
0.0338308457711443
0.0318407960199005
0.0293532338308458
0.0313432835820895
0.0398009950248756
0.0313432835820895
0.0432835820895522
0.0243781094527363
0.0442786069651741
0.0333333333333333
0.0253731343283582
0.0203980099502488
0.0218905472636816
0.0213930348258706
0.0248756218905473
0.0308457711442786
0.0328358208955224
0.0298507462686567
0.0303482587064677
0.0313432835820895
0.0288557213930348
0.0293532338308458
0.0278606965174129
0.0303482587064677
0.0353233830845771
0.0338308457711443
0.0333333333333333
0.0308457711442786
0.0258706467661692
0.0323383084577114
0.0358208955223881
0.0293532338308458
0.0243781094527363
0.0278606965174129
0.0238805970149254
0.0417910447761194
0.0343283582089552
0.0338308457711443
0.0288557213930348
0.0313432835820895
0.0278606965174129
0.0223880597014925
0.0288557213930348
0.0328358208955224
0.0243781094527363
0.0283582089552239
0.0258706467661692
0.0283582089552239
0.036318407960199
0.0353233830845771
0.027363184079602
0.0343283582089552
0.0333333333333333
0.03681592039801
0.0348258706467662
0.0293532338308458
0.0333333333333333
0.0288557213930348
0.026865671641791
0.0482587064676617
0.0293532338308458
0.026865671641791
0.0417910447761194
0.0323383084577114
0.0303482587064677
0.0323383084577114
0.0447761194029851
0.0283582089552239
0.0358208955223881
0.0313432835820895
0.0308457711442786
0.0308457711442786
0.0278606965174129
0.0313432835820895
0.0258706467661692
0.0243781094527363
0.0253731343283582
0.0353233830845771
0.0353233830845771
0.0263681592039801
0.0283582089552239
0.0467661691542289
0.0243781094527363
0.0253731343283582
0.0343283582089552
0.0353233830845771
0.026865671641791
0.0323383084577114
0.0238805970149254
0.0308457711442786
0.026865671641791
0.0278606965174129
0.0323383084577114
0.027363184079602
0.0348258706467662
0.0278606965174129
0.0308457711442786
0.0328358208955224
0.0333333333333333
0.026865671641791
0.0253731343283582
0.0238805970149254
0.0189054726368159
0.0233830845771144
0.0383084577114428
0.0308457711442786
0.0223880597014925
0.0253731343283582
0.0388059701492537
0.026865671641791
0.0293532338308458
0.0283582089552239
0.0298507462686567
0.036318407960199
0.0323383084577114
0.0208955223880597
0.0298507462686567
0.0303482587064677
0.0462686567164179
0.0398009950248756
0.0313432835820895
0.027363184079602
0.0298507462686567
0.0248756218905473
0.0189054726368159
0.0323383084577114
0.0323383084577114
0.0283582089552239
0.0293532338308458
0.0293532338308458
0.0174129353233831
0.0228855721393035
0.0238805970149254
0.0223880597014925
0.0223880597014925
0.0233830845771144
0.0223880597014925
0.0169154228855721
0.0402985074626866
0.0467661691542289
0.0298507462686567
0.027363184079602
0.027363184079602
0.0263681592039801
0.0308457711442786
0.0308457711442786
0.0238805970149254
0.0298507462686567
0.0263681592039801
0.0313432835820895
0.0223880597014925
0.0223880597014925
0.0208955223880597
0.0258706467661692
0.0218905472636816
0.0243781094527363
0.0398009950248756
0.0228855721393035
0.0218905472636816
0.0467661691542289
0.0253731343283582
0.0213930348258706
0.0233830845771144
0.0323383084577114
0.0238805970149254
0.0333333333333333
0.0208955223880597
0.0393034825870647
0.0203980099502488
0.0238805970149254
0.0253731343283582
0.0323383084577114
0.0233830845771144
0.0353233830845771
0.0378109452736318
0.0313432835820895
0.0308457711442786
0.0303482587064677
0.0402985074626866
0.0278606965174129
0.0343283582089552
0.0328358208955224
0.0318407960199005
0.0243781094527363
0.026865671641791
0.0278606965174129
0.0313432835820895
0.0223880597014925
0.0318407960199005
0.0213930348258706
0.0238805970149254
0.0308457711442786
0.0348258706467662
0.0298507462686567
0.027363184079602
0.0308457711442786
0.0298507462686567
0.0258706467661692
0.0353233830845771
0.0208955223880597
0.0288557213930348
0.0278606965174129
0.0194029850746269
0.0477611940298507
0.0407960199004975
0.0263681592039801
0.0263681592039801
0.0353233830845771
0.0253731343283582
0.0223880597014925
0.0223880597014925
0.027363184079602
0.0462686567164179
0.0303482587064677
0.0248756218905473
0.0263681592039801
0.027363184079602
0.026865671641791
0.0238805970149254
0.0293532338308458
0.0318407960199005
0.036318407960199
0.045273631840796
0.0373134328358209
0.0228855721393035
0.0288557213930348
0.0243781094527363
0.0263681592039801
0.0223880597014925
0.026865671641791
0.0278606965174129
0.0213930348258706
0.0358208955223881
0.0199004975124378
0.0343283582089552
0.03681592039801
0.0288557213930348
0.0223880597014925
0.0388059701492537
0.0323383084577114
0.0243781094527363
0.0343283582089552
0.0208955223880597
0.0258706467661692
0.0353233830845771
0.0592039800995025
0.0298507462686567
0.0233830845771144
0.0328358208955224
0.0213930348258706
0.0243781094527363
0.03681592039801
0.0228855721393035
0.0238805970149254
0.0283582089552239
0.0228855721393035
0.0253731343283582
0.0218905472636816
0.0298507462686567
0.0218905472636816
0.0303482587064677
0.0203980099502488
0.0323383084577114
0.0213930348258706
0.0228855721393035
0.0338308457711443
0.0223880597014925
0.0388059701492537
0.0283582089552239
0.0228855721393035
0.0213930348258706
0.0223880597014925
0.026865671641791
0.0288557213930348
0.0218905472636816
0.0482587064676617
0.0228855721393035
0.0233830845771144
0.0278606965174129
0.0288557213930348
0.0208955223880597
0.0223880597014925
0.0283582089552239
0.0199004975124378
0.0308457711442786
0.0283582089552239
0.0318407960199005
0.0258706467661692
0.0348258706467662
0.0263681592039801
0.0293532338308458
0.0278606965174129
0.0462686567164179
0.0293532338308458
0.045771144278607
0.0194029850746269
0.0233830845771144
0.0412935323383085
0.0293532338308458
0.0223880597014925
0.0338308457711443
0.0487562189054726
0.0253731343283582
0.0238805970149254
0.0278606965174129
0.0243781094527363
0.0422885572139304
0.0338308457711443
0.0243781094527363
0.0333333333333333
0.0258706467661692
0.0407960199004975
0.027363184079602
0.0253731343283582
0.0208955223880597
0.0243781094527363
0.0263681592039801
0.0398009950248756
0.0253731343283582
0.0333333333333333
0.0313432835820895
0.0313432835820895
0.0288557213930348
0.0318407960199005
0.0263681592039801
0.0248756218905473
0.0407960199004975
0.0283582089552239
0.026865671641791
0.0283582089552239
0.027363184079602
0.0278606965174129
0.0432835820895522
0.0283582089552239
0.0338308457711443
0.027363184079602
0.0308457711442786
0.0293532338308458
0.0303482587064677
0.0333333333333333
0.0293532338308458
0.0482587064676617
0.03681592039801
0.0293532338308458
0.0393034825870647
0.0288557213930348
0.0293532338308458
0.0258706467661692
0.0283582089552239
0.0313432835820895
0.0283582089552239
0.0383084577114428
0.0432835820895522
0.0293532338308458
0.0263681592039801
0.0402985074626866
0.0407960199004975
0.0358208955223881
0.0303482587064677
0.0328358208955224
0.0318407960199005
0.0348258706467662
0.026865671641791
0.0313432835820895
0.036318407960199
0.0298507462686567
0.0263681592039801
0.0248756218905473
0.0283582089552239
0.0223880597014925
0.0258706467661692
0.0278606965174129
0.036318407960199
0.0258706467661692
0.0427860696517413
0.0407960199004975
0.0303482587064677
0.0343283582089552
0.0293532338308458
0.0248756218905473
0.0308457711442786
0.0298507462686567
0.0298507462686567
0.0313432835820895
0.0238805970149254
0.0308457711442786
0.0328358208955224
0.0353233830845771
0.0323383084577114
0.0348258706467662
0.0208955223880597
0.0323383084577114
0.0378109452736318
0.0283582089552239
0.0253731343283582
0.0303482587064677
0.0303482587064677
0.026865671641791
0.0278606965174129
0.0298507462686567
0.0278606965174129
0.0318407960199005
0.027363184079602
0.0348258706467662
0.0343283582089552
0.0323383084577114
0.0557213930348259
0.0283582089552239
0.0278606965174129
0.0358208955223881
0.0398009950248756
0.0263681592039801
0.026865671641791
0.0238805970149254
0.0313432835820895
0.0422885572139304
0.0313432835820895
0.0348258706467662
0.0323383084577114
0.0323383084577114
0.0318407960199005
0.0283582089552239
0.0313432835820895
0.0283582089552239
0.027363184079602
0.0283582089552239
0.0422885572139304
0.0353233830845771
0.045771144278607
0.0402985074626866
0.0358208955223881
0.0298507462686567
0.0383084577114428
0.0313432835820895
0.0278606965174129
0.0308457711442786
0.026865671641791
0.0313432835820895
0.0328358208955224
0.0313432835820895
0.0213930348258706
0.0243781094527363
0.0298507462686567
0.0223880597014925
0.0199004975124378
0.0223880597014925
0.0313432835820895
0.0283582089552239
0.0218905472636816
0.0199004975124378
0.0218905472636816
0.0527363184079602
0.0298507462686567
0.0228855721393035
0.0199004975124378
0.0258706467661692
0.0353233830845771
0.0303482587064677
0.018407960199005
0.0298507462686567
0.0278606965174129
0.0288557213930348
0.0293532338308458
0.0298507462686567
0.0223880597014925
0.0189054726368159
0.0278606965174129
0.0348258706467662
0.0298507462686567
0.026865671641791
0.0343283582089552
0.0228855721393035
0.0343283582089552
0.0293532338308458
0.027363184079602
0.027363184079602
0.0388059701492537
0.0253731343283582
0.0283582089552239
0.0283582089552239
0.0213930348258706
0.0213930348258706
0.0288557213930348
0.0233830845771144
0.0233830845771144
0.0333333333333333
0.0223880597014925
0.0248756218905473
0.0258706467661692
0.0248756218905473
0.0288557213930348
0.0358208955223881
0.0228855721393035
0.0338308457711443
0.0278606965174129
0.0208955223880597
0.0144278606965174
0.0263681592039801
0.026865671641791
0.0258706467661692
0.0263681592039801
0.027363184079602
0.026865671641791
0.0233830845771144
0.073134328358209
0.0467661691542289
0.0233830845771144
0.0243781094527363
0.0248756218905473
0.026865671641791
0.0228855721393035
0.026865671641791
0.0218905472636816
0.0283582089552239
0.0243781094527363
0.026865671641791
0.0258706467661692
0.0313432835820895
0.0248756218905473
0.0298507462686567
0.0248756218905473
0.0253731343283582
0.0253731343283582
0.0228855721393035
0.0213930348258706
0.0223880597014925
0.027363184079602
0.0258706467661692
0.0353233830845771
0.0253731343283582
0.0283582089552239
0.0333333333333333
0.026865671641791
0.0238805970149254
0.0258706467661692
0.0343283582089552
0.0233830845771144
0.0313432835820895
0.0218905472636816
0.0293532338308458
0.0283582089552239
0.026865671641791
0.026865671641791
0.0243781094527363
0.0298507462686567
0.0358208955223881
0.0348258706467662
0.0253731343283582
0.0233830845771144
0.0243781094527363
0.0383084577114428
0.0288557213930348
0.0283582089552239
0.0223880597014925
0.0383084577114428
0.0263681592039801
0.0238805970149254
0.0253731343283582
0.0248756218905473
0.0293532338308458
0.0218905472636816
0.0208955223880597
0.0442786069651741
0.0258706467661692
0.0258706467661692
0.018407960199005
0.0159203980099502
0.0213930348258706
0.0139303482587065
0.0243781094527363
0.0238805970149254
0.0308457711442786
0.0243781094527363
0.0228855721393035
0.036318407960199
0.026865671641791
0.0243781094527363
0.0333333333333333
0.0407960199004975
0.026865671641791
0.0572139303482587
0.0308457711442786
0.0388059701492537
0.0278606965174129
0.0253731343283582
0.0293532338308458
0.036318407960199
0.0298507462686567
0.0706467661691542
0.0253731343283582
0.0318407960199005
0.018407960199005
0.0189054726368159
0.0233830845771144
0.0174129353233831
0.027363184079602
0.0308457711442786
0.0303482587064677
0.0263681592039801
0.0243781094527363
0.0557213930348259
0.0432835820895522
0.0213930348258706
0.0343283582089552
0.0253731343283582
0.0482587064676617
0.0467661691542289
0.0298507462686567
0.0263681592039801
0.0258706467661692
0.026865671641791
0.0258706467661692
0.0243781094527363
0.0228855721393035
0.0308457711442786
0.0263681592039801
0.0263681592039801
0.0258706467661692
0.0353233830845771
0.0313432835820895
0.0283582089552239
0.0218905472636816
0.0233830845771144
0.0437810945273632
0.0278606965174129
0.036318407960199
0.0218905472636816
0.0323383084577114
0.0328358208955224
0.0323383084577114
0.0278606965174129
0.0208955223880597
0.0412935323383085
0.0398009950248756
0.0313432835820895
0.0154228855721393
0.0223880597014925
0.0243781094527363
0.026865671641791
0.0233830845771144
0.0318407960199005
0.0313432835820895
0.0353233830845771
0.027363184079602
0.0288557213930348
0.0238805970149254
0.0333333333333333
0.0223880597014925
0.0218905472636816
0.0228855721393035
0.0293532338308458
0.0243781094527363
0.0308457711442786
0.0238805970149254
0.0393034825870647
0.0323383084577114
0.0298507462686567
0.0189054726368159
0.0213930348258706
0.0263681592039801
0.0278606965174129
0.0323383084577114
0.0278606965174129
0.027363184079602
0.027363184079602
0.0308457711442786
0.0258706467661692
0.0373134328358209
0.0313432835820895
0.0223880597014925
0.0149253731343284
0.0233830845771144
0.0194029850746269
0.018407960199005
0.0303482587064677
0.0253731343283582
0.0263681592039801
0.0338308457711443
0.0194029850746269
0.018407960199005
0.0328358208955224
0.0218905472636816
0.0313432835820895
0.0278606965174129
0.017910447761194
0.0223880597014925
0.0313432835820895
0.027363184079602
0.03681592039801
0.0298507462686567
0.0293532338308458
0.0263681592039801
0.0318407960199005
0.0218905472636816
0.0313432835820895
0.0313432835820895
0.0313432835820895
0.0303482587064677
0.0308457711442786
0.036318407960199
0.0427860696517413
0.0253731343283582
0.0218905472636816
0.0288557213930348
0.0572139303482587
0.026865671641791
0.0238805970149254
0.0333333333333333
0.0293532338308458
0.0313432835820895
0.0263681592039801
0.0278606965174129
0.0348258706467662
0.027363184079602
0.0288557213930348
0.0338308457711443
0.0248756218905473
0.027363184079602
0.026865671641791
0.0323383084577114
0.0248756218905473
0.018407960199005
0.0203980099502488
0.0218905472636816
0.0223880597014925
0.0323383084577114
0.0189054726368159
0.026865671641791
0.0308457711442786
0.0258706467661692
0.0258706467661692
0.0323383084577114
0.0313432835820895
0.0298507462686567
0.0432835820895522
0.0253731343283582
0.026865671641791
0.0278606965174129
0.0263681592039801
0.0189054726368159
0.0258706467661692
0.0338308457711443
0.0233830845771144
0.0393034825870647
0.0288557213930348
0.0318407960199005
0.027363184079602
0.036318407960199
0.0313432835820895
0.0228855721393035
0.0313432835820895
0.0333333333333333
0.0288557213930348
0.0278606965174129
0.026865671641791
0.0298507462686567
0.0253731343283582
0.0328358208955224
0.0258706467661692
0.0293532338308458
0.0427860696517413
0.0263681592039801
0.0298507462686567
0.0398009950248756
0.0447761194029851
0.0278606965174129
0.0253731343283582
0.045771144278607
0.026865671641791
0.0263681592039801
0.0263681592039801
0.0303482587064677
0.0398009950248756
0.027363184079602
0.0238805970149254
0.0233830845771144
0.0189054726368159
0.0303482587064677
0.0213930348258706
0.018407960199005
0.0298507462686567
0.0164179104477612
0.0323383084577114
0.0467661691542289
0.0208955223880597
0.0283582089552239
0.0223880597014925
0.0169154228855721
0.0258706467661692
0.0213930348258706
0.0199004975124378
0.027363184079602
0.0278606965174129
0.03681592039801
0.027363184079602
0.0278606965174129
0.0313432835820895
0.026865671641791
0.0263681592039801
0.0278606965174129
0.0253731343283582
0.0283582089552239
0.0328358208955224
0.0318407960199005
0.0238805970149254
0.0194029850746269
0.027363184079602
0.0432835820895522
0.0218905472636816
0.0228855721393035
0.0328358208955224
0.0233830845771144
0.0243781094527363
0.0248756218905473
0.0427860696517413
0.0417910447761194
0.0248756218905473
0.0213930348258706
0.0263681592039801
0.0313432835820895
0.0228855721393035
0.0358208955223881
0.0318407960199005
0.0427860696517413
0.0233830845771144
0.0338308457711443
0.0278606965174129
0.0248756218905473
0.027363184079602
0.027363184079602
0.0253731343283582
0.026865671641791
0.0253731343283582
0.0278606965174129
0.0383084577114428
0.0248756218905473
0.0338308457711443
0.0233830845771144
0.0258706467661692
0.0223880597014925
0.0203980099502488
0.0432835820895522
0.0333333333333333
0.0283582089552239
0.0288557213930348
0.0248756218905473
0.0253731343283582
0.0203980099502488
0.0253731343283582
0.0233830845771144
0.027363184079602
0.0417910447761194
0.0169154228855721
0.0243781094527363
0.0243781094527363
0.0283582089552239
0.0288557213930348
0.0293532338308458
0.0288557213930348
0.0437810945273632
0.0278606965174129
0.0313432835820895
0.0318407960199005
0.0258706467661692
0.0323383084577114
0.0258706467661692
0.03681592039801
0.0313432835820895
0.0253731343283582
0.0263681592039801
0.0343283582089552
0.0288557213930348
0.0293532338308458
0.0308457711442786
0.0308457711442786
0.027363184079602
0.0333333333333333
0.026865671641791
0.0308457711442786
0.0189054726368159
0.0283582089552239
0.0189054726368159
0.0333333333333333
0.0288557213930348
0.0248756218905473
0.017910447761194
0.0203980099502488
0.0288557213930348
0.0243781094527363
0.0208955223880597
0.0189054726368159
0.0333333333333333
0.026865671641791
0.0283582089552239
0.0233830845771144
0.0383084577114428
0.0223880597014925
0.0263681592039801
0.0233830845771144
0.0328358208955224
0.0293532338308458
0.0283582089552239
0.0298507462686567
0.0308457711442786
0.0313432835820895
0.0288557213930348
0.0323383084577114
0.0278606965174129
0.0293532338308458
0.0308457711442786
0.0248756218905473
0.0348258706467662
0.0333333333333333
0.0333333333333333
0.0263681592039801
0.026865671641791
0.0298507462686567
0.0278606965174129
0.0343283582089552
0.0283582089552239
0.0278606965174129
0.0308457711442786
0.0199004975124378
0.0213930348258706
0.0203980099502488
0.0203980099502488
0.0288557213930348
0.0258706467661692
0.0233830845771144
0.0313432835820895
0.0313432835820895
0.018407960199005
0.0258706467661692
0.0283582089552239
0.0318407960199005
0.0253731343283582
0.0328358208955224
0.0353233830845771
0.0288557213930348
0.0248756218905473
0.0189054726368159
0.0298507462686567
0.027363184079602
0.0238805970149254
0.0278606965174129
0.0248756218905473
0.0243781094527363
0.0298507462686567
0.0338308457711443
0.0253731343283582
0.0288557213930348
0.0243781094527363
0.0243781094527363
0.0293532338308458
0.0293532338308458
0.0203980099502488
0.0303482587064677
0.0238805970149254
0.0263681592039801
0.0213930348258706
0.0258706467661692
0.0248756218905473
0.0303482587064677
0.0223880597014925
0.0189054726368159
0.0218905472636816
0.0213930348258706
0.0208955223880597
0.0218905472636816
0.0223880597014925
0.0298507462686567
0.0253731343283582
0.0164179104477612
0.0124378109452736
0.026865671641791
0.0203980099502488
0.0199004975124378
0.0228855721393035
0.0208955223880597
0.0228855721393035
0.0208955223880597
0.026865671641791
0.0144278606965174
0.0164179104477612
0.0199004975124378
0.0154228855721393
0.0164179104477612
0.017910447761194
0.0189054726368159
0.0169154228855721
0.0169154228855721
0.018407960199005
0.0199004975124378
0.0199004975124378
0.0303482587064677
0.0174129353233831
0.0213930348258706
0.018407960199005
0.0199004975124378
0.0228855721393035
0.0213930348258706
0.018407960199005
0.0318407960199005
0.0213930348258706
0.0159203980099502
0.0208955223880597
0.0159203980099502
0.0159203980099502
0.0203980099502488
0.0154228855721393
0.0164179104477612
0.0213930348258706
0.0233830845771144
0.0263681592039801
0.0223880597014925
0.0223880597014925
0.0243781094527363
0.0313432835820895
0.0318407960199005
0.0218905472636816
0.0154228855721393
0.0169154228855721
0.0228855721393035
0.0134328358208955
0.0174129353233831
0.0194029850746269
0.0164179104477612
0.0213930348258706
0.0154228855721393
0.017910447761194
0.0174129353233831
0.0233830845771144
0.0208955223880597
0.0174129353233831
0.0154228855721393
0.0149253731343284
0.0238805970149254
0.0218905472636816
0.0218905472636816
0.026865671641791
0.0238805970149254
0.026865671641791
0.018407960199005
0.0154228855721393
0.0228855721393035
0.0243781094527363
0.0164179104477612
0.0149253731343284
0.0194029850746269
0.0159203980099502
0.0169154228855721
0.0169154228855721
0.0144278606965174
0.0159203980099502
0.0213930348258706
0.0164179104477612
0.0208955223880597
0.0174129353233831
0.0174129353233831
0.0218905472636816
0.0228855721393035
0.0248756218905473
0.0159203980099502
0.0228855721393035
0.0258706467661692
0.0208955223880597
0.0218905472636816
0.0223880597014925
0.018407960199005
0.0159203980099502
0.017910447761194
0.0208955223880597
0.0174129353233831
0.0154228855721393
0.0164179104477612
0.0238805970149254
0.0194029850746269
0.0164179104477612
0.0139303482587065
0.0139303482587065
0.0164179104477612
0.0174129353233831
0.0159203980099502
0.0124378109452736
0.0213930348258706
0.0129353233830846
0.0208955223880597
0.0169154228855721
0.0213930348258706
0.0223880597014925
0.0223880597014925
0.017910447761194
0.0174129353233831
0.0203980099502488
0.0213930348258706
0.0164179104477612
0.0199004975124378
0.0203980099502488
0.018407960199005
0.0203980099502488
0.0223880597014925
0.0154228855721393
0.0248756218905473
0.0208955223880597
0.0228855721393035
0.0243781094527363
0.0194029850746269
0.0189054726368159
0.0203980099502488
0.0134328358208955
0.0104477611940299
0.0199004975124378
0.0139303482587065
0.0213930348258706
0.0124378109452736
0.0129353233830846
0.00995024875621891
0.0134328358208955
0.0233830845771144
0.0199004975124378
0.0213930348258706
0.0203980099502488
0.0208955223880597
0.0243781094527363
0.0233830845771144
0.0243781094527363
0.0208955223880597
0.0218905472636816
0.0134328358208955
0.018407960199005
0.017910447761194
0.0144278606965174
0.0119402985074627
0.0243781094527363
0.018407960199005
0.0129353233830846
0.0169154228855721
0.0189054726368159
0.0194029850746269
0.0159203980099502
0.0174129353233831
0.0159203980099502
0.0149253731343284
0.0189054726368159
0.0199004975124378
0.0208955223880597
0.0174129353233831
0.0194029850746269
0.0169154228855721
0.0194029850746269
0.0223880597014925
0.0144278606965174
0.0199004975124378
0.0134328358208955
0.0129353233830846
0.0233830845771144
0.0114427860696517
0.0154228855721393
0.0124378109452736
0.0154228855721393
0.0208955223880597
0.0194029850746269
0.0104477611940299
0.0109452736318408
0.0149253731343284
0.0104477611940299
0.0154228855721393
0.0119402985074627
0.0144278606965174
0.0114427860696517
0.0154228855721393
0.00995024875621891
0.0149253731343284
0.0139303482587065
0.0139303482587065
0.0154228855721393
0.0149253731343284
0.0104477611940299
0.0144278606965174
0.0129353233830846
0.0139303482587065
0.0154228855721393
0.0129353233830846
0.0159203980099502
0.018407960199005
0.0114427860696517
0.0114427860696517
0.0159203980099502
0.0114427860696517
0.0124378109452736
0.0129353233830846
0.0159203980099502
0.0174129353233831
0.017910447761194
0.0134328358208955
0.0129353233830846
0.0109452736318408
0.0139303482587065
0.017910447761194
0.0139303482587065
0.0154228855721393
0.0134328358208955
0.0104477611940299
0.0129353233830846
0.0124378109452736
0.0139303482587065
0.018407960199005
0.0119402985074627
0.0139303482587065
0.0124378109452736
0.0154228855721393
0.0154228855721393
0.0159203980099502
0.0119402985074627
0.0139303482587065
0.0139303482587065
0.0164179104477612
0.0149253731343284
0.0144278606965174
0.0169154228855721
0.0149253731343284
0.0139303482587065
0.0139303482587065
0.0159203980099502
0.0159203980099502
0.0159203980099502
0.0139303482587065
0.0134328358208955
0.0139303482587065
0.0134328358208955
0.0139303482587065
0.0149253731343284
0.0139303482587065
0.0159203980099502
0.0139303482587065
0.0119402985074627
0.0144278606965174
0.0144278606965174
0.0109452736318408
0.0109452736318408
0.00945273631840796
0.0139303482587065
0.00945273631840796
0.00945273631840796
0.0164179104477612
0.017910447761194
0.0109452736318408
0.00895522388059702
0.00796019900497512
0.0104477611940299
0.00696517412935323
0.00895522388059702
0.0104477611940299
0.00796019900497512
0.0104477611940299
0.0104477611940299
0.00895522388059702
0.00895522388059702
0.00646766169154229
0.00796019900497512
0.00945273631840796
0.00796019900497512
0.00895522388059702
0.00945273631840796
0.00796019900497512
0.00995024875621891
0.00895522388059702
0.0114427860696517
0.00995024875621891
0.00746268656716418
0.00746268656716418
0.00945273631840796
0.00895522388059702
0.0114427860696517
0.00895522388059702
0.00845771144278607
0.00895522388059702
0.00746268656716418
0.00746268656716418
0.00845771144278607
0.00447761194029851
0.00995024875621891
0.0104477611940299
0.00597014925373134
0.0054726368159204
0.00895522388059702
0.00945273631840796
0.00646766169154229
0.00746268656716418
0.0104477611940299
0.00895522388059702
0.0104477611940299
0.0119402985074627
0.0124378109452736
0.00646766169154229
0.00945273631840796
0.00796019900497512
0.0104477611940299
0.00696517412935323
0.0054726368159204
0.00895522388059702
0.0119402985074627
0.0124378109452736
0.0104477611940299
0.00895522388059702
0.0114427860696517
0.00746268656716418
0.00945273631840796
0.00796019900497512
0.00945273631840796
0.0114427860696517
0.0104477611940299
0.00995024875621891
0.0104477611940299
0.0114427860696517
0.0119402985074627
0.0119402985074627
0.0124378109452736
0.0109452736318408
0.0104477611940299
0.00895522388059702
0.00597014925373134
0.0104477611940299
0.00796019900497512
0.00646766169154229
0.0114427860696517
0.00746268656716418
0.00696517412935323
0.00995024875621891
0.0114427860696517
0.00995024875621891
0.00796019900497512
0.00895522388059702
0.00895522388059702
0.00845771144278607
0.0104477611940299
0.00945273631840796
0.00895522388059702
0.00895522388059702
0.0119402985074627
0.00845771144278607
0.0119402985074627
0.00895522388059702
0.00945273631840796
0.00845771144278607
0.00895522388059702
0.00945273631840796
0.00845771144278607
0.00895522388059702
0.00945273631840796
0.00895522388059702
0.00845771144278607
0.00447761194029851
0.00696517412935323
0.00845771144278607
0.00746268656716418
0.00845771144278607
0.00746268656716418
0.00696517412935323
0.00497512437810945
0.00597014925373134
0.00696517412935323
0.00398009950248756
0.00646766169154229
0.00646766169154229
0.00597014925373134
0.00696517412935323
0.00746268656716418
0.00298507462686567
0.00398009950248756
0.00447761194029851
0.00398009950248756
0.00398009950248756
0.00298507462686567
0.00447761194029851
0.00845771144278607
0.00348258706467662
0.00845771144278607
0.00447761194029851
0.00398009950248756
0.00646766169154229
0.0054726368159204
0.00597014925373134
0.0054726368159204
0.00597014925373134
0.00447761194029851
0.0054726368159204
0.00497512437810945
0.00447761194029851
0.00646766169154229
0.00597014925373134
0.0054726368159204
0.00646766169154229
0.00497512437810945
0.00398009950248756
0.00696517412935323
0.00398009950248756
0.00597014925373134
0.00447761194029851
0.0054726368159204
0.00447761194029851
0.00447761194029851
0.00447761194029851
0.00497512437810945
0.00447761194029851
0.00447761194029851
0.00447761194029851
0.00497512437810945
0.00447761194029851
0.00497512437810945
0.00497512437810945
0.00348258706467662
0.00348258706467662
0.00646766169154229
0.00597014925373134
0.00845771144278607
0.00796019900497512
0.00696517412935323
0.00945273631840796
0.0054726368159204
0.0054726368159204
0.00447761194029851
0.00597014925373134
0.00497512437810945
0.00348258706467662
0.00398009950248756
0.00298507462686567
0.00447761194029851
0.00348258706467662
0.00348258706467662
0.00796019900497512
0.00497512437810945
0.00298507462686567
0.0054726368159204
0.00845771144278607
0.00746268656716418
0.00447761194029851
0.00796019900497512
0.00746268656716418
0.00746268656716418
0.00796019900497512
0.00696517412935323
0.00646766169154229
0.00746268656716418
0.00696517412935323
0.0054726368159204
0.0054726368159204
0.0054726368159204
0.00497512437810945
0.00497512437810945
