1
0
3
2
24
25
26
27
20
21
22
23
28
29
4
8
59
58
55
54
57
56
51
50
53
52
88
89
82
83
80
81
86
87
84
85
7
102
103
100
101
104
105
39
38
33
32
31
30
37
36
35
34
60
61
62
63
64
65
66
67
68
69
6
99
98
91
90
93
92
95
94
97
96
11
10
13
12
15
14
17
16
19
18
48
49
46
47
44
45
42
43
40
41
5
9
77
76
75
74
73
72
71
70
79
78
165
133
131
130
137
136
135
134
139
138
166
160
161
163
119
120
121
122
123
124
125
126
127
128
129
132
201
199
200
195
194
197
191
190
193
192
115
114
111
110
113
205
118
198
206
141
108
109
106
107
179
178
176
175
174
173
172
171
170
203
145
182
183
180
181
186
187
184
188
189
196
185
168
169
164
167
162
117
116
204
151
150
153
152
155
154
157
156
159
158
112
146
147
144
202
142
143
140
177
148
149
216
217
214
215
212
213
210
211
264
265
218
219
225
224
222
289
221
281
283
247
284
287
286
258
262
261
269
268
228
298
299
296
297
294
295
292
293
290
291
310
227
274
276
278
285
254
312
308
309
255
301
302
303
304
305
306
307
245
244
246
241
240
243
242
282
252
270
223
259
251
256
257
272
288
249
248
311
313
273
315
316
229
280
226
220
271
314
253
275
277
238
239
234
235
236
237
230
231
232
233
300
207
209
208
263
250
260
279
267
266
344
346
347
340
341
342
343
348
349
438
439
436
437
434
435
432
433
430
431
339
338
335
334
337
336
331
330
333
332
345
407
406
405
404
403
402
401
400
409
408
379
378
371
370
373
372
375
374
377
376
393
392
397
396
395
394
399
322
323
320
321
326
327
324
325
328
329
414
415
416
417
410
411
412
413
418
419
319
318
317
368
369
366
367
364
365
362
363
360
361
380
381
382
383
384
385
386
387
388
389
357
356
355
354
353
352
351
350
359
358
429
428
421
420
423
422
425
424
427
426
391
390
398
524
525
526
527
520
521
522
523
528
529
449
448
443
442
441
440
447
446
445
444
551
550
552
494
495
497
490
491
492
493
519
518
511
510
513
512
515
514
517
516
458
459
450
451
452
453
454
455
456
457
542
543
540
541
546
547
544
545
548
549
498
499
496
508
509
506
507
504
505
502
503
500
501
469
468
465
464
467
466
461
460
463
462
537
536
535
533
532
531
530
539
538
534
489
488
487
486
485
484
483
482
481
480
472
473
470
471
476
477
474
475
478
479
595
594
591
590
593
592
597
596
641
640
643
642
645
644
647
559
558
555
554
557
556
553
614
619
612
613
610
611
616
617
615
623
622
628
618
586
587
584
585
582
583
580
581
588
589
621
620
627
626
625
624
629
656
599
654
650
652
658
653
651
659
657
655
598
605
579
578
604
573
572
571
570
577
575
574
603
602
630
631
632
633
635
636
637
600
646
649
648
576
568
569
560
561
562
563
564
565
566
567
607
606
601
609
608
634
638
639
719
718
717
716
715
714
713
712
711
710
744
745
748
740
741
742
743
746
747
749
689
688
685
684
687
686
681
680
683
682
758
708
709
704
705
706
707
700
701
702
703
753
752
756
759
669
668
667
666
665
664
663
661
660
692
693
690
691
696
697
694
695
698
699
765
731
730
733
732
735
734
736
739
738
768
769
762
763
760
761
766
767
764
678
679
674
675
676
677
670
671
672
673
662
751
750
757
737
755
754
726
727
724
725
722
723
720
721
728
729
810
811
812
813
814
816
817
854
818
856
857
850
851
852
853
858
859
815
819
820
829
828
826
821
797
796
795
794
793
792
791
790
799
798
869
868
861
860
863
862
865
864
867
866
880
809
775
774
777
770
773
772
779
778
804
832
833
830
831
836
837
834
835
838
839
808
784
785
786
787
780
781
782
783
788
789
878
879
876
877
874
875
872
873
870
871
803
802
801
800
807
806
805
776
771
855
825
824
827
847
846
845
844
843
842
841
840
849
848
823
822
914
917
911
910
902
903
900
901
906
907
904
905
908
909
948
949
946
947
944
945
942
943
940
941
938
933
932
931
930
937
895
924
925
1000
977
976
975
974
973
972
971
970
979
978
883
882
881
887
886
885
889
888
929
995
994
997
996
991
990
993
992
999
998
928
920
921
922
923
926
927
884
939
964
965
966
967
960
961
962
963
968
969
936
935
934
890
891
892
893
894
896
897
898
899
988
989
982
983
980
981
986
987
984
985
919
918
915
916
913
912
959
958
951
950
953
952
955
954
957
956
1103
1069
1068
1061
1063
1062
1065
1064
1067
1066
1085
1081
1089
1088
1018
1019
1014
1015
1016
1017
1012
1013
1025
1050
1051
1052
1053
1054
1055
1056
1057
1058
1059
1007
1006
1005
1002
1060
1009
1008
1004
1084
1083
1082
1080
1043
1042
1041
1040
1047
1046
1045
1049
1048
1010
1011
1039
1037
1106
1107
1104
1105
1102
1100
1101
1108
1091
1087
1086
1078
1079
1076
1077
1074
1075
1072
1073
1070
1071
1003
1094
1095
1096
1097
1090
1092
1093
1099
1031
1098
1034
1038
1032
1109
1033
1030
1001
1024
1027
1026
1021
1020
1023
1022
1036
1044
1029
1028
1035
1111
1110
1113
1112
1115
1114
1117
1116
1200
1145
1168
1129
1120
1122
1123
1124
1125
1127
1135
1134
1156
1199
1193
1192
1195
1194
1197
1196
1177
1174
1173
1172
1171
1170
1191
1190
1220
1212
1176
1138
1133
1132
1131
1130
1137
1136
1179
1178
1221
1139
1126
1142
1143
1140
1141
1146
1147
1144
1148
1149
1188
1189
1183
1175
1164
1165
1166
1167
1161
1162
1163
1213
1210
1128
1219
1169
1155
1154
1158
1151
1150
1153
1198
1159
1157
1152
1121
1215
1208
1186
1187
1184
1185
1182
1180
1181
1160
1209
1205
1204
1207
1206
1203
1202
1211
1216
1217
1214
1119
1118
1218
1201
1269
1268
1252
1260
1258
1259
1234
1235
1236
1237
1230
1231
1232
1233
1238
1239
1240
1243
1242
1244
1246
1249
1248
1316
1315
1314
1270
1271
1272
1273
1274
1275
1318
1285
1284
1287
1286
1281
1280
1289
1288
1304
1305
1306
1307
1300
1301
1302
1303
1308
1225
1317
1278
1279
1263
1261
1276
1277
1311
1227
1226
1224
1223
1222
1298
1229
1228
1283
1262
1267
1266
1265
1264
1313
1312
1310
1319
1309
1241
1245
1247
1292
1322
1256
1257
1254
1255
1253
1250
1251
1320
1321
1282
1299
1293
1290
1291
1296
1297
1294
1295
1383
1399
1397
1396
1394
1392
1391
1359
1409
1408
1402
1400
1404
1339
1335
1334
1337
1336
1331
1330
1333
1332
1372
1352
1371
1370
1375
1374
1377
1376
1379
1378
1346
1384
1385
1386
1387
1380
1381
1382
1348
1349
1340
1341
1342
1343
1344
1345
1347
1403
1401
1407
1406
1388
1389
1338
1398
1421
1420
1373
1353
1351
1357
1356
1355
1354
1390
1418
1419
1410
1411
1412
1413
1414
1415
1416
1417
1323
1326
1327
1324
1325
1395
1393
1405
1328
1329
1358
1350
1366
1367
1364
1365
1362
1363
1360
1361
1368
1369
1490
1492
1493
1494
1495
1496
1497
1498
1499
1454
1455
1456
1457
1448
1511
1459
1518
1472
1473
1470
1471
1476
1477
1474
1478
1479
1451
1483
1482
1481
1480
1487
1486
1485
1484
1489
1488
1513
1512
1436
1437
1434
1435
1432
1433
1430
1431
1438
1439
1502
1503
1500
1501
1506
1507
1504
1505
1508
1509
1519
1475
1469
1468
1465
1464
1467
1466
1461
1460
1463
1462
1423
1422
1425
1424
1427
1426
1429
1428
1450
1452
1453
1515
1514
1517
1516
1458
1510
1443
1442
1491
1446
1445
1444
1447
1441
1440
1449
1564
1524
1525
1527
1520
1521
1566
1567
1534
1539
1538
1522
1523
1621
1620
1579
1573
1572
1577
1576
1575
1574
1529
1618
1619
1616
1617
1614
1615
1612
1610
1611
1578
1571
1570
1546
1547
1544
1545
1542
1543
1540
1541
1548
1549
1589
1582
1580
1581
1586
1587
1584
1585
1537
1536
1535
1533
1532
1531
1530
1609
1608
1601
1600
1603
1602
1605
1604
1607
1606
1613
1568
1561
1560
1551
1550
1553
1552
1555
1554
1557
1556
1559
1558
1565
1526
1528
1569
1588
1583
1595
1594
1597
1596
1591
1590
1593
1592
1599
1598
1562
1563
1700
1701
1702
1703
1704
1706
1707
1708
1669
1668
1667
1666
1665
1663
1662
1661
1660
1623
1622
1627
1626
1625
1624
1629
1628
1696
1697
1694
1695
1692
1693
1690
1691
1698
1699
1705
1709
1713
1712
1711
1710
1717
1716
1715
1714
1719
1718
1658
1659
1652
1653
1650
1651
1656
1657
1654
1655
1664
1681
1680
1683
1682
1685
1687
1686
1689
1688
1645
1644
1647
1646
1641
1640
1643
1642
1649
1648
1720
1721
1679
1675
1722
1673
1678
1674
1676
1677
1670
1671
1672
1630
1631
1632
1633
1634
1635
1636
1637
1638
1639
1684
1799
1798
1793
1792
1791
1797
1796
1795
1794
1759
1757
1756
1755
1754
1753
1752
1751
1758
1750
1739
1731
1730
1768
1762
1760
1761
1766
1767
1764
1765
1784
1726
1727
1724
1725
1778
1728
1729
1723
1788
1789
1780
1781
1782
1783
1785
1786
1787
1775
1774
1777
1776
1771
1770
1773
1772
1779
1790
1769
1738
1733
1732
1735
1734
1737
1736
1748
1749
1744
1745
1746
1747
1740
1741
1742
1743
1763
1807
1806
1805
1804
1803
1802
1801
1800
1809
1808
1849
1848
1843
1841
1840
1847
1846
1845
1908
1909
1906
1907
1904
1905
1902
1903
1900
1901
1889
1888
1887
1886
1885
1884
1883
1882
1881
1880
1813
1832
1833
1830
1831
1836
1837
1834
1835
1838
1839
1876
1877
1874
1875
1872
1873
1870
1871
1878
1879
1910
1829
1828
1825
1824
1827
1826
1821
1820
1823
1822
1861
1860
1863
1862
1865
1864
1867
1866
1869
1868
1844
1814
1815
1816
1817
1810
1811
1812
1818
1819
1858
1859
1850
1851
1852
1853
1854
1855
1856
1857
1842
1898
1899
1894
1895
1896
1897
1890
1891
1892
1893
1948
1949
1942
1943
1940
1941
1946
1947
1944
1945
1994
1997
1960
1991
1990
1992
1996
1999
1961
2010
1955
1954
1957
1956
1951
1950
1953
1952
1959
1958
1993
1986
1995
1984
1985
1982
1983
1980
1981
1988
1989
1919
1918
1911
1913
1912
1915
1914
1917
1916
1975
1973
1971
1970
1968
1969
1967
1962
1963
1920
1921
1922
1923
1924
1925
1926
1927
1928
1929
1987
1979
1978
1977
1976
1974
1972
1964
1965
1966
1933
1932
1931
1930
1937
1936
1935
1934
1939
1938
1998
2002
2004
2003
2000
2001
2006
2007
2005
2008
2009
