0
0
9.54532221257842e-07
6.96960034569218e-07
0
3.62873757128973e-06
6.43818910099533e-06
1.46278963777176e-05
2.27269576489962e-05
7.74285802379731e-06
1.51513050993308e-07
7.77817995071719e-05
0
0
0.000323631876921706
0.000339995286428984
5.42355269710185e-05
0.000238202037767998
7.57565254966541e-08
1.84853603817568e-05
4.83503737977792e-06
5.9661205052552e-06
1.31995359141254e-05
8.99589007408772e-06
0
2.21969091946122e-05
1.85603487466803e-06
0
0
0
2.1967731136963e-05
1.58147158154658e-05
1.01189073341959e-05
3.35022827892813e-06
5.11122314888217e-06
3.00509903104049e-05
1.71583119069529e-05
5.37211545473108e-07
1.25694053150871e-05
1.06551348732307e-05
6.62413516017808e-06
6.62413516017808e-06
5.9661205052552e-06
0.000250889541689466
6.2373090791646e-06
6.70630542781231e-06
1.9684561258763e-05
1.01206716979176e-05
0.000281995004839866
0.000310734258354339
0
0
6.58559046164366e-05
4.43781207640969e-05
1.68634250550008e-06
2.54415917062412e-06
2.27269576489962e-05
6.96960034569218e-07
0
5.11122314888217e-06
5.29373137932998e-06
4.50562327130561e-05
3.69167376170234e-07
1.18469005301751e-05
1.72192110103129e-05
3.71356368920947e-05
9.01502653410184e-07
3.69167376170234e-07
1.85603487466803e-06
3.93933932582601e-07
5.11122314888217e-06
1.72192110103129e-05
1.49517455864528e-05
2.82123734265653e-05
1.49517455864528e-05
3.79986118408345e-05
2.38222281833999e-05
0.000137047434076442
3.57409103504311e-05
0
1.0267344651307e-05
1.30433765800011e-05
1.30433765800011e-05
1.68634250550008e-06
8.85704954568932e-06
1.72438804539587e-07
1.72438804539587e-07
3.29540885910445e-06
2.54415917062412e-06
1.94802494134253e-07
8.93463826138682e-05
1.13634788244981e-07
1.72438804539587e-07
2.11803516149121e-05
1.22242487407324e-05
4.14762756830638e-05
4.26814032215064e-06
2.74577319304654e-05
2.94151766142723e-05
2.50645875786073e-06
1.9684561258763e-05
6.43818910099533e-06
1.54008061789481e-05
6.70630542781231e-06
0
0
0.000100547315210966
1.15907484009881e-05
0.000159951131006249
8.19178363540596e-06
1.72438804539587e-07
1.12488378096545e-05
2.80028585317989e-06
7.74285802379731e-06
1.72438804539587e-07
3.29540885910445e-06
1.9739986072271e-05
0
4.71576563141287e-06
7.1258227478626e-06
2.82123734265653e-05
0.000132179455920649
1.46278963777176e-05
7.34351330189472e-06
2.82123734265653e-05
1.84853603817568e-05
6.43818910099533e-06
0.000295354544527328
6.62413516017808e-06
2.50433726971435e-05
1.97935110946403e-05
1.72438804539587e-07
2.84728754622637e-06
1.23249986007148e-05
0
2.36360359549561e-05
3.89711176033131e-06
1.11633762848948e-06
2.04817783324677e-05
6.32038504580569e-06
0
0
1.72192110103129e-05
1.72192110103129e-05
1.49517455864528e-05
7.19726992704612e-05
8.85704954568932e-06
1.28050194183572e-05
0
1.94802494134253e-07
1.0168315573627e-05
0
8.10455472738014e-05
1.15154541631946e-05
2.50433726971435e-05
1.72192110103129e-05
1.51802303181568e-05
3.04535745635312e-06
1.03297985560996e-05
1.22055832783544e-05
5.09968482333095e-05
1.1818017977478e-05
7.96300462433081e-07
8.03837307347335e-05
2.4370328179552e-05
7.91256772092007e-06
2.36501612050642e-05
2.99954539245449e-05
0
1.0710309786089e-06
0.000452246280477027
0.00118298358459592
4.00313028341223e-07
8.03837307347335e-05
6.54271849029469e-05
1.81923101394717e-05
1.11411322474841e-05
4.54539152979925e-07
3.28842184506274e-06
1.67407564599009e-05
2.27269576489962e-07
6.7776118087682e-05
4.74029457273672e-06
3.25048796226279e-05
7.2817209995288e-05
1.06612790624957e-05
3.86906837185353e-05
3.63211646503266e-05
3.74274447918697e-06
1.11242754434622e-05
1.23486334733303e-05
3.97532163776683e-05
0.000662689812065391
2.56347103816556e-05
2.56347103816556e-05
6.38017869886479e-07
3.4615195875715e-06
5.64908310728695e-05
5.64908310728695e-05
1.98173246318994e-05
2.56347103816556e-05
0.00187406492773623
0.0015776267761374
1.11411322474841e-05
4.56584034635469e-05
4.27644114922195e-05
5.64908310728695e-05
0.00131994309288064
0.00107587544784009
0
0
0.000452246280477027
0
0
0
0.00047095353077283
0.000692748527819275
1.81923101394717e-05
6.58712104431293e-06
4.95341908892915e-07
0
2.56347103816556e-05
3.46854970339168e-05
0.000455630612544122
8.67207434376647e-05
4.56584034635469e-05
0
2.56347103816556e-05
3.04535745635312e-06
2.49910572804514e-05
0
4.75255819144102e-06
0
1.80552114686425e-05
2.88071366080689e-05
6.38017869886479e-07
4.54539152979925e-07
1.61867513826199e-05
1.7737790845815e-05
1.98173246318994e-05
5.87843088992932e-06
1.62830525221772e-05
6.38017869886479e-07
6.38017869886479e-07
2.56347103816556e-05
6.38017869886479e-07
1.98173246318994e-05
2.56347103816556e-05
1.98173246318994e-05
9.39994061318673e-07
0
4.68234255005228e-05
2.56347103816556e-05
1.98173246318994e-05
8.03837307347335e-05
1.76144980576815e-05
0.000250020931870243
0.000240315066811747
3.13166496677765e-05
6.50465068569303e-07
7.8061002284693e-06
9.46531567379099e-06
4.53557427272204e-05
5.70411965679841e-06
0.00217769006417384
0
3.25048796226279e-05
6.7554294704543e-07
1.12394134953967e-05
1.43138000867431e-05
4.95341908892915e-07
6.83227741564702e-06
7.91256772092007e-06
1.08426429432213e-05
7.15930359278372e-06
2.63149920179541e-06
1.26891490239529e-05
6.63274604862648e-06
3.74274447918697e-06
1.0076738741107e-05
8.35342945171336e-06
9.42030199492648e-06
7.37935365734222e-06
1.60679904573445e-05
1.03297985560996e-05
0
5.87843088992932e-06
6.22273695963978e-07
1.08065502825902e-05
2.173244542827e-05
0.000261034662985576
2.56347103816556e-05
3.04535745635312e-06
1.45954721358906e-05
2.56347103816556e-05
7.71248413800321e-06
3.13033588994562e-05
5.47498592388102e-06
2.02761864409392e-05
8.11106766562458e-06
7.07342901144038e-06
2.73469236617481e-05
8.54025888205386e-05
1.39763896097726e-05
2.99358692827719e-05
7.3030229259898e-05
0.000217240196115382
0.000519868595220582
7.72598497948215e-06
0.000127126336740249
0.000613627856522898
0.000166568586880728
5.28908496822097e-06
4.40902978390527e-05
0.000687717738458626
0.000409862014904238
4.40902978390527e-05
2.33211147359373e-05
2.87263107676946e-05
8.18751676802902e-06
1.34116106031041e-05
4.60310422831398e-05
9.33787728157303e-05
0
0.000718896130622931
5.99198042142583e-05
0.000173633956438331
0.00106509887022021
1.23800476728739e-06
0
3.37174421692795e-05
3.37174421692795e-05
1.34116106031041e-05
1.34116106031041e-05
3.21873571244432e-05
3.20870502783539e-05
0.00184626526722693
0.000106911349470128
6.29328396432079e-05
6.29328396432079e-05
2.80471318259204e-05
9.22490702679178e-06
0.000411552662634423
0.0016786848802814
0.00198860879428717
1.30301223854245e-06
0
3.20695081744986e-05
0.000331369717305504
2.18382753306701e-06
0
5.59639784228488e-06
1.883156492837e-05
0.000354063943331696
0.00214769749783014
0.00047381167977091
3.52860473636591e-06
5.73920744168531e-06
1.09343959301536e-05
1.84979585042224e-05
2.27269576489962e-07
7.72598497948215e-06
5.49720428603926e-07
2.80471318259204e-05
7.54433657295687e-05
0.00173043055539457
9.22490702679178e-06
0.000217998570158232
4.70735143845358e-05
9.22490702679178e-06
9.22490702679178e-06
5.28908496822097e-06
3.44995217111763e-05
0
0
3.65837116282167e-05
1.23800476728739e-06
0.000224380744530819
7.13626470178483e-06
6.29328396432079e-05
0.000194919244450603
0
0.000194919244450603
0.000265618809184923
4.36357586860728e-05
0
0
2.22947569586628e-06
0
0.000175551971050902
0.000101028213706652
8.77260565251254e-05
4.36357586860728e-05
9.22490702679178e-06
0.000194919244450603
3.20695081744986e-05
2.24511261971879e-06
2.24511261971879e-06
0.001959822931997
0.000166568586880728
0
0
2.67784976971928e-05
2.18382753306701e-06
4.4871172794172e-07
2.02486862217262e-05
0.00106509887022021
1.40690902285708e-05
0.000102263733767933
4.94841624544145e-05
9.22490702679178e-06
6.65297250390049e-05
9.2302586938457e-05
4.31268302327363e-06
7.72598497948215e-06
0.000650900067067252
2.22947569586628e-06
4.3927129937983e-06
0.000413300966301491
4.4871172794172e-07
1.23800476728739e-06
0.000215906097665464
1.03523259793139e-05
0.00164902046141874
0
1.40690902285708e-05
0.000684541803207606
0.000438621076910263
1.16091290813073e-05
0.000353830435131368
1.84979585042224e-05
9.2302586938457e-05
1.49827890656285e-05
0.000640451505368553
1.75982031849687e-05
0
0.000328934381958792
3.46184222799798e-05
5.1736000451601e-06
1.71020356308697e-05
5.42606113869785e-05
6.8243086399209e-06
6.8243086399209e-06
0
3.03026101986616e-07
2.18178793430364e-05
1.89391313741635e-07
8.51227787513225e-07
1.37351068964944e-05
9.74930079593762e-06
1.31870611103469e-05
8.21804822083424e-06
4.43175674155426e-05
1.59772675381875e-05
1.25527000196544e-05
2.44141057831161e-07
2.9999584096675e-05
0
1.55467550317056e-06
0
5.16050522620929e-05
4.20514583357273e-06
8.03882511449466e-06
0
1.71020356308697e-05
6.8243086399209e-06
6.8243086399209e-06
5.1736000451601e-06
1.13493019723536e-05
0
5.29586866651019e-06
6.8243086399209e-06
0.000211587975712155
0.000133956587398768
0
0
1.51610412981407e-05
9.12107466746382e-06
6.53831243747737e-06
9.34275410094923e-06
9.56933652282986e-08
4.2209088250487e-06
7.07991773077616e-06
1.52270616248275e-05
5.1736000451601e-06
9.59601886314584e-06
1.26021929630078e-05
1.38918498426376e-05
1.38918498426376e-05
2.05178052323595e-06
5.1341692338099e-06
0
9.33288466081213e-07
1.10604527225115e-05
0
1.5840538570181e-05
7.19686992218214e-07
2.18178793430364e-05
4.57117792950153e-06
1.06059135695316e-06
7.19686992218214e-07
1.10604527225115e-05
2.11152482191535e-05
3.16148142778251e-06
0
9.56933652282986e-08
3.27862402227353e-06
5.42606113869785e-05
0
1.89391313741635e-07
9.33967685068422e-07
4.20514583357273e-06
6.06052203973233e-05
6.06052203973233e-05
3.95683755253545e-06
0
1.55467550317056e-06
5.21986158048897e-06
2.67868789220398e-06
0
1.54836411316308e-05
3.27309138015594e-06
1.55467550317056e-06
7.07991773077616e-06
3.73890240215818e-06
3.51403999562431e-07
0
2.9999584096675e-05
1.71964477839497e-05
2.03049878094315e-05
1.06059135695316e-06
3.03026101986616e-07
6.06052203973233e-05
5.55594390523689e-05
8.03882511449466e-06
9.12107466746382e-06
9.12107466746382e-06
1.51610412981407e-05
9.34275410094923e-06
5.39538468500866e-07
1.10604527225115e-05
1.90906444251568e-05
0
5.86658533446089e-05
0
1.52270616248275e-05
0.000162497747190323
8.03882511449466e-06
2.06608705899966e-08
2.64531986364934e-06
4.72720719099122e-05
0
1.29543658599279e-05
3.33310700144251e-05
1.18047715149874e-06
0
8.2444686442619e-07
8.99987522900251e-05
1.14833383622157e-06
1.14833383622157e-06
7.51504732926809e-06
1.29543658599279e-05
0
4.08589906553685e-06
2.06608705899966e-08
0
1.14833383622157e-06
1.14410365540975e-05
1.14833383622157e-06
2.64531986364934e-06
1.71967312877405e-06
0
1.28786093344312e-05
2.31663454968768e-05
0
0
1.45302602885644e-05
0
1.01848944853622e-05
0
0
1.37592077435878e-05
8.2444686442619e-07
1.13108240413551e-06
0.000220906028348243
4.42652785061241e-06
1.34708140124696e-05
3.62264690739635e-06
1.34708140124696e-05
1.54368207225014e-05
1.29543658599279e-05
1.18329431201722e-07
5.22720025926914e-06
0
0.000203633540535006
7.33809514959882e-05
2.65588869360499e-06
5.22720025926914e-06
1.29543658599279e-05
9.15320100074881e-07
0
8.03241183861204e-07
8.74113755730624e-09
1.18047715149874e-06
8.88065696057556e-07
1.71967312877405e-06
4.90286432344963e-06
0
0
0
1.28786093344312e-05
1.71967312877405e-06
2.06533657934873e-06
2.79404590326249e-05
2.06608705899966e-08
5.39201328623539e-07
1.29543658599279e-05
1.29543658599279e-05
0.000103407657302933
1.18047715149874e-06
8.2444686442619e-07
0
1.34708140124696e-05
1.29543658599279e-05
1.10504271592352e-05
3.62264690739635e-06
5.43714056643489e-06
2.82410967171929e-06
2.27269576489962e-07
1.34708140124696e-05
0.000112271170786041
1.63362283699687e-05
6.31809422642095e-06
3.14010798183631e-05
5.30295678476579e-06
1.28786093344312e-05
8.88065696057556e-07
1.18047715149874e-06
5.22720025926914e-06
1.29543658599279e-05
9.67046577692745e-06
3.33945868379541e-05
7.33809514959882e-05
1.45302602885644e-05
9.67046577692745e-06
4.3508297066403e-05
1.51513050993308e-07
1.45302602885644e-05
7.98990033688253e-05
2.79404590326249e-05
2.82410967171929e-06
1.30185601812152e-06
0.000112271170786041
1.37592077435878e-05
1.0523490226323e-05
1.34708140124696e-05
6.02432257072332e-05
1.10504271592352e-05
1.34708140124696e-05
3.10516074154186e-05
1.4981491753262e-05
0
0
6.49341647114178e-08
1.3122112452099e-07
1.06618061383032e-06
2.05672863473051e-05
4.34104839358711e-07
2.66908568061168e-06
2.40160067612527e-06
9.75974999962721e-06
8.44757452713233e-06
3.57358098692062e-06
6.9015447658177e-07
1.41882821728459e-05
1.34433479974931e-05
1.46025593258909e-06
1.81003924064424e-07
0.00010687202762928
1.4981491753262e-05
1.69087268537411e-05
2.45386978393e-05
1.46025593258909e-06
0
1.13634788244981e-07
1.13634788244981e-07
8.07027160059834e-06
1.73662204796664e-06
0
8.33578721531504e-05
9.00585979698706e-06
3.4048785802071e-06
3.8737208215087e-06
1.84567450670745e-06
3.8737208215087e-06
1.19793859239205e-05
5.20584602776932e-06
5.32627804849663e-06
8.9100745087209e-06
1.46025593258909e-06
1.46025593258909e-06
1.19793859239205e-05
2.40160067612527e-06
5.55367151876133e-05
7.96554856462854e-06
1.44059253855639e-05
3.03026101986616e-07
8.07027160059834e-06
1.3605294292597e-05
2.0005506757054e-05
9.43637705821644e-06
1.54543312013174e-05
0
2.70749722520808e-05
2.05888753483299e-05
7.30098684613727e-06
0
0
4.90204771127003e-06
4.43988482177424e-06
3.8737208215087e-06
3.5455846265262e-05
7.37606120907791e-06
1.46487729595714e-06
1.46025593258909e-06
4.43988482177424e-06
4.90204771127003e-06
1.46025593258909e-06
1.4589141804975e-05
2.45386978393e-05
1.68860820192371e-05
0
1.09546360609127e-05
4.19121937696765e-06
2.13546098812945e-06
0
1.68860820192371e-05
1.03969812571719e-05
3.8737208215087e-06
3.8737208215087e-06
8.17991829789379e-06
8.9100745087209e-06
0
1.46487729595714e-06
1.84567450670745e-06
2.62026280722245e-05
1.82671566008889e-05
4.43988482177424e-06
0
0
0
1.68860820192371e-05
1.3122112452099e-07
4.90204771127003e-06
4.90204771127003e-06
6.17872903885149e-06
3.30619842485701e-07
1.45658143372207e-06
2.94316527182223e-06
1.46025593258909e-06
2.79139327041941e-07
1.83360635977085e-05
2.83032849269947e-05
1.5873596920908e-05
8.64579649993009e-06
6.29563612631143e-06
2.13546098812945e-06
3.03026101986616e-07
3.03026101986616e-07
8.44757452713233e-06
9.75974999962721e-06
1.29306014970863e-05
2.40160067612527e-06
0
5.32627804849663e-06
0
0
5.07607467810171e-06
0.00011411963000816
1.59088703542974e-06
0
0
6.06196999660578e-06
0
0
3.81932652439792e-06
3.81932652439792e-06
6.12342776162418e-05
0
3.81932652439792e-06
3.81932652439792e-06
3.81932652439792e-06
3.81932652439792e-06
2.39609060602735e-06
7.5757335072919e-05
5.04538459807716e-05
1.19805982107119e-06
8.87653949249879e-06
7.10987651952189e-05
0.000158558407864497
0
1.03559170353926e-05
1.09836118221825e-05
1.09836118221825e-05
0.000184542896109849
0.00066430897208016
1.51513050993308e-07
1.0332065973577e-05
1.09836118221825e-05
0.000121197225480506
0.000622491370006007
3.93124278114553e-05
9.73808326239885e-05
6.4393046672156e-07
1.71073103474108e-05
0.000531810808986512
4.16469829413008e-05
3.81932652439792e-06
1.24482924775203e-05
0.000184542896109849
0.000184542896109849
3.9234787052471e-05
7.12448313276429e-05
3.12777615102903e-05
7.10987651952189e-05
7.5757335072919e-05
0
3.2538520399225e-06
3.81932652439792e-06
1.09836118221825e-05
0.000546128792305379
8.51914331593408e-05
0.000318177407085947
0.000226332839911199
0.000158558407864497
3.46813373723682e-05
7.58133208946481e-05
0.000149997920483375
5.8440748240276e-07
0.000144295917950879
7.4787517458343e-06
2.61360012963457e-05
7.70443864300972e-05
0
1.51513050993308e-07
1.24482924775203e-05
0.000318177407085947
0.000158558407864497
0
4.06720446998607e-07
3.32220525197349e-06
2.61360012963457e-05
1.03559170353926e-05
3.81932652439792e-06
7.12448313276429e-05
1.55226284665294e-06
1.51513050993308e-07
1.51513050993308e-07
3.74313643039901e-06
4.77266110628921e-06
6.4393046672156e-07
5.8440748240276e-07
6.4393046672156e-07
1.09836118221825e-05
5.8440748240276e-07
1.74486846727297e-05
1.24482924775203e-05
0
3.93124278114553e-05
6.4393046672156e-07
0
5.57568027655373e-05
7.12448313276429e-05
9.49646828443795e-05
0.00013850170586634
6.36354814171894e-07
0.000633627579254015
5.62147088752062e-05
8.33563978283274e-06
9.88581499810471e-06
4.81285851934783e-05
2.01293431862228e-05
2.01293431862228e-05
0
3.81932652439792e-06
4.16469829413008e-05
1.71073103474108e-05
7.2256267073034e-06
3.93124278114553e-05
3.81932652439792e-06
0.000196360914087327
0.000173406686861841
7.92088081761144e-06
0.000252921402425425
3.550784921889e-05
9.34491528843866e-06
2.37233034033333e-05
4.81285851934783e-05
5.04538459807716e-05
5.18174634397114e-05
3.550784921889e-05
9.88581499810471e-06
3.81932652439792e-06
8.51914331593408e-05
6.12342776162418e-05
4.06720446998607e-07
4.81285851934783e-05
2.01293431862228e-05
1.55226284665294e-06
3.81932652439792e-06
3.50801692267359e-05
1.54915151185853e-05
3.06921923511622e-06
3.94129376679244e-06
1.43432354940332e-06
2.69819491643916e-06
1.15310644992807e-06
3.550010020663e-07
1.48722428556633e-05
0
0
0
7.70300221153502e-06
8.80000266425766e-06
0
1.11482019845048e-05
6.94615243583129e-06
8.1179873893445e-06
6.16667396474823e-06
1.51366893617338e-05
1.99122366320411e-05
8.9469129547598e-06
2.60724040509425e-06
6.94615243583129e-06
1.83781120794856e-06
0
0
6.4049055247086e-06
0
1.46067779728471e-05
4.74389598401292e-06
1.46251392259727e-05
6.94615243583129e-06
3.36358973205144e-05
0
4.57555308851313e-06
7.84296504696682e-06
1.61277365457736e-05
3.02326549827175e-06
0
5.38231765738423e-07
6.00270709899149e-06
2.15418267866339e-06
3.06921923511622e-06
1.7858587006242e-06
0
4.86769826575059e-06
1.79898111608587e-05
2.86216190669744e-06
1.14829625635326e-05
2.34447662953756e-06
8.69495986210237e-06
1.13839195372605e-05
8.1179873893445e-06
6.4049055247086e-06
2.60724040509425e-06
0
0
0
1.89478769338043e-07
1.15406271375024e-05
9.09602551466682e-06
8.1179873893445e-06
8.9469129547598e-06
1.12356075866027e-05
1.12356075866027e-05
7.77736059658961e-06
4.66520554013006e-06
6.63088677054239e-06
0
4.48983674443503e-06
1.12356075866027e-05
9.21906736180853e-06
6.94615243583129e-06
3.06921923511622e-06
5.03988721615759e-06
1.56095985188849e-05
0
6.94615243583129e-06
7.73151510469124e-06
2.27269576489962e-06
3.49742626042886e-07
4.54539152979925e-07
4.74565936885519e-06
2.14629160390213e-06
1.27889148357522e-05
9.1932437116146e-06
2.15418267866339e-06
1.55531500117405e-06
3.06921923511622e-06
2.60724040509425e-06
1.11482019845048e-05
6.94615243583129e-06
9.21906736180853e-06
6.84318871408688e-06
9.09602551466682e-06
1.03331526103926e-05
1.70452182367472e-05
1.466973587982e-06
0
1.70452182367472e-05
5.40212337958412e-06
4.57555308851313e-06
3.06921923511622e-06
3.06921923511622e-06
1.24887368662413e-06
6.55057494500652e-06
7.00211130690878e-06
1.46251392259727e-05
1.73821839928883e-05
1.92850284973541e-05
6.16667396474823e-06
0
2.43407617379433e-06
2.05148907083333e-05
4.74389598401292e-06
0
0
2.27269576489962e-06
3.550010020663e-07
0
3.49742626042886e-07
4.22525324321699e-07
3.66691579847873e-06
0
0
2.82824361854175e-06
3.49742626042886e-07
1.22561515923229e-05
1.38893782765668e-05
3.02326549827175e-06
1.46704478846395e-05
0
1.70172566475996e-06
1.94373120082779e-05
9.29614751314709e-06
9.90253570735197e-07
1.36361745893977e-06
2.84789598771556e-05
1.94204848322636e-05
2.17728741619079e-05
5.53654394182895e-06
9.29614751314709e-06
8.18170475363864e-06
0.000124998267069479
0
2.80781830661517e-05
2.41290787448544e-05
2.17728741619079e-05
3.25128188428831e-05
3.25128188428831e-05
9.69821401628776e-06
1.06559414637275e-06
8.06806996539366e-05
5.37277846725119e-06
1.94204848322636e-05
1.94204848322636e-05
2.84789598771556e-05
3.36358973205144e-05
0
1.07892174220176e-05
2.97523422426295e-06
2.97523422426295e-06
2.72723491787955e-06
2.27269576489962e-06
9.90253570735197e-07
5.37277846725119e-06
2.45451142609159e-05
0
0
0
1.94373120082779e-05
8.79471636057409e-06
1.48024320610324e-05
2.28784706999895e-06
1.03683627502956e-05
0
2.28784706999895e-06
4.43501049909432e-06
8.47038726756429e-05
8.79471636057409e-06
9.93858510833844e-07
9.90253570735197e-07
1.3243558882734e-05
2.62334025434128e-06
1.06059135695316e-06
0
9.90253570735197e-07
2.28784706999895e-06
0
8.86435134329837e-06
0
4.40506066432328e-06
3.96389756764799e-05
1.71980774916801e-05
6.41854012221529e-06
0
9.09078305959849e-07
0
2.19496323696228e-06
9.14577582314176e-06
3.13307344732591e-06
1.46361607259536e-05
6.92306419431566e-06
0
8.62812713602964e-06
8.36622600502692e-06
0
9.14577582314176e-06
1.71980774916801e-05
2.59783024492557e-06
1.3243558882734e-05
1.13634788244981e-07
9.90253570735197e-07
4.75502353730273e-07
2.17728741619079e-05
4.40506066432328e-06
9.54532221257842e-05
2.45451142609159e-05
1.70452182367472e-05
0
0
9.09078305959849e-07
0
4.40506066432328e-06
6.41854012221529e-06
6.41854012221529e-06
0.000269996256870075
3.10295627655817e-05
0
0
2.84789598771556e-05
2.84789598771556e-05
2.61659764669933e-05
1.13634788244981e-07
0
0
1.06059135695316e-06
2.17728741619079e-05
0
2.28784706999895e-06
8.36622600502692e-06
0.000124998267069479
2.32856777913767e-06
1.9215762076962e-05
1.07892174220176e-05
9.29614751314709e-06
3.96389756764799e-05
0
0
8.75846531736302e-07
3.86482737181967e-05
0.000100255103606193
6.37437050250419e-05
0
2.27269576489962e-07
4.24236542781263e-07
7.04142863019611e-06
7.04142863019611e-06
8.71200043211522e-07
1.50868625809672e-05
1.38619507948226e-05
8.7271173661275e-06
0.000458175466203764
0.000129462490893389
0.000119657432021965
0.000118718051105806
0.000218178793430364
1.49284412076166e-05
1.50868625809672e-05
0.000464993553498463
1.16582829639898e-05
9.30560692118545e-06
0
6.83244496000727e-05
0.000103748561667668
5.11277387643369e-05
0.000434993969401788
2.80313835966662e-05
0.000103748561667668
3.4971737386772e-05
8.81048391526087e-05
4.14722254310644e-06
0
1.13634788244981e-07
2.86439318288792e-05
6.03946602680753e-06
8.71200043211522e-07
0
3.03026101986616e-07
0
4.24236542781263e-07
1.15049543954283e-05
9.84459202145137e-06
6.70980957504258e-05
5.92416029383834e-05
1.1818017977478e-06
0.000146088342649708
9.30560692118545e-06
0
2.71813268929868e-05
3.27100197701906e-05
3.54873227760537e-05
0
9.12582445312442e-08
2.13633401900565e-05
0
0
4.54539152979925e-08
1.13634788244981e-07
5.57512583078281e-06
5.57512583078281e-06
9.12582445312442e-08
5.45794469399307e-06
4.2272141227133e-05
0
0.000176652132488654
3.45152141343149e-05
4.2272141227133e-05
0.000119657432021965
2.53490032037399e-06
0.000102534077693919
8.82066694252438e-06
1.89291142188938e-06
9.43168742433344e-07
2.80569703357252e-05
8.99242583732868e-05
1.02812427459745e-07
8.10474068297952e-06
8.82066694252438e-06
4.54539152979925e-08
0
7.14278556716258e-06
1.36361745893977e-06
0
4.2272141227133e-05
0
0
0
1.77643083220511e-05
1.38619507948226e-05
1.54925265635228e-05
9.08197857407281e-06
9.92932332996887e-06
0.000218178793430364
1.07102362652139e-05
2.13633401900565e-05
3.7510513971558e-05
0
0
2.95445643427323e-05
1.05165003242738e-06
4.98381736106211e-06
7.51729792949759e-06
4.24236542781263e-07
0
9.09078305959849e-07
6.00598078540769e-06
0.000102465029678539
2.09277546252654e-05
9.84459202145137e-06
1.93424867168047e-05
8.82066694252438e-06
7.42884979745506e-06
6.31619793941856e-06
6.95354083936877e-07
2.5718894269604e-05
7.33480863162838e-06
4.88303500079555e-05
0
0
5.8400578979351e-05
3.32625258734237e-06
0.000114105243418003
8.05645396093148e-05
2.47155664432834e-05
3.54685454842005e-05
3.39474901249408e-06
3.47795772610113e-06
0
2.04542618840966e-05
1.22972603452938e-06
3.07979514182426e-06
3.22519398243113e-07
4.34460477328263e-05
4.52093493964455e-05
7.45444210887076e-05
1.40789210560077e-06
4.04069334809694e-06
6.06052203973233e-08
6.67286273081487e-06
2.84144197101698e-06
6.67286273081487e-06
3.07979514182426e-06
0
5.67455485966902e-06
4.52093493964455e-05
0
5.07085571380364e-05
0
0
3.88175317809787e-06
5.67455485966902e-06
0.000104172643124353
1.9078792557438e-06
5.18174634397115e-05
9.09078305959849e-07
2.13545049850595e-06
3.0486561613867e-05
0.000104172643124353
1.22450521224299e-06
0.000114600683945063
2.04542618840966e-05
4.04092391203297e-06
0.000127951353157307
0
4.04539846152133e-05
5.34090792807304e-06
8.52795921723588e-06
2.87523383011808e-06
6.06052203973233e-08
1.21900558630318e-06
3.39039847145114e-07
0
3.07979514182426e-06
6.73286120351513e-05
1.33331484874111e-05
6.44688031976526e-05
9.15651205958479e-06
4.04092391203297e-06
2.55562753594304e-06
3.22519398243113e-07
3.07979514182426e-06
4.52093493964455e-05
3.16136070126909e-05
1.60681990018992e-05
3.54685454842005e-05
3.70753890660817e-05
0.000310904780638268
3.17899372304924e-05
1.36361745893977e-06
5.52919437656749e-06
2.13545049850595e-06
0
1.36361745893977e-06
1.73838948153659e-06
1.99054468371467e-06
2.2504342187163e-06
2.84144197101698e-06
2.84144197101698e-06
5.32971970064765e-06
2.84144197101698e-06
0.000133634510976098
5.18174634397115e-05
2.67420535003189e-05
3.2196523336078e-05
6.93303760477594e-05
5.02455155356558e-06
0.000310593315055415
1.22450521224299e-06
1.73157772563781e-07
3.77256530414879e-05
2.19639951001822e-06
4.04092391203297e-06
0.00029863222350781
4.96961497100646e-06
0.000460902701121644
5.18174634397115e-05
2.13545049850595e-06
0
3.07979514182426e-06
2.84144197101698e-06
4.2663952629181e-06
4.2663952629181e-06
2.13545049850595e-06
2.87523383011808e-06
1.02874284325328e-06
2.13545049850595e-06
1.64738577193552e-06
0.000215794143729538
3.70753890660817e-05
3.07979514182426e-06
2.47155664432834e-05
1.99054468371467e-06
2.19639951001822e-06
9.0090479910923e-05
0
1.01397195664752e-05
0.000285905127224373
7.45444210887076e-05
7.57565254966541e-08
5.32971970064765e-06
0
7.59212135955599e-07
0
1.43626013261093e-06
1.77241200789056e-05
2.39420558854072e-06
1.43626013261093e-06
3.20678109295261e-06
9.33102502289304e-05
2.9200533125365e-06
1.22507991079828e-06
1.25707270449127e-06
2.38254272686977e-05
1.77241200789056e-05
1.3325619888604e-07
3.96904174145763e-06
7.65747127822864e-07
5.48766926384125e-05
1.22507991079828e-06
5.31810808986512e-05
0
1.43626013261093e-06
3.20678109295261e-06
4.77266110628921e-06
0
1.66179469799105e-05
6.78787453275846e-05
0
0.000123369501771301
1.13634788244981e-07
1.13634788244981e-07
0.00012848360524686
0.000229558452931816
2.28974098313637e-05
5.79293190544021e-05
4.90523502590835e-05
0
0.000154713764195542
0.000352267843559442
0
5.79293190544021e-05
6.49990988761291e-05
1.24691216977293e-05
3.77578111959825e-06
8.85649432018358e-06
1.37769005681171e-05
0
5.42269523313195e-06
4.08238867858739e-06
2.85828420522311e-06
0.000131362239617503
0.000174543034744291
5.08596088293733e-06
4.96598782395275e-07
1.06551061185554e-06
2.8286321135443e-06
3.96904174145763e-06
7.68191836149469e-07
4.95799109784624e-06
8.00967744901943e-06
3.5908593085414e-05
8.85649432018358e-06
4.71012956600698e-06
3.77578111959825e-06
7.78973707694136e-07
0
3.77578111959825e-06
1.76888081396678e-06
1.8181566119197e-05
0.00036317678323096
0.000354313269747851
0.000121356091325465
1.43626013261093e-06
8.63624390661857e-05
0
1.68626381990242e-06
4.1511510897958e-06
0
3.88960942342134e-05
3.11094587187346e-05
4.71012956600698e-06
0
0
0
6.49990988761291e-05
9.28017437334012e-07
6.99990295589084e-05
4.37813686311832e-08
2.8286321135443e-06
0.000174543034744291
6.50549423222585e-06
2.71199881313575e-05
0
2.02950293869488e-06
2.63257195686794e-06
1.24691216977293e-05
1.66179469799105e-05
0
9.28017437334012e-07
3.11094587187346e-05
2.49390420212431e-06
8.85649432018358e-06
1.77241200789056e-05
1.8181566119197e-05
4.08238867858739e-06
2.25389764287865e-06
5.0236808183442e-06
3.3326652896058e-06
7.78973707694136e-07
6.68405651882017e-07
1.48667451234393e-06
2.49390420212431e-06
2.49390420212431e-06
1.99854660734132e-06
0
4.96598782395275e-07
2.02950293869488e-06
3.56519536550584e-06
3.56519536550584e-06
8.85649432018358e-06
6.50549423222585e-06
1.50476454915924e-05
4.50931699384846e-08
0.000193905617509571
5.79293190544021e-05
2.015123578211e-05
1.17422614519814e-05
6.49990988761291e-05
1.8295200907442e-05
6.36815889722061e-06
8.75451934390262e-05
1.87794459142378e-06
0.000100217912499359
4.16038278298631e-06
1.84164947528681e-05
2.11589172475188e-06
4.77083781535576e-06
4.77083781535576e-06
6.36815889722061e-06
5.6666081037884e-06
2.11254161907538e-05
1.00448344685248e-05
1.23624659739045e-07
7.99988909244667e-05
1.14037039296998e-05
5.30295678476579e-07
4.77083781535576e-06
0
2.09272723325726e-05
6.36815889722061e-06
4.25687633969865e-06
4.77083781535576e-06
4.77083781535576e-06
6.74233076920223e-06
0.000198533775878963
1.79566110139001e-06
1.23624659739045e-07
4.25687633969865e-06
3.11808131613022e-05
4.16038278298631e-06
1.92711366944846e-05
1.26495058567972e-05
4.25011837853813e-05
3.65793729560738e-06
0
1.46442346011254e-05
1.47408750501987e-05
2.11254161907538e-05
6.35355827022488e-07
7.88491641566567e-06
4.77083781535576e-06
6.09830276638184e-05
1.94869546593137e-05
1.87794459142378e-06
2.11254161907538e-05
4.16038278298631e-06
6.74233076920223e-06
3.65793729560738e-06
0
1.14808312103725e-05
9.72152915103146e-06
3.80738977317525e-07
3.80738977317525e-07
4.36968978949925e-07
1.93266551392041e-06
6.09212227886798e-05
3.64909147819987e-06
5.32088051599072e-05
1.14808312103725e-05
5.30308933538323e-05
9.85916705809598e-06
4.77083781535576e-06
2.78570752309745e-06
4.77083781535576e-06
4.77083781535576e-06
0
7.57565254966541e-08
4.16038278298631e-06
4.77083781535576e-06
3.80738977317525e-07
8.78962973867202e-05
3.73371447090652e-07
1.23624659739045e-07
4.16038278298631e-06
4.16038278298631e-06
0.000157963417714626
3.11808131613022e-05
0
2.671468004051e-05
1.0177181584578e-06
0
1.47408750501987e-05
9.28484419641747e-05
4.77083781535576e-06
2.23694577376599e-05
1.14808312103725e-05
1.99123690790591e-05
2.11254161907538e-05
1.05468068298584e-06
4.36968978949925e-07
1.05468068298584e-06
1.57322213148536e-05
4.25011837853813e-05
0
0
1.05468068298584e-06
7.57565254966541e-08
0
0
0
6.74233076920223e-06
0.000132772313096997
1.87794459142378e-06
7.57565254966541e-08
0
2.27269576489962e-07
0
6.36815889722061e-06
1.47408750501987e-05
6.09212227886798e-05
3.64909147819987e-06
7.40358312652323e-05
2.34655140632371e-05
0
3.11808131613022e-05
6.36815889722061e-06
1.87794459142378e-06
1.94869546593137e-05
3.511001060642e-05
0.000123950808645444
2.7606828496619e-05
1.46429856169693e-05
0.000717944592131791
0.000372607268110007
1.0088946494838e-05
1.26067441914298e-05
7.15008526219827e-05
0
0
0.00012715654626186
6.07987493246503e-06
3.23223360810244e-07
0.000489993206912359
0
1.14133423617613e-05
4.61160583784533e-05
4.4776694764392e-05
2.70450796023055e-05
1.67122860396756e-06
0
3.14742903606264e-05
1.10413742540078e-06
2.33330098529695e-05
2.81327683792299e-06
4.80100013478569e-07
1.55365012529086e-05
5.71057784154283e-05
8.03106212904031e-05
1.54171778168615e-05
1.14133423617613e-05
1.44987160753174e-05
1.47691408859527e-05
6.81866159520269e-05
6.14325265699661e-06
9.66080896818513e-06
0.000200252527836981
6.08525712426151e-05
3.01465375624108e-05
8.69045694014909e-06
7.58273544626473e-05
1.44987160753174e-05
9.24631612926494e-06
3.31070164854164e-05
7.58273544626473e-05
2.56037015097357e-05
6.25277151680903e-05
0.000621150037302939
0.000200252527836981
0.000311646594162822
8.5065780625087e-06
9.24631612926494e-06
1.02615790108137e-05
1.02615790108137e-05
0
1.80982339411506e-05
0.000112498440362531
1.67122860396756e-06
0
8.03106212904031e-05
1.40998398379289e-05
1.59822261043416e-05
5.71057784154283e-05
1.66674921958466e-05
4.23041724055909e-05
1.67122860396756e-06
0
3.49538072670324e-06
2.18058446755041e-05
0.000709103727740799
1.54171778168615e-05
1.0088946494838e-05
7.15008526219827e-05
1.54171778168615e-05
4.09956437725144e-05
0.000112498440362531
6.07987493246503e-06
0
0.000594405382529619
8.01061266100548e-06
3.64606246918792e-05
0
0
4.80100013478569e-07
1.6122977527973e-05
0
4.4776694764392e-05
4.04941053424418e-05
8.69045694014909e-06
8.69045694014909e-06
8.69045694014909e-06
4.56961556804975e-06
3.09953444315544e-06
1.26067441914298e-05
1.44987160753174e-05
1.66674921958466e-05
2.42526392538169e-05
4.56961556804975e-06
0
1.2133438777924e-05
1.67122860396756e-06
7.15008526219827e-05
1.31360995705243e-05
1.59822261043416e-05
0.00012715654626186
0.000155240272047744
1.43585879308163e-06
2.2302721106215e-05
1.54171778168615e-05
7.15008526219827e-05
3.5412387843411e-05
6.51021715418375e-05
6.74310677603519e-06
2.08330445115799e-07
4.89134146542639e-05
6.15528275599144e-06
4.09956437725144e-05
1.40998398379289e-05
3.55976746187791e-05
3.55976746187791e-05
1.46429856169693e-05
1.59822261043416e-05
6.14325265699661e-06
8.69045694014909e-06
1.0088946494838e-05
1.44987160753174e-05
9.24631612926494e-06
6.74310677603519e-06
0.000276162587813135
1.34089050129078e-05
0
5.26195589253452e-05
1.34566495050967e-05
9.90631557518317e-06
1.0023715423683e-05
9.56140067886958e-06
1.8780096101707e-05
2.39134853566943e-05
9.90631557518317e-06
0.000184770165686339
3.38610107770133e-05
1.46050208324647e-05
4.84174131200923e-05
2.92621932692865e-05
4.86356893688519e-05
0
1.74336860037895e-05
1.70307154584566e-05
0.00052370486075837
0.000595523912773804
0.000472493449522632
1.51698262931733e-05
9.84433453548002e-06
2.91115967327363e-05
1.34566495050967e-05
6.20686907148859e-05
0.000183868759017305
4.10498841313499e-06
2.12849608192631e-05
1.34089050129078e-05
0
7.53888902157118e-05
8.71200043211522e-07
4.38251499998144e-05
0
9.94872571084812e-05
1.43514374204574e-05
0
2.95125778613394e-05
1.24483019797045e-05
4.29020711199408e-05
2.95398382319781e-05
4.29020711199408e-05
4.259078970881e-05
2.95398382319781e-05
1.49858845477851e-05
9.90631557518317e-06
3.0226853673165e-05
0.000174240008642304
9.90631557518317e-06
3.55108713265566e-05
7.53888902157118e-05
2.39134853566943e-05
9.90631557518317e-06
4.29020711199408e-05
2.91115967327363e-05
6.20686907148859e-05
1.70307154584566e-05
9.90631557518317e-06
9.90631557518317e-06
6.70359566255706e-05
3.97106842194247e-05
4.10498841313499e-06
1.46050208324647e-05
3.46216139306182e-05
9.90631557518317e-06
5.03298484698841e-06
1.43514374204574e-05
2.95125778613394e-05
0.000126165421966994
4.68418830686989e-05
6.20686907148859e-05
9.90631557518317e-06
0
3.46216139306182e-05
2.91115967327363e-05
2.50871888393931e-06
9.90631557518317e-06
9.90631557518317e-06
1.37945753383342e-05
0
6.68389914390622e-06
2.95398382319781e-05
4.68418830686989e-05
8.62488042779407e-05
2.95125778613394e-05
4.68418830686989e-05
3.38610107770133e-05
1.32573919619145e-07
3.38610107770133e-05
0.000203633540535006
7.07051886001451e-05
3.67793008345013e-06
2.71635487675642e-06
9.90631557518317e-06
3.53016985084695e-05
0
1.34566495050967e-05
3.46216139306182e-05
1.51698262931733e-05
3.38610107770133e-05
4.19205095663657e-05
0.000599764412357011
0.000507038425149106
1.2728400364838e-05
7.97716213479768e-05
4.67344336129504e-05
3.67793008345013e-06
9.90631557518317e-06
0
9.31805263608845e-06
2.70450796023055e-05
6.15418183322982e-06
1.32573919619145e-07
0.00017977023500356
8.92033087723102e-05
0.000489993206912359
0.000184770165686339
0.000622590204739615
2.91115967327363e-05
4.75847667659262e-06
9.69812469919261e-05
0
0
9.69812469919261e-05
0
3.93963478002318e-06
0.00010145245111959
1.42359310175639e-05
3.82123342922773e-06
4.60683250262977e-05
7.26728646702818e-06
0
0
2.59168484904446e-05
2.91276294708055e-05
4.69593959606329e-06
6.79708055002628e-06
0.000334119408363947
5.52617745794254e-06
5.61674379367665e-05
3.72550069809776e-06
1.80568332772273e-05
5.32349908008957e-06
9.19470521860367e-06
1.34988588926256e-06
1.21850767756502e-05
4.68874392147314e-06
1.04746985954432e-05
1.04746985954432e-05
1.04746985954432e-05
2.32298519335091e-06
8.8804987217388e-06
9.46455188180718e-06
9.72343018786306e-06
9.72343018786306e-06
1.86929226662994e-05
1.09619387661872e-06
0
4.04122859466575e-06
4.04122859466575e-06
2.15917207383333e-06
2.15917207383333e-06
1.09619387661872e-06
1.09619387661872e-06
9.20631278329738e-05
2.15917207383333e-06
2.15917207383333e-06
1.09619387661872e-06
8.85194894523588e-05
4.72568589657788e-05
4.04122859466575e-06
3.98879754279482e-05
0
4.04122859466575e-06
4.69593959606329e-06
1.50544740903185e-06
9.19301180085627e-06
2.27269576489962e-07
2.81043181641605e-05
0
2.27269576489962e-07
2.56805829124619e-06
5.6540074817481e-07
2.59168484904446e-05
1.86929226662994e-05
1.24414018155918e-05
2.3863305531446e-05
1.54226935973999e-05
1.37850442536172e-05
2.07402007528912e-05
1.09849652876733e-05
9.72343018786306e-06
0.000292723214519071
1.00687573208835e-05
9.52085099169049e-06
0
0
2.81043181641605e-05
4.72720719099122e-05
0
2.07402007528912e-05
7.85569896967774e-06
8.24131134930978e-06
4.99704899848502e-06
6.79708055002628e-06
1.71588530249922e-05
6.49341647114178e-08
3.86671694929343e-06
4.04122859466575e-06
4.20935848322299e-07
0
1.09742367090374e-05
9.19470521860367e-06
6.73506983956411e-06
1.19948787155802e-05
9.72343018786306e-06
1.04746985954432e-05
1.04746985954432e-05
0
1.54226935973999e-05
3.86671694929343e-06
1.95834204745134e-06
1.8556989991804e-05
3.82123342922773e-06
7.45559143163769e-06
4.11952854729889e-05
3.45449756264743e-05
5.60946340643195e-05
8.7169196870176e-07
1.82878555553698e-05
7.09566649365263e-06
8.19008550167458e-06
6.13609190767475e-06
3.3772913804414e-07
0
5.52617745794254e-06
9.50111363805439e-06
5.32349908008957e-06
2.15917207383333e-06
3.47438444164115e-06
3.47438444164115e-06
1.50568539606876e-06
4.58096270763744e-06
1.7994240629751e-05
1.29248924745604e-05
3.3772913804414e-07
1.54226935973999e-05
6.44876153292948e-06
1.80568332772273e-05
0
8.31163319976877e-06
4.68874392147314e-06
2.81043181641605e-05
2.81043181641605e-05
0
2.27269576489962e-07
0
6.50446326515607e-05
0
2.27269576489962e-07
1.66311258971872e-06
0
9.35989899882301e-06
0
1.03204805265869e-06
5.82540825431193e-06
9.80987901482761e-06
7.24886486694412e-06
2.3863305531446e-05
0
9.72343018786306e-06
0.000274768917976364
1.04746985954432e-05
9.72343018786306e-06
3.6363132238394e-06
6.78822004322629e-06
1.79159829212326e-05
1.19349634149379e-05
2.34813912823096e-05
9.37375462568554e-06
1.76479613311228e-05
1.51846006021151e-06
4.55570365521247e-07
4.55570365521247e-07
3.34904136398678e-05
0
4.80018503462047e-06
9.65263649106829e-06
1.71938354679977e-06
1.67183035349148e-05
1.54845797583304e-06
3.292934513159e-05
3.45860207128302e-05
1.05418748658423e-05
8.67090492025479e-06
0
5.68173941224906e-08
1.05418748658423e-05
1.54845797583304e-06
0.000117561556346483
8.67090492025479e-06
1.51846006021151e-06
0
2.47084616227615e-06
0
1.29038741491814e-06
0
2.36101009986474e-05
1.56002195655049e-06
9.53232561443491e-06
3.62314819219308e-05
5.86647898820731e-06
8.67090492025479e-06
5.86647898820731e-06
5.86647898820731e-06
2.27269576489962e-07
5.49054437170988e-07
1.10219924951301e-05
0
5.29652584032634e-06
1.86512565772762e-05
4.5572953391586e-06
3.83011218997357e-05
5.41770004511543e-05
4.90731751048369e-05
6.00926996265607e-05
4.80018503462047e-06
3.89744709209896e-05
2.0413068241637e-05
0
0
0
3.83011218997357e-05
2.80303735642196e-05
2.52193801328688e-05
9.37375462568554e-06
1.80526283164912e-05
5.86647898820731e-06
5.86647898820731e-06
7.95443517714868e-06
1.35085747579585e-05
0
1.88633748486669e-05
2.16684273056307e-05
2.33972284126732e-05
8.67090492025479e-06
8.67090492025479e-06
0
3.68932328986788e-06
0
0.000174736984567576
8.67090492025479e-06
4.00842677053307e-05
1.04802013262899e-06
6.10704780266013e-06
5.86647898820731e-06
5.86647898820731e-06
5.92406191529654e-07
5.92406191529654e-07
1.76479613311228e-05
1.22297358742061e-05
0
1.51846006021151e-06
3.97721758857434e-06
1.70452182367472e-06
1.73714484734428e-05
1.04544005185383e-05
1.84088356956869e-05
8.67090492025479e-06
1.05418748658423e-05
1.05418748658423e-05
1.05418748658423e-05
1.54845797583304e-06
1.29038741491814e-06
2.72450860771491e-06
1.11362519923355e-06
2.92968969379042e-05
2.9988871589707e-06
4.90731751048369e-05
5.68173941224906e-08
4.6902454802357e-06
1.10219924951301e-05
0.000235224011667111
1.40348276026617e-05
2.05862700327904e-05
1.84088356956869e-05
4.6902454802357e-06
1.10779324749313e-05
1.10779324749313e-05
3.54225308864269e-05
4.80018503462047e-06
0.000247277716612801
5.05451736596232e-06
0
3.2202454716273e-05
2.92968969379042e-05
1.04802013262899e-06
1.40348276026617e-05
4.33615922128468e-07
2.80303735642196e-05
5.68173941224906e-08
5.68173941224906e-08
0
8.84770597338758e-06
0
0
2.47171170043048e-06
1.51846006021151e-06
3.64470672205987e-06
5.86647898820731e-06
1.29750498008845e-05
9.13653400108955e-06
8.71845754249702e-06
1.06868543038711e-05
2.04560581294388e-05
2.60366584292794e-05
2.54976626726608e-05
5.08107116786911e-06
1.15258142362767e-06
2.05760134429305e-06
3.11683990614805e-07
4.26410399547359e-06
9.94612758939438e-06
3.11683990614805e-07
8.90896739840652e-05
2.07570980057114e-05
0
3.01119104048829e-05
3.01119104048829e-05
1.19556297574487e-05
1.19556297574487e-05
8.90896739840652e-05
8.22742200249722e-06
5.291980502167e-06
1.07382121008546e-05
1.33198386375148e-06
3.05308437479416e-05
0.000412948820482262
0.000470902562487202
1.53734037415921e-05
1.81800180485579e-05
3.47302438715216e-05
4.78631552972163e-06
0
0
2.95450449436951e-06
6.01236405280798e-05
3.89864552460553e-07
9.2935197675717e-06
1.41072698848426e-06
2.61089453943826e-06
0
1.89039587016115e-06
7.49989602416877e-06
3.01119104048829e-05
1.19556297574487e-05
8.4938062553326e-05
0.000105370157075373
3.0385684420165e-05
7.0556970488678e-05
2.63335899268118e-05
1.24213565421699e-06
9.75264463886303e-07
4.43318923672968e-05
0.000437493934743177
4.73355931884927e-06
2.2543131034785e-05
5.291980502167e-06
2.60149986755523e-05
8.13549249402217e-06
3.97356517759207e-06
2.27444313164051e-05
1.07382121008546e-05
1.65911620079521e-05
1.1831096402883e-05
2.27444313164051e-05
2.8117233409729e-05
6.74170634487277e-06
4.75282229290106e-05
0
3.11683990614805e-07
7.49989602416877e-06
7.49989602416877e-06
0
0
4.54539152979925e-05
2.79596183271033e-05
0
6.06052203973233e-07
2.8117233409729e-05
8.13549249402217e-06
3.74796808251283e-06
7.48012965108116e-06
5.08107116786911e-06
1.41621182392593e-05
1.41621182392593e-05
5.73942851685397e-06
4.43318923672968e-05
2.7491638755927e-06
3.0385684420165e-05
9.94612758939438e-06
2.42482149980096e-05
2.27444313164051e-05
2.22771871000103e-05
1.52699567643533e-05
1.19556297574487e-05
3.01119104048829e-05
1.54836217619519e-05
2.07410390490065e-05
1.18067076636492e-05
2.80837790888376e-06
6.06052203973233e-07
2.05760134429305e-06
2.79826264680936e-05
8.22742200249722e-06
0.000460220892392174
2.23155414903443e-05
0.000103087709134907
6.74990642175188e-05
0
0
0.000244397003957281
0
1.36088106719203e-05
2.60149986755523e-05
0.00011625875611087
2.23155414903443e-05
5.68173941224906e-08
1.89039587016115e-06
0
3.31518316959358e-05
1.51174291098732e-05
4.17861852530817e-05
7.16886570552365e-06
1.47409869342674e-05
1.38180392138458e-05
6.28104425319164e-06
3.68025047653169e-06
1.14521551111287e-05
2.52831435731443e-06
1.76761639636288e-05
0
7.5949266094225e-07
3.68025047653169e-06
3.68025047653169e-06
0
2.27269576489962e-07
3.58871959442918e-07
1.08767433976319e-06
2.59139435289925e-06
0
0
1.09382901738204e-05
6.00266870353812e-06
3.58871959442918e-07
4.88323425532069e-06
2.10497509819272e-05
7.07016826405763e-06
4.47433305681617e-07
4.47433305681617e-07
2.41156642591492e-05
3.9306855513273e-05
4.47433305681617e-07
4.47433305681617e-07
1.12244913882421e-07
5.41118039261815e-09
0
4.47433305681617e-07
0
1.14040340362772e-05
0
2.59139435289925e-06
2.78125620171731e-06
2.59139435289925e-06
4.47433305681617e-07
0
0
0
0
4.47433305681617e-07
4.47433305681617e-07
1.66218891822923e-05
4.47433305681617e-07
4.81053936903753e-06
2.52572256005845e-05
6.80081218103164e-05
6.98062639561145e-05
1.75318627621635e-06
1.08497502616131e-06
3.33429011051811e-07
6.36354814171894e-07
0
1.82651281522794e-05
1.82651281522794e-05
0.000165030020461704
4.88568822186978e-07
1.14595367238669e-05
1.75318627621635e-06
4.81053936903753e-06
5.03477868450764e-05
7.40216595688004e-07
3.33429011051811e-07
1.75318627621635e-06
4.54539152979925e-07
3.04541232496549e-05
1.14595367238669e-05
3.06896184005333e-08
6.81019283178927e-07
4.49993761450125e-05
0
3.34760388352156e-06
2.58474784045344e-06
5.81013786380432e-05
7.40216595688004e-07
1.45309065119224e-05
2.46427276814625e-05
4.88568822186978e-07
6.81019283178927e-07
6.81019283178927e-07
7.5949266094225e-07
0
3.12320224409247e-06
3.12320224409247e-06
4.64720543546222e-06
3.68025047653169e-06
3.4079465236879e-07
9.03792113456937e-06
2.37911858681336e-05
4.59121215080574e-05
0
0
0
6.28104425319164e-06
4.47433305681617e-07
4.47433305681617e-07
1.12244913882421e-07
0
0
3.4079465236879e-07
6.28104425319164e-06
3.4079465236879e-07
9.03792113456937e-06
1.03288441959137e-05
1.28545422159061e-06
7.8300113251877e-06
6.00266870353812e-06
3.4230985694934e-06
1.07786276445944e-06
1.14595367238669e-05
1.58657153933042e-05
0
4.22873811238481e-05
6.81808729469887e-07
3.87857536719443e-05
5.31494509911411e-06
0
5.41118039261815e-09
3.04541232496549e-05
0.000162270477613833
5.41118039261815e-09
3.33429011051811e-07
0.000128602474515608
2.85230842061224e-06
4.64720543546222e-06
3.68025047653169e-06
3.12320224409247e-06
3.12320224409247e-06
2.27269576489962e-07
0
2.76511318062787e-07
1.52725155401255e-05
5.17023328781653e-05
1.51513050993308e-07
9.46842441994442e-05
2.00056342419176e-05
0.000254541925668758
5.64046526085922e-06
1.36834450814922e-05
1.73375318459496e-05
6.69033424488406e-06
1.32229571775978e-07
1.04482239104918e-05
6.36354814171894e-06
1.73375318459496e-05
3.36361924758086e-05
4.59045190470504e-05
2.31759131673752e-06
1.54652735065564e-05
1.51513050993308e-07
3.19679747533134e-05
0.000283632431459473
0
4.04128747593633e-06
2.8149536577225e-05
4.45211933369582e-06
7.73488982126796e-06
2.94124170089899e-06
1.32229571775978e-07
6.69033424488406e-06
2.94124170089899e-06
4.59045190470504e-05
1.92517505138901e-05
5.64046526085922e-06
7.314513191001e-06
2.94124170089899e-06
5.64046526085922e-06
1.37075341515078e-07
4.34083166553744e-06
2.14662040717307e-05
0
7.78620142165615e-06
7.51850452302352e-06
3.55756130207767e-07
2.94124170089899e-06
2.60132221209608e-06
2.94124170089899e-06
1.08302115145384e-05
2.94124170089899e-06
2.75465426065444e-06
0
2.01603748526938e-05
2.9338577034183e-06
3.28099537473249e-06
1.84215005153951e-05
1.27056500850521e-06
2.54261730964161e-06
1.92517505138901e-05
0.000204925123251305
3.53566736884142e-06
9.61931712378012e-06
3.69579681242932e-06
1.68414999914428e-06
1.59091039910154e-05
7.314513191001e-06
5.64046526085922e-06
4.58300577703357e-06
1.8022642974402e-05
3.72225480908597e-06
2.94124170089899e-06
8.33428459791079e-06
0.000297495875625361
1.19952710432771e-06
2.24159569409094e-05
2.94124170089899e-06
2.31759131673752e-06
7.88204147719158e-07
1.5059028643538e-05
2.57986028861172e-07
7.314513191001e-06
2.70359194240263e-05
7.12111339668549e-07
0
1.53352204460089e-05
0
0
9.72093961259339e-07
0
1.28167314486931e-05
2.75465426065444e-06
9.57928549604231e-08
0
1.08302115145384e-05
9.24399471697928e-05
1.36834450814922e-05
0.000127030711366807
8.35399811405485e-06
2.94124170089899e-06
5.64046526085922e-06
6.69033424488406e-06
0
7.88204147719158e-07
6.37310294509319e-06
9.30841488980522e-07
1.39436592528237e-07
4.19743156456311e-06
0
1.1142755041972e-05
3.5744884638987e-06
3.011321888492e-07
1.88543264565653e-05
2.9338577034183e-06
1.64805227343892e-05
0
1.67092625583542e-06
8.25944041429592e-06
2.60132221209608e-06
0
1.51513050993308e-07
1.83257884302803e-05
0
0
0.00023931486404393
4.54539152979925e-07
2.04542618840966e-07
8.77433400690196e-06
2.94124170089899e-06
1.1221076931386e-05
0
3.36361924758086e-05
4.34999396290783e-06
2.75465426065444e-06
2.2923234432444e-06
9.4895003189736e-06
1.1142755041972e-05
1.03569374690785e-06
1.59091039910154e-05
7.95045462463449e-07
1.92517505138901e-05
0.000214501552494554
0
2.77985828630589e-05
0.000193341361350549
2.68938493051368e-06
6.99578265963895e-06
0
9.61152064122887e-05
5.50089667542327e-05
0.000158053314210779
0.000364952578454852
5.45547537612722e-05
3.44935694127444e-05
0.000725671757732449
8.08716372746697e-05
0.000540438936122541
0.000742205619422094
9.3516975881974e-05
2.12296573300607e-05
7.57565254966541e-08
3.41101873082083e-06
6.99578265963895e-06
7.68897036955385e-05
0.000114752443607825
9.01255756218638e-05
2.14625072523107e-05
7.38333960035902e-05
2.14625072523107e-05
9.90833606981067e-06
1.58421732692813e-05
4.01780144151897e-06
1.12011434127196e-05
0.000293329266723044
3.64605682603302e-05
0.000293329266723044
9.36939440321344e-05
2.68938493051368e-06
5.999916819335e-05
1.58421732692813e-05
0
1.06090700914273e-05
5.92634515955855e-07
0
0
7.57565254966541e-08
3.36396554424577e-06
2.64585076477457e-05
5.53933015374987e-05
3.36986825863259e-05
3.36396554424577e-06
0.000104804774593297
0.000114752443607825
5.89987323906271e-05
6.99578265963895e-06
7.68897036955385e-05
0.000293329266723044
0.000268362080391504
5.92634515955855e-07
1.49997920483375e-05
1.49997920483375e-05
5.92634515955855e-07
5.92634515955855e-07
5.92634515955855e-07
1.89071362107589e-05
0.000638172970783814
5.92634515955855e-07
5.92634515955855e-07
1.1931652765723e-05
1.8277496635183e-05
5.92634515955855e-07
3.64605682603302e-05
6.48743580064096e-05
5.92634515955855e-07
6.99578265963895e-06
6.79904088614589e-05
2.12296573300607e-05
4.72742245772462e-05
4.72742245772462e-05
3.41101873082083e-06
1.94359679205457e-05
7.57565254966541e-08
1.12011434127196e-05
0
1.70521516185207e-06
5.3626022381091e-06
0.000929305298267456
9.36939440321344e-05
0
0.00028503874722366
0.000659309041397381
5.89987323906271e-05
3.06813928261449e-06
2.13696037246163e-05
0
1.58421732692813e-05
3.1290847514759e-06
0.000161097667176812
8.02392351168868e-05
9.59766166198195e-05
1.70521516185207e-06
4.72742245772462e-05
3.41101873082083e-06
0.000107504290599546
6.4469975779663e-05
0
8.93169435605552e-05
6.48743580064096e-05
9.90833606981067e-06
6.48743580064096e-05
3.99651437514952e-06
0
0.000242185761192199
2.14625072523107e-05
0.000492062983412535
4.01780144151897e-06
2.2602818885253e-05
5.92634515955855e-07
0
2.2602818885253e-05
0.000149513868016868
0
0.000709081078648682
5.55511686981063e-05
2.24252960063626e-05
9.16639528695134e-05
7.80969215847746e-05
6.48743580064096e-05
5.92634515955855e-07
5.92634515955855e-07
3.13566226994532e-05
3.1290847514759e-06
0.00025992063897902
0
5.99294911287597e-05
2.2602818885253e-05
4.55685269590507e-05
5.92634515955855e-07
4.55685269590507e-05
1.89071362107589e-05
7.80969215847746e-05
9.01255756218638e-05
5.92634515955855e-07
0
1.89071362107589e-05
0.000104804774593297
9.20441784784347e-06
3.2502500991006e-06
3.00317232287039e-06
5.05818675491911e-07
0
0.000112725709939021
1.58899312229232e-05
3.66452659150494e-06
1.56487237575432e-05
7.09081078648682e-05
0
3.66452659150494e-06
2.14662488491785e-06
3.56055669834274e-06
3.66452659150494e-06
0
1.185395259273e-05
4.71422035804893e-06
5.05818675491911e-07
2.45451142609159e-05
7.77261951595671e-05
5.521859483248e-06
6.26312101107688e-06
2.9999584096675e-05
3.2196523336078e-07
4.54539152979925e-06
6.26312101107688e-06
1.13634788244981e-07
3.66452659150494e-06
1.13634788244981e-07
1.13634788244981e-07
1.85035313525578e-05
1.04544005185383e-05
5.72719332754705e-05
5.72719332754705e-05
4.16950268520089e-06
4.79160023766337e-06
0
5.05674807690166e-06
5.05818675491911e-07
6.26312101107688e-06
2.9999584096675e-05
4.09085237681932e-05
1.04544005185383e-05
5.05818675491911e-07
2.49996534138959e-05
1.4159583311011e-06
0
8.33321780463195e-07
4.54539152979925e-06
3.44692191009776e-06
2.9999584096675e-05
5.521859483248e-06
6.73750970010154e-06
0
0
5.521859483248e-06
6.26312101107688e-06
5.68173941224906e-08
1.13634788244981e-07
0
4.57958035137079e-06
1.64139138576084e-07
0
0.000109089396715182
3.66452659150494e-06
1.01892526793e-05
3.2196523336078e-07
3.98717088099349e-06
0
5.05818675491911e-07
0
2.46208707864126e-07
8.57262154321445e-07
4.16950268520089e-06
4.09085237681932e-05
2.14662488491785e-06
0
3.98717088099349e-06
5.75634064785145e-07
6.08202705951742e-07
0
6.47718292996393e-07
0
6.47718292996393e-07
6.59081771820891e-07
1.42043485306226e-06
2.16672600153889e-07
2.16672600153889e-07
5.85964500080143e-07
6.13627856522898e-06
0
0
5.68173941224906e-08
4.56378965175126e-07
4.56378965175126e-07
4.72462665742706e-07
0
3.40904364734943e-06
0
0
0
0
1.46625533219331e-08
6.22124989696353e-08
1.65037038828179e-07
8.34730908964264e-08
8.34730908964264e-08
0
2.05678966723416e-06
1.8181566119197e-07
1.8181566119197e-07
4.56378965175126e-07
6.08202705951742e-07
0
1.65037038828179e-07
7.29156557905296e-07
6.22124989696353e-08
4.16660890231598e-07
1.89012531114152e-06
0
7.95443517714868e-06
6.08202705951742e-07
4.50224459871108e-07
6.08202705951742e-07
2.27269576489962e-07
0
4.54539152979925e-06
7.29156557905296e-07
4.56378965175126e-07
6.08202705951742e-07
1.65037038828179e-07
6.4393046672156e-07
6.22124989696353e-08
0
6.08202705951742e-07
4.72462665742706e-07
4.72462665742706e-07
6.22124989696353e-08
5.85964500080143e-07
1.79921748054553e-07
3.67867346418219e-07
0
1.43937398443643e-07
0
2.22382058715985e-08
0
1.79921748054553e-07
0
3.40904364734943e-06
6.35599470515916e-08
6.08202705951742e-07
0
0
1.8181566119197e-07
0
0
0
6.08202705951742e-07
6.08202705951742e-07
0
4.16660890231598e-07
6.35407857603186e-07
5.0378089455275e-07
1.03207719490774e-05
4.54539152979925e-07
4.94857746714873e-07
4.94857746714873e-07
0
1.70452182367472e-07
5.36444747104554e-07
1.77270269662171e-05
1.73969449622674e-06
7.0123891664982e-07
0
4.54539152979925e-07
0
7.19473084149689e-06
3.19492389210304e-06
4.12873063956765e-07
7.57565254966541e-08
4.94857746714873e-07
0
3.06813928261449e-06
1.13634788244981e-06
0
0
2.34845229039628e-06
1.52389817126054e-06
2.53469429413826e-06
7.57565254966541e-08
1.13634788244981e-07
0
3.06813928261449e-06
3.06813928261449e-06
2.23667058169187e-06
1.77270269662171e-05
0
2.2821653305867e-07
0
2.38800617147681e-06
1.52389817126054e-06
6.35407857603186e-07
5.81701892206451e-07
0
4.54539152979925e-06
1.13634788244981e-07
4.37239049433921e-06
3.61951317315049e-06
7.19473084149689e-06
4.54539152979925e-07
1.50430814914785e-06
3.06813928261449e-06
0
0
1.03207719490774e-05
1.08223607852363e-07
0
1.1931652765723e-07
1.42043485306226e-07
2.2821653305867e-07
0
7.0123891664982e-07
0
5.0378089455275e-07
5.81701892206451e-07
3.61951317315049e-06
3.11520015451393e-07
5.00534186317179e-07
3.10491030449411e-07
1.13634788244981e-07
1.13634788244981e-07
1.17693173539445e-06
