2967
2967
156.157894736842
174.529411764706
123.625
197.8
9.271875
4.33771929824561
38.5324675324675
23.547619047619
134.863636363636
8.42897727272727
3.14300847457627
3.14300847457627
4.95325542570952
5.62998102466793
3.90909090909091
4.39555555555556
3.14634146341463
3.50295159386068
8.90990990990991
8.96374622356496
9.41904761904762
9.33018867924528
5.794921875
3.50709219858156
185.4375
123.625
129
129
9.24299065420561
27.9905660377358
32.6043956043956
40.0945945945946
41.2083333333333
33.3370786516854
27.9905660377358
8.70087976539589
9.44904458598726
9.38924050632911
8.99090909090909
8.99090909090909
8.96374622356496
8.93674698795181
9.57096774193548
9.60194174757282
9.60194174757282
9.10122699386503
7.54961832061069
6.47816593886463
2967
4.19067796610169
7.08114558472554
5.73887814313346
5.13321799307958
40.6438356164384
38.5324675324675
174.529411764706
32.9666666666667
41.2083333333333
9.15740740740741
5.72779922779923
3.15974440894569
9.10122699386503
9.79207920792079
3.50709219858156
174.529411764706
3.15974440894569
185.4375
141.285714285714
41.2083333333333
9.79207920792079
9.50961538461539
9.33018867924528
9.50961538461539
9.41904761904762
6.71266968325792
6.80504587155963
6.00607287449393
2967
9.38924050632911
9.72786885245902
9.72786885245902
5.13321799307958
8.47714285714286
34.5
34.5
19.6490066225166
40.6438356164384
4.88797364085667
5.76116504854369
34.1034482758621
34.5
9.63311688311688
9.69607843137255
6.15560165975104
8.88323353293413
3.89370078740157
43
23.1796875
9.60194174757282
9.271875
4.8960396039604
9.60194174757282
32.9666666666667
28.8058252427184
7.14939759036145
4.87993421052632
8.42897727272727
9.04573170731707
34.5
9.12923076923077
39.56
23.547619047619
34.5
19.6490066225166
41.7887323943662
16.4833333333333
9.15740740740741
9.271875
9.33018867924528
3.91941875825627
4.33771929824561
9.01823708206687
9.33018867924528
3.50295159386068
9.271875
8.1510989010989
8.99090909090909
9.85714285714286
4.88797364085667
34.5
9.04573170731707
9.44904458598726
2967
7.82849604221636
9.01823708206687
8.75221238938053
9.18575851393189
9.24299065420561
6.14285714285714
2967
9.79207920792079
9.79207920792079
9.50961538461539
9.60194174757282
8.47714285714286
9.10122699386503
4.87192118226601
4.88797364085667
40.6438356164384
4.17887323943662
6.80504587155963
9.04573170731707
9.85714285714286
9.79207920792079
3.49882075471698
1.64833333333333
22.8230769230769
23
14.1285714285714
8.67543859649123
1.19975737970077
1.37935843793584
1.70321469575201
1.20658804392029
10.1262798634812
17.5562130177515
15.781914893617
1.12428950359985
1.76502082093992
1.70615296147211
1.47245657568238
1.37935843793584
1.37807710171853
1.63922651933702
1.2950676560454
593.4
20.7482517482517
23.3622047244094
1483.5
1.29281045751634
1.29281045751634
16.8579545454545
1.49245472837022
10.5964285714286
1.29676573426573
11.9156626506024
22.1417910447761
22.3082706766917
18.4285714285714
1.37361111111111
1.44239183276616
1.37807710171853
1.37807710171853
1.2950676560454
15.9516129032258
1.37615955473098
1.37615955473098
1.37743732590529
1.37807710171853
1.64103982300885
1.57735247208931
1.2950676560454
1.29846827133479
1.37424733672997
1.37615955473098
1.5145482388974
1.45298726738492
423.857142857143
423.857142857143
1.76502082093992
989
423.857142857143
423.857142857143
1.76607142857143
1.70321469575201
1.63922651933702
1.70028653295129
14.5441176470588
2967
1.37807710171853
1.28943937418514
1.50151821862348
1.29619921363041
1.29846827133479
1.19252411575563
1.37807710171853
1.64833333333333
1.64013266998342
2967
17.9818181818182
1.11457550713749
21.8161764705882
1.20121457489879
1.2950676560454
593.4
1.70321469575201
1.37615955473098
1.37743732590529
1.2950676560454
1.2002427184466
1.2950676560454
1.2950676560454
1.37807710171853
1.2950676560454
1.37743732590529
1.37807710171853
1.37743732590529
15.3730569948187
989
1.29450261780105
1.37807710171853
1.37743732590529
1.37935843793584
1.36728110599078
1.56157894736842
1.76502082093992
20.8943661971831
9.07339449541284
18.2024539877301
23
1.29790026246719
1.2051177904143
1.82136279926335
7.53045685279188
16.8579545454545
10.55871886121
21.9777777777778
23
14.5441176470588
20.3219178082192
1.20658804392029
19.9127516778523
16.4833333333333
16.8579545454545
20.4620689655172
22.4772727272727
22.1417910447761
22.8230769230769
19.3921568627451
20.6041666666667
19.6490066225166
21.9777777777778
22.8230769230769
13.0131578947368
1.2950676560454
1.63922651933702
1.20757020757021
1.70223752151463
1.76607142857143
1.37807710171853
1.64833333333333
1.20855397148676
1.37807710171853
22.6488549618321
23.3622047244094
22.6488549618321
22.8230769230769
21.8161764705882
22.4772727272727
12.4663865546218
20.3219178082192
21.9777777777778
14.7611940298507
1.63832136940917
1.81578947368421
1.82024539877301
0.9234360410831
1.34802362562472
1.10626398210291
1.43194980694981
1.34192672998643
1.14644513137558
1.25933786078098
1.8566958698373
1.36163377696191
1.77452153110048
1.77558348294434
1.74837949322334
1.59601936525013
1.53810264385692
1.34375
989
1.82136279926335
1.47611940298507
1.22149032523672
1.8566958698373
1.34071396294623
1.06649892163911
1.53730569948187
1.53730569948187
1.59601936525013
1.59601936525013
1.59687836383208
1.71107266435986
1.70910138248848
1.81356968215159
1.41826003824092
1.41826003824092
1.03850192509625
1.34435885817852
1.43680387409201
1.57651434643996
1.76817640047676
89.9090909090909
74.175
0.924875311720698
1.04068747807787
123.625
0.873417721518987
1.76923076923077
1.77346084877466
1.86486486486486
1.84171322160149
1.8566958698373
1.74632136550912
1.74734982332155
1.74941037735849
1.75147579693034
1483.5
0.9234360410831
118.68
1.03850192509625
0.979854689564069
1.50838840874428
1.34435885817852
1.85553470919325
1.59773828756058
1.34435885817852
1.34435885817852
1.34192672998643
1.31925300133393
74.175
0.873417721518987
0.979207920792079
1.34071396294623
1.43333333333333
1.31691078561917
1.41826003824092
1.34924965893588
1.25031605562579
1.34924965893588
1.43402609956501
1.13330786860199
87.2647058823529
87.2647058823529
129
1.54209979209979
1.8566958698373
1.73610298420129
1.23831385642738
1.13330786860199
1.34435885817852
1.34924965893588
0.924875311720698
118.68
118.68
1.8683879093199
1.43194980694981
1.055871886121
1.055871886121
1.63741721854305
123.625
102.310344827586
1.56984126984127
1.8566958698373
1.75044247787611
1.65292479108635
1.41758241758242
1.34435885817852
1.03886554621849
0.979854689564069
105.964285714286
0.9234360410831
1.17831612390786
129
134.863636363636
1.8566958698373
102.310344827586
1.34071396294623
1.32278198840838
1.59516129032258
1.64559068219634
989
1.75044247787611
1.87192429022082
1.8683879093199
1.77134328358209
1.85553470919325
1.75147579693034
0.979854689564069
1.77240143369176
1.87074401008827
1.48647294589178
1.66779089376054
1.8169014084507
14.4731707317073
14.835
7.7265625
8.90990990990991
14.9095477386935
14.9095477386935
185.4375
228.230769230769
6.74318181818182
211.928571428571
47.8548387096774
44.2835820895522
48.6393442622951
35.7469879518072
32.6043956043956
9.21428571428571
15.781914893617
49.45
28.2571428571429
5.91035856573705
4.67981072555205
41.7887323943662
7.66666666666667
14.2644230769231
14.615763546798
15.0609137055838
9.85714285714286
7.7265625
14.9095477386935
14.9095477386935
14.835
13.5479452054795
7.43609022556391
15.5340314136126
14.9095477386935
13.6100917431193
15.5340314136126
10.9888888888889
7.66666666666667
15.6984126984127
15.5340314136126
12.4663865546218
12.7339055793991
35.7469879518072
12.2603305785124
52.0526315789474
8.93674698795181
14.835
46.359375
52.0526315789474
15.5340314136126
15.5340314136126
14.1961722488038
45.6461538461538
2967
26.0263157894737
7.70649350649351
9.85714285714286
52.0526315789474
247.25
6.74318181818182
14.7611940298507
269.727272727273
247.25
7.70649350649351
15.8663101604278
14.4029126213592
2967
35.7469879518072
15.1377551020408
8.90990990990991
164.833333333333
211.928571428571
14.1961722488038
14.615763546798
11.8207171314741
11.8207171314741
48.6393442622951
7.66666666666667
41.7887323943662
28.5288461538462
49.45
22.8230769230769
40.6438356164384
42.3857142857143
41.7887323943662
52.0526315789474
49.45
36.6296296296296
32.6043956043956
11.1123595505618
16.125
13.9952830188679
269.727272727273
228.230769230769
11.8207171314741
14.5441176470588
15.0609137055838
15.5340314136126
15.5340314136126
15.6984126984127
12.7339055793991
13.7361111111111
7.70649350649351
8.83035714285714
185.4375
11.367816091954
37.5569620253165
5.23280423280423
10.3020833333333
15.0609137055838
29.969696969697
35.7469879518072
40.0945945945946
6.54966887417219
10.6726618705036
40.6438356164384
14.2644230769231
20.1836734693878
14.1285714285714
7.66666666666667
35.3214285714286
35.3214285714286
27.9905660377358
10.6726618705036
5.69481765834933
35.7469879518072
29.969696969697
29.67
35.3214285714286
38.0384615384615
35.3214285714286
35.7469879518072
23.736
20.1836734693878
37.0875
28.5288461538462
2967
2967
15.8663101604278
1483.5
7.58823529411765
1483.5
1483.5
10.4105263157895
14.1285714285714
14.1961722488038
12.5189873417722
8.93674698795181
15.781914893617
14.1285714285714
15.781914893617
15.9516129032258
10.6726618705036
13.8
6.5641592920354
6.54966887417219
12.9
15.3730569948187
35.7469879518072
6.5641592920354
10.6726618705036
13.9295774647887
27.4722222222222
14.0616113744076
13.304932735426
14.2644230769231
14.1961722488038
23.736
36.1829268292683
989
989
6.45
37.0875
23.736
7.66666666666667
10.55871886121
29.969696969697
8.90990990990991
10.6726618705036
10.6726618705036
9.04573170731707
14.2644230769231
14.1285714285714
10.0918367346939
15.781914893617
10.6726618705036
15.6984126984127
14.1285714285714
14.2644230769231
7.53045685279188
1483.5
15.781914893617
14.615763546798
13.304932735426
24.1219512195122
33.3370786516854
31.9032258064516
37.0875
14.1961722488038
14.2644230769231
6.5641592920354
10.6726618705036
8.96374622356496
8.99090909090909
15.3730569948187
15.8663101604278
8.96374622356496
8.99090909090909
7.56887755102041
15.8663101604278
10.6726618705036
10.55871886121
7.53045685279188
7.64690721649485
14.615763546798
10.4105263157895
15.6984126984127
15.781914893617
15.1377551020408
15.6984126984127
15.781914893617
16.6685393258427
24.1219512195122
14.5441176470588
370.875
10.4105263157895
10.4471830985915
24.5206611570248
35.7469879518072
20.1836734693878
17.150289017341
22.4772727272727
24.725
13.1283185840708
12.4142259414226
15.8663101604278
25.1440677966102
20.7482517482517
22.8230769230769
30.90625
20.4620689655172
24.1219512195122
24.5206611570248
25.5775862068966
22.8230769230769
25.1440677966102
989
989
13.1283185840708
16.8579545454545
14.5441176470588
21.5
22.6488549618321
17.4529411764706
23.1796875
21.9777777777778
23.1796875
35.7469879518072
32.6043956043956
28.2571428571429
31.563829787234
22.8230769230769
22.8230769230769
35.7469879518072
22.4772727272727
16.8579545454545
22.6488549618321
20.3219178082192
494.5
13.1283185840708
13.1866666666667
21.9777777777778
23
14.2644230769231
2967
35.3214285714286
27.7289719626168
17.25
10.3379790940767
18.0914634146341
24.5206611570248
23.3622047244094
23.1796875
21.3453237410072
25.5775862068966
26.2566371681416
22.8230769230769
23.3622047244094
24.5206611570248
22.8230769230769
23.9274193548387
25.5775862068966
15.8663101604278
14.6881188118812
34.9058823529412
32.25
32.9666666666667
370.875
15.8663101604278
31.9032258064516
23.1796875
23.1796875
22.8230769230769
31.563829787234
14.4731707317073
26.2566371681416
21.9777777777778
32.9666666666667
33.7159090909091
23.3622047244094
2967
741.75
741.75
15.8663101604278
10.4471830985915
24.5206611570248
24.5206611570248
18.2024539877301
15.3730569948187
27.9905660377358
17.25
22.8230769230769
15.3730569948187
25.1440677966102
30.2755102040816
23
19.0192307692308
32.9666666666667
32.9666666666667
494.5
494.5
13.1283185840708
24.725
22.6488549618321
22.4772727272727
10.75
28.2571428571429
370.875
370.875
13.0704845814978
2.17044623262619
3.63157894736842
2.67056705670567
4.6
5.42413162705667
4.6
1483.5
5.51486988847584
5.51486988847584
5.80626223091977
1483.5
5.51486988847584
5.51486988847584
5.51486988847584
5.51486988847584
5.48428835489834
5.82907662082515
2.77808988764045
5.36528028933092
5.19614711033275
2.52725724020443
3.2214983713355
1.74426807760141
2.01152542372881
5.52513966480447
5.52513966480447
4.04774897680764
5.49444444444444
247.25
5.51486988847584
5.52513966480447
4.46165413533835
4.36966126656848
4.40861812778603
2.9789156626506
296.7
4.40207715133531
3.47423887587822
5.72779922779923
5.51486988847584
2.96403596403596
4.04774897680764
4.04774897680764
5.71676300578035
2.97592778335005
5.50463821892393
2.52725724020443
5.82907662082515
197.8
5.49444444444444
5.51486988847584
5.52513966480447
3.75094816687737
5.84055118110236
5.08047945205479
2.74468085106383
3.2214983713355
2.16569343065693
2.74468085106383
3.08419958419958
3.88350785340314
5.08919382504288
5.16898954703833
2.11928571428571
2.52295918367347
197.8
247.25
2.96403596403596
5.08047945205479
3.2214983713355
2967
5.43406593406593
5.50463821892393
1.87074401008827
2.01152542372881
5.51486988847584
2.97592778335005
5.46408839779006
247.25
247.25
5.50463821892393
3.8988173455979
296.7
3.88350785340314
296.7
5.52513966480447
3.88350785340314
5.66221374045802
2.96403596403596
1483.5
4.40861812778603
296.7
2967
2.01289009497965
2.97592778335005
2.53373185311699
2.3436018957346
1.87310606060606
4.70952380952381
2.33438237608183
5.18706293706294
5.21441124780316
5.68390804597701
5.67304015296367
5.67304015296367
1.95841584158416
5.51486988847584
5.72779922779923
4.40207715133531
5.16
4.40861812778603
5.51486988847584
3.91424802110818
3.45401629802095
5.17801047120419
5.05451448040886
5.66221374045802
5.20526315789474
5.64068441064639
5.68390804597701
2.77808988764045
2.30536130536131
5.66221374045802
5.21441124780316
5.51486988847584
5.84055118110236
5.80626223091977
5.43406593406593
5.68390804597701
5.67304015296367
5.46408839779006
5.51486988847584
19.9127516778523
26.9727272727273
22.4772727272727
15.5340314136126
148.35
156.157894736842
15.6984126984127
14.615763546798
20.6041666666667
1483.5
12.4663865546218
19.6490066225166
26.4910714285714
26.2566371681416
1483.5
26.2566371681416
26.4910714285714
25.1440677966102
24.5206611570248
26.7297297297297
18.7784810126582
25.3589743589744
23.736
26.4910714285714
23.736
1483.5
1483.5
25.1440677966102
2967
32.25
35.3214285714286
18.54375
26.4910714285714
13.9295774647887
87.2647058823529
29.67
32.9666666666667
34.5
23.736
1483.5
14.7611940298507
26.0263157894737
21.1928571428571
22.4772727272727
20.6041666666667
105.964285714286
38.0384615384615
40.0945945945946
24.725
39.56
33.7159090909091
40.6438356164384
41.2083333333333
25.1440677966102
25.1440677966102
23.736
2967
1483.5
8.21883656509695
14.4731707317073
22.1417910447761
24.3196721311475
25.1440677966102
25.3589743589744
26.2566371681416
26.2566371681416
25.5775862068966
17.25
24.725
32.25
164.833333333333
26.2566371681416
26.9727272727273
26.4910714285714
22.4772727272727
26.4910714285714
23
1483.5
26.4910714285714
26.7297297297297
123.625
141.285714285714
118.68
20.7482517482517
16.4833333333333
42.3857142857143
36.1829268292683
21.1928571428571
20.4620689655172
22.4772727272727
23.736
26.2566371681416
26.4910714285714
26.9727272727273
26.4910714285714
24.3196721311475
19.5197368421053
10.3741258741259
23.736
9.69607843137255
12.8441558441558
40.0945945945946
29.67
22.4772727272727
22.4772727272727
23.9274193548387
40.6438356164384
26.0263157894737
18.54375
38.0384615384615
18.0914634146341
24.5206611570248
1483.5
39.0394736842105
42.3857142857143
35.3214285714286
2967
87.2647058823529
123.625
14.615763546798
105.964285714286
141.285714285714
21.9777777777778
25.1440677966102
2967
21.3453237410072
156.157894736842
141.285714285714
20.6041666666667
23.3622047244094
23.736
28.8058252427184
1483.5
20.6041666666667
10.3020833333333
12.1598360655738
14.3333333333333
164.833333333333
16.0378378378378
15.6157894736842
15.453125
8.72647058823529
12.1598360655738
70.6428571428571
12.3112033195021
51.1551724137931
10.3379790940767
13.4863636363636
15.453125
15.1377551020408
15.1377551020408
13.1866666666667
10.2310344827586
8.35774647887324
10.1609589041096
15.6157894736842
15.6157894736842
16.0378378378378
6.01825557809331
4.62870514820593
14.4029126213592
12.6794871794872
12.6794871794872
247.25
211.928571428571
14.3333333333333
10.1609589041096
7.01418439716312
10.5964285714286
2967
2967
10.3020833333333
8.77810650887574
10.8284671532847
64.5
58.1764705882353
51.1551724137931
64.5
8.67543859649123
10.4840989399293
8.77810650887574
7.4175
14.3333333333333
14.4731707317073
65.9333333333333
63.1276595744681
51.1551724137931
14.3333333333333
64.5
7.18401937046005
10.1958762886598
7.16666666666667
12.5720338983051
12.7887931034483
15.453125
14.615763546798
989
228.230769230769
989
8.65014577259475
8.72647058823529
46.359375
74.175
58.1764705882353
37.5569620253165
47.8548387096774
69
37.5569620253165
8.72647058823529
15.453125
10.1609589041096
14.4731707317073
989
14.3333333333333
14.2644230769231
15.453125
12.5720338983051
10.2310344827586
7.01418439716312
5.24204946996466
123.625
989
228.230769230769
174.529411764706
12.5720338983051
14.615763546798
14.615763546798
14.3333333333333
8.70087976539589
51.1551724137931
8.52586206896552
16.0378378378378
16.0378378378378
15.8663101604278
989
741.75
741.75
63.1276595744681
15.453125
37.5569620253165
64.5
69
12.3112033195021
7.43609022556391
15.2938144329897
14.4029126213592
12.1598360655738
12.7887931034483
989
174.529411764706
7.32592592592593
3.18006430868167
3.19032258064516
2.92603550295858
2.48076923076923
329.666666666667
370.875
6.18125
6.18125
370.875
7.60769230769231
7.58823529411765
7.4735516372796
6.91608391608392
5.51486988847584
4.1966053748232
4.6214953271028
6.42207792207792
7.64690721649485
7.60769230769231
7.43609022556391
7.54961832061069
2.92315270935961
2.48076923076923
5.06313993174061
3.81853281853282
7.60769230769231
5.96981891348089
7.39900249376559
3.81853281853282
5.05451448040886
4.61430793157076
6.82068965517241
269.727272727273
296.7
7.11510791366906
6.86805555555556
370.875
269.727272727273
296.7
269.727272727273
370.875
7.13221153846154
7.56887755102041
5.06313993174061
4.60714285714286
2.69482288828338
3.48648648648649
2.92315270935961
2967
7.60769230769231
7.7265625
7.76701570680628
5.77237354085603
5.87524752475248
5.32675044883303
2967
269.727272727273
296.7
296.7
6.1301652892562
6.1301652892562
5.87524752475248
6.99764150943396
2.68993653671804
2967
5.52513966480447
5.05451448040886
6.38064516129032
4.1966053748232
7.38059701492537
7.87002652519894
7.09808612440191
7.36228287841191
4.52286585365854
3.4661214953271
5.50463821892393
4.91225165562914
7.08114558472554
7.09808612440191
296.7
370.875
6.88399071925754
494.5
370.875
5.67304015296367
247.25
269.727272727273
247.25
6.78947368421053
7.58823529411765
7.62724935732648
7.4735516372796
7.11510791366906
6.42207792207792
7.53045685279188
4.82439024390244
6.77397260273973
370.875
247.25
6.99764150943396
6.39439655172414
6.98117647058824
7.06428571428571
370.875
4.18476727785614
370.875
6.86805555555556
5.07179487179487
7.68652849740933
7.56887755102041
7.66666666666667
7.09808612440191
7.06428571428571
7.03080568720379
5.81764705882353
7.70649350649351
7.25427872860636
7.78740157480315
2967
4.55760368663594
7.70649350649351
4.92039800995025
7.89095744680851
7.82849604221636
4.68720379146919
7.9544235924933
109.888888888889
118.68
61.8125
4.97818791946309
92.71875
8.17355371900826
8.0625
9.04573170731707
9.07339449541284
3.85825747724317
87.2647058823529
109.888888888889
78.0789473684211
8.10655737704918
8.1510989010989
8.10655737704918
8.17355371900826
6.5352422907489
8.08446866485014
9.07339449541284
6.69751693002257
7.01418439716312
269.727272727273
211.928571428571
7.7467362924282
8.08446866485014
7.99730458221024
8.04065040650407
4.69462025316456
296.7
8.08446866485014
8.88323353293413
7.99730458221024
6.93224299065421
4.25681492109039
2.71454711802379
6.93224299065421
8.52586206896552
74.175
5.84055118110236
8.0625
8.1510989010989
8.1510989010989
78.0789473684211
109.888888888889
72.3658536585366
4.32507288629738
8.17355371900826
4.24463519313305
2.94637537239325
3.21451787648971
6.72789115646258
6.93224299065421
6.91608391608392
8.0625
8.17355371900826
9.07339449541284
8.90990990990991
7.54961832061069
7.9544235924933
8.99090909090909
6.45
8.88323353293413
370.875
8.0625
8.08446866485014
269.727272727273
370.875
114.115384615385
102.310344827586
89.9090909090909
8.1510989010989
8.1510989010989
8.19613259668508
8.1510989010989
3.5154028436019
4.69462025316456
2.9493041749503
3.21103896103896
7.9758064516129
7.4735516372796
7.25427872860636
6.93224299065421
7.43609022556391
8.99090909090909
114.115384615385
6.93224299065421
5.77237354085603
8.17355371900826
8.99090909090909
4.69462025316456
8.08446866485014
2967
8.17355371900826
8.1510989010989
8.01891891891892
8.01891891891892
8.08446866485014
8.1510989010989
7.7467362924282
8.08446866485014
109.888888888889
8.57514450867052
8.99090909090909
8.17355371900826
4.68720379146919
102.310344827586
114.115384615385
8.50143266475645
2.50803043110735
6.25949367088608
5.20526315789474
3.85825747724317
2.94345238095238
8.19613259668508
2967
89.9090909090909
34.9058823529412
7.08114558472554
7.912
7.64690721649485
7.08114558472554
7.14939759036145
5.69481765834933
5.95783132530121
7.58823529411765
5.53544776119403
3.58333333333333
7.912
53.9454545454545
63.1276595744681
55.9811320754717
6.18125
7.58823529411765
5.10671256454389
3.91424802110818
7.08114558472554
7.14939759036145
46.359375
6.18125
7.9758064516129
7.80789473684211
741.75
4.32507288629738
989
989
8.08446866485014
8.2877094972067
4.28757225433526
6.18125
3.93501326259947
3.27483443708609
4.7472
7.39900249376559
5.25132743362832
6.18125
5.20526315789474
7.23658536585366
80.1891891891892
7.80789473684211
7.25427872860636
74.175
118.68
82.4166666666667
70.6428571428571
6.62276785714286
7.7265625
114.115384615385
87.2647058823529
89.9090909090909
95.7096774193548
63.1276595744681
64.5
70.6428571428571
82.4166666666667
4.51598173515982
7.80789473684211
7.20145631067961
80.1891891891892
63.1276595744681
51.1551724137931
80.1891891891892
105.964285714286
4.03673469387755
8.04065040650407
7.04750593824228
5.70576923076923
7.08114558472554
6.82068965517241
5.92215568862275
105.964285714286
105.964285714286
3.64049079754601
7.38059701492537
7.99730458221024
7.20145631067961
51.1551724137931
67.4318181818182
3.27483443708609
5.20526315789474
3.92460317460317
5.85207100591716
6.23319327731092
95.7096774193548
7.7265625
7.7467362924282
6.15560165975104
67.4318181818182
105.964285714286
7.27205882352941
7.23658536585366
7.9758064516129
741.75
3.92460317460317
7.99730458221024
7.13221153846154
7.80789473684211
7.912
6.11752577319588
82.4166666666667
80.1891891891892
76.0769230769231
69
63.1276595744681
80.1891891891892
102.310344827586
7.13221153846154
7.13221153846154
76.0769230769231
74.175
87.2647058823529
105.964285714286
7.23658536585366
7.23658536585366
7.80789473684211
7.7467362924282
5.65142857142857
5.94589178356713
6.652466367713
6.18125
3.92980132450331
3.57901085645356
5.20526315789474
4.68720379146919
13.0704845814978
11.0297397769517
7.18401937046005
13.1283185840708
13.7361111111111
14.1961722488038
7.23658536585366
13.7361111111111
13.7361111111111
13.0704845814978
13.0131578947368
13.6728110599078
12.8441558441558
156.157894736842
9.60194174757282
6.69751693002257
593.4
13.7361111111111
2967
6.71266968325792
13.0704845814978
13.6728110599078
13.7361111111111
13.7361111111111
7.49242424242424
12.1102040816327
6.68243243243243
156.157894736842
13.6728110599078
14.1961722488038
13.7361111111111
13.5479452054795
13.9952830188679
14.9095477386935
13.3648648648649
129
7.16666666666667
10.4105263157895
13.6728110599078
141.285714285714
6.69751693002257
13.7361111111111
8.19613259668508
13.7361111111111
7.18401937046005
13.6728110599078
13.7361111111111
7.49242424242424
13.3648648648649
6.11752577319588
8.17355371900826
7.14939759036145
174.529411764706
174.529411764706
7.14939759036145
164.833333333333
13.0704845814978
12.6794871794872
8.77810650887574
8.17355371900826
9.92307692307692
8.67543859649123
13.7361111111111
12.8441558441558
13.7361111111111
13.7361111111111
2967
494.5
13.7361111111111
13.7361111111111
174.529411764706
9.98989898989899
129
156.157894736842
13.7361111111111
13.7361111111111
12.9563318777293
14.1961722488038
5.8986083499006
8.72647058823529
185.4375
2967
10.4105263157895
10.6726618705036
13.7361111111111
8.17355371900826
8.17355371900826
8.70087976539589
13.6728110599078
185.4375
7.14939759036145
185.4375
7.23658536585366
14.9095477386935
2967
102.310344827586
185.4375
494.5
5.58757062146893
2967
370.875
7.49242424242424
10.1958762886598
7.18401937046005
5.59811320754717
423.857142857143
494.5
2967
13.0704845814978
10.4105263157895
13.0704845814978
12.6794871794872
8.80415430267062
11.6352941176471
5.95783132530121
14.1961722488038
13.0704845814978
7.18401937046005
13.7361111111111
8.17355371900826
5.60869565217391
3.53214285714286
4.25071633237822
5.60869565217391
6.4640522875817
6.01825557809331
5.75
6.29936305732484
2967
2967
3.56182472989196
3.2214983713355
4.19067796610169
5.59811320754717
2.92603550295858
3.72738693467337
6.01825557809331
4.28757225433526
4.84803921568627
6.00607287449393
2967
4.22649572649573
3.26402640264026
2.86666666666667
3.19719827586207
3.26043956043956
3.71339173967459
4.23857142857143
4.25681492109039
5.78362573099415
3.72738693467337
6.07991803278689
6.06748466257669
5.99393939393939
5.98185483870968
4.24463519313305
4.37610619469027
3.90394736842105
3.90909090909091
6.05510204081633
4.81655844155844
6.07991803278689
5.70576923076923
3.55755395683453
4.81655844155844
3.53635280095352
5.98185483870968
4.78548387096774
4.37610619469027
3.96128170894526
6.01825557809331
5.70576923076923
5.71676300578035
5.71676300578035
2967
2.36980830670927
3.19719827586207
6.00607287449393
2967
4.25681492109039
3.30033370411568
3.73207547169811
4.23857142857143
6.07991803278689
5.98185483870968
6.00607287449393
2967
3.88859764089122
5.84055118110236
5.18706293706294
5.78362573099415
6.01825557809331
6.29936305732484
5.78362573099415
2.60263157894737
3.19719827586207
3.2214983713355
2.16411378555799
6.06748466257669
5.99393939393939
3.8988173455979
4.05882352941176
2967
3.26043956043956
3.52794292508918
4.35043988269795
4.28757225433526
6.00607287449393
6.05510204081633
6.05510204081633
6.05510204081633
6.03048780487805
6.01825557809331
5.75
6.07991803278689
6.07991803278689
3.89370078740157
6.03048780487805
2967
5.36528028933092
6.00607287449393
6.29936305732484
4.25681492109039
3.73207547169811
3.56182472989196
2.87778855480116
3.18689581095596
2.60035056967572
5.78362573099415
6.29936305732484
2.36791699920192
3.72271016311167
5.62998102466793
2.16885964912281
4.59287925696594
6.00607287449393
2.60263157894737
3.30033370411568
5.91035856573705
5.91035856573705
4.25071633237822
3.73207547169811
5.98185483870968
6.05510204081633
6.01825557809331
6.07991803278689
5.70576923076923
5.62998102466793
4.87192118226601
3.03995901639344
2.51440677966102
5.80626223091977
6.11752577319588
6.10493827160494
4.50227617602428
3.9402390438247
4.50911854103343
6.18125
6.10493827160494
4.28757225433526
6.16839916839917
6.1301652892562
6.22012578616352
5.26998223801066
2.54241645244216
2.73708487084871
6.14285714285714
5.80626223091977
3.90394736842105
5.23280423280423
3.01218274111675
6.1301652892562
6.09240246406571
6.14285714285714
6.11752577319588
5.84055118110236
5.65142857142857
6.06748466257669
5.81764705882353
3.03995901639344
9.10122699386503
4.55061349693251
3.45804195804196
1.86721208307111
1.73915592028136
2.00880162491537
6.1301652892562
2967
2.76514445479963
6.11752577319588
6.2071129707113
4.93677204658902
6.2071129707113
4.51598173515982
4.93677204658902
4.29377713458755
6.10493827160494
2.00608519269777
4.28138528138528
6.10493827160494
1.86721208307111
4.55061349693251
6.18125
6.10493827160494
6.2071129707113
6.14285714285714
5.84055118110236
5.80626223091977
6.10493827160494
6.10493827160494
6.24631578947368
6.19415448851775
6.06748466257669
6.1301652892562
6.23319327731092
6.10493827160494
6.03048780487805
6.1301652892562
2.76514445479963
5.19614711033275
2.76772388059702
5.84055118110236
6.10493827160494
2967
6.23319327731092
6.14285714285714
4.96984924623116
6.10493827160494
6.10493827160494
4.78548387096774
1483.5
3.93501326259947
4.93677204658902
2.76772388059702
2.54896907216495
2.76514445479963
2.76772388059702
6.16839916839917
1.74119718309859
6.16839916839917
2.34731012658228
2.7703081232493
4.90413223140496
3.7367758186398
6.10493827160494
4.3
3.7796178343949
6.11752577319588
6.23319327731092
6.1301652892562
6.16839916839917
5.80626223091977
4.73205741626794
3.56182472989196
3.94547872340426
3.45
5.78362573099415
4.90413223140496
6.10493827160494
2.71206581352834
10.4105263157895
12.0609756097561
6.07991803278689
1.74119718309859
2.1672753834916
2.55116079105761
3.26762114537445
4.28757225433526
5.794921875
6.14285714285714
3.74148802017654
5.16898954703833
1483.5
1483.5
5.16898954703833
4.99494949494949
5.85207100591716
3.956
9.92307692307692
18.0914634146341
13.4253393665158
6.85219399538106
2967
2967
5.65142857142857
24.9327731092437
13.1866666666667
13.1283185840708
13.9952830188679
12.9
26.0263157894737
13.0131578947368
27.2201834862385
20.7482517482517
24.9327731092437
23.9274193548387
26.2566371681416
25.3589743589744
13.5479452054795
13.5479452054795
13.5479452054795
12.4663865546218
13.1866666666667
13.3648648648649
13.4253393665158
13.4253393665158
6.82068965517241
12.9563318777293
2967
13.1283185840708
13.1283185840708
13.0704845814978
13.0704845814978
12.9563318777293
12.9563318777293
12.2098765432099
13.0704845814978
13.0704845814978
12.9563318777293
9.57096774193548
8.85671641791045
13.1283185840708
7.30788177339902
7.36228287841191
13.1283185840708
13.1866666666667
17.5562130177515
24.725
423.857142857143
6.83640552995392
2967
423.857142857143
12.5720338983051
8.67543859649123
5.65142857142857
6.82068965517241
13.7361111111111
5.84055118110236
13.8644859813084
13.8
16.4833333333333
18.7784810126582
13.4253393665158
11.0297397769517
13.4863636363636
13.3648648648649
3.56610576923077
2967
6.83640552995392
4.75480769230769
10.3379790940767
16.4833333333333
13.1866666666667
13.2455357142857
12.7339055793991
13.1283185840708
5.62998102466793
5.61931818181818
13.0704845814978
13.1283185840708
16.7627118644068
7.80789473684211
21.5
24.9327731092437
11.9637096774194
21.5
13.4253393665158
13.5479452054795
13.5479452054795
2967
13.8644859813084
13.0704845814978
20.6041666666667
10.4471830985915
18.0914634146341
21.8161764705882
13.304932735426
14.0616113744076
19.3921568627451
14.0616113744076
24.3196721311475
16.3021978021978
26.0263157894737
26.0263157894737
7.27205882352941
2967
12.9
9.79207920792079
20.7482517482517
13.0704845814978
13.0704845814978
13.0704845814978
24.1219512195122
24.3196721311475
21.9777777777778
24.9327731092437
7.27205882352941
13.8644859813084
24.1219512195122
27.2201834862385
14.6881188118812
9.69607843137255
25.3589743589744
6.83640552995392
6.83640552995392
329.666666666667
423.857142857143
329.666666666667
22.6488549618321
329.666666666667
423.857142857143
12.1598360655738
329.666666666667
12.2098765432099
4.84013050570962
18.3148148148148
12.2603305785124
13.4253393665158
12.0121457489879
4.08115543328748
2967
13.4253393665158
8.52586206896552
13.5479452054795
13.4253393665158
27.9905660377358
40.6438356164384
41.7887323943662
47.8548387096774
51.1551724137931
10.7111913357401
7.912
43
7.89095744680851
7.89095744680851
13.0131578947368
6.85219399538106
10.4105263157895
17.4529411764706
15.9516129032258
15.2153846153846
15.8663101604278
13.3648648648649
13.2455357142857
17.6607142857143
17.5562130177515
9.82450331125828
593.4
17.6607142857143
15.8663101604278
9.72786885245902
17.5562130177515
43
35.7469879518072
47.8548387096774
989
15.3730569948187
10.7111913357401
13.6100917431193
10.1958762886598
16.6685393258427
16.125
17.25
17.5562130177515
17.25
17.25
1483.5
4.45495495495495
52.0526315789474
35.7469879518072
6.5352422907489
9.50961538461539
16.7627118644068
10.0576271186441
6.33974358974359
7.87002652519894
6.31276595744681
10.4105263157895
16.3021978021978
16.7627118644068
4.40861812778603
23
33.3370786516854
10.0576271186441
7.84920634920635
5.21441124780316
10.7111913357401
12.5189873417722
17.25
17.25
9.44904458598726
6.57871396895787
35.7469879518072
8.47714285714286
16.8579545454545
16.9542857142857
17.5562130177515
17.5562130177515
8.77810650887574
50.2881355932203
494.5
10.2310344827586
17.5562130177515
16.9542857142857
7.912
7.89095744680851
17.25
17.25
9.95637583892617
9.95637583892617
7.912
7.912
989
43
34.1034482758621
27.7289719626168
47.8548387096774
34.5
11.5447470817121
17.5562130177515
17.6607142857143
17.6607142857143
17.6607142857143
15.8663101604278
15.3730569948187
12.5189873417722
14.9095477386935
16.3922651933702
10.3020833333333
7.87002652519894
593.4
44.2835820895522
52.0526315789474
12.0121457489879
16.7627118644068
15.6157894736842
11.5447470817121
44.2835820895522
5.25132743362832
5.25132743362832
13.304932735426
10.4105263157895
15.2938144329897
16.8579545454545
5.56660412757974
9.60194174757282
16.3922651933702
7.912
16.7627118644068
7.76701570680628
7.84920634920635
593.4
593.4
8.77810650887574
48.6393442622951
35.7469879518072
494.5
15.8663101604278
43
16.4833333333333
17.25
4.55061349693251
4.51598173515982
4.53669724770642
3.99865229110512
3.56610576923077
4.02578018995929
4.52977099236641
5.08047945205479
141.285714285714
156.157894736842
129
7.32592592592593
9.10122699386503
129
7.32592592592593
9.271875
4.93677204658902
9.3596214511041
9.3596214511041
9.21428571428571
9.21428571428571
4.84803921568627
8.625
7.36228287841191
7.4735516372796
6.77397260273973
3.98790322580645
5.81764705882353
8.26462395543176
9.21428571428571
9.24299065420561
6.06748466257669
8.85671641791045
1483.5
1483.5
114.115384615385
8.2877094972067
7.4175
8.65014577259475
8.57514450867052
148.35
98.9
156.157894736842
5.91035856573705
9.3596214511041
9.21428571428571
8.77810650887574
8.85671641791045
5.1421143847487
5.16
8.67543859649123
4.52977099236641
8.55043227665706
5.15104166666667
6.50657894736842
8.625
8.625
7.36228287841191
9.41904761904762
9.18575851393189
8.77810650887574
8.70087976539589
7.4735516372796
9.41904761904762
9.15740740740741
8.70087976539589
9.44904458598726
5.12435233160622
8.24166666666667
3.2820796460177
129
5.91035856573705
5.91035856573705
5.56660412757974
7.21897810218978
3.69029850746269
9.33018867924528
3.18347639484979
123.625
9.44904458598726
9.18575851393189
8.6
8.625
5.08047945205479
5.10671256454389
5.10671256454389
8.90990990990991
5.15104166666667
8.72647058823529
5.1421143847487
9.10122699386503
8.65014577259475
8.70087976539589
4.54364471669219
4.52977099236641
9.21428571428571
9.3596214511041
8.65014577259475
8.6
7.21897810218978
3.52375296912114
123.625
156.157894736842
8.42897727272727
8.625
7.30788177339902
7.30788177339902
5.70576923076923
4.1966053748232
3.2820796460177
76.0769230769231
9.3596214511041
6.16839916839917
8.65014577259475
9.41904761904762
6.86805555555556
7.30788177339902
102.310344827586
156.157894736842
1483.5
4.53669724770642
23
25.1440677966102
33.3370786516854
12.8441558441558
11.367816091954
30.90625
32.25
33.7159090909091
26.0263157894737
23.1796875
26.7297297297297
28.8058252427184
32.25
32.25
370.875
593.4
29.3762376237624
30.2755102040816
31.2315789473684
9.57096774193548
11.5447470817121
21.9777777777778
30.5876288659794
29.3762376237624
29.0882352941176
11.5
11.367816091954
29.67
29.67
12.9563318777293
13.0704845814978
29.67
29.67
9.82450331125828
26.9727272727273
7.38059701492537
29.67
2967
34.9058823529412
2967
31.2315789473684
31.563829787234
31.2315789473684
29.67
9.57096774193548
2967
741.75
2967
29.67
29.67
21.9777777777778
29.67
8.45299145299145
8.47714285714286
11.2386363636364
14.835
15.2153846153846
30.2755102040816
9.92307692307692
7.43609022556391
2967
12.9563318777293
12.9563318777293
16.8579545454545
15.0609137055838
16.3021978021978
15.2153846153846
8.45299145299145
9.75986842105263
9.95637583892617
9.92307692307692
15.2153846153846
989
15.6157894736842
16.3021978021978
27.4722222222222
29.969696969697
16.5754189944134
14.835
14.4731707317073
14.4029126213592
12.9563318777293
9.95637583892617
11.4115384615385
11.5
15.0609137055838
29.969696969697
29.969696969697
28.8058252427184
9.63311688311688
31.9032258064516
31.9032258064516
32.9666666666667
32.25
23.3622047244094
32.6043956043956
14.1285714285714
16.5754189944134
423.857142857143
593.4
11.9156626506024
30.90625
29.67
29.67
9.82450331125828
741.75
11.5447470817121
23.3622047244094
30.90625
23.3622047244094
32.6043956043956
34.5
24.5206611570248
34.5
30.5876288659794
14.2644230769231
15.1377551020408
16.3021978021978
11.0297397769517
7.38059701492537
12.7887931034483
593.4
16.5754189944134
14.615763546798
12.7887931034483
26.9727272727273
12.2098765432099
15.781914893617
26.9727272727273
9.92307692307692
14.615763546798
15.2938144329897
32.9666666666667
32.25
31.9032258064516
31.9032258064516
593.4
2967
12.4663865546218
9.66449511400651
14.9095477386935
593.4
4.67981072555205
41.7887323943662
5.98185483870968
12.5189873417722
12.7339055793991
12.9563318777293
3.72271016311167
4.14385474860335
23
19.2662337662338
12.9563318777293
4.16713483146067
4.66509433962264
38.5324675324675
30.5876288659794
593.4
4.16129032258065
6.86805555555556
741.75
10.9080882352941
13.2455357142857
12.4663865546218
11.9156626506024
12.4142259414226
4.14385474860335
3.72271016311167
12.4142259414226
4.66509433962264
13.0131578947368
12.5189873417722
12.5720338983051
12.4142259414226
12.5189873417722
10.8284671532847
39.0394736842105
35.3214285714286
741.75
29.3762376237624
11.868
9.85714285714286
12.4142259414226
12.3625
12.4142259414226
12.3625
12.4142259414226
12.3625
2967
12.4142259414226
36.1829268292683
10.7890909090909
35.7469879518072
10.2310344827586
11.7738095238095
13.0131578947368
11.2813688212928
12.4142259414226
37.0875
10.8284671532847
11.9637096774194
12.9
12.5720338983051
12.5189873417722
10.9080882352941
27.2201834862385
12.4663865546218
12.4142259414226
12.3625
7.99730458221024
12.1102040816327
13.0131578947368
12.4142259414226
38.5324675324675
35.3214285714286
12.8441558441558
9.75986842105263
12.5720338983051
39.56
29.969696969697
23.1796875
12.8441558441558
8.96374622356496
2967
3.70411985018727
593.4
12.6255319148936
12.3625
10.7890909090909
3.34498308906426
12.3625
9.30094043887147
12.7339055793991
11.4555984555985
11.5
12.4142259414226
12.5189873417722
3.72271016311167
423.857142857143
35.3214285714286
36.6296296296296
10.1262798634812
9.66449511400651
12.0121457489879
16.3021978021978
12.5720338983051
10.8681318681319
22.6488549618321
31.563829787234
36.1829268292683
39.0394736842105
30.2755102040816
21.8161764705882
12.5189873417722
12.3625
494.5
593.4
12.9563318777293
494.5
5.81764705882353
5.26998223801066
989
23.736
26.0263157894737
12.4142259414226
40.6438356164384
9.01823708206687
4.16713483146067
29.67
12.3625
12.3112033195021
12.4663865546218
12.5720338983051
10.1609589041096
12.9
10.0918367346939
13.0131578947368
9.47923322683706
593.4
1.77346084877466
2.46633416458853
4.44827586206897
4.45495495495495
1.64467849223947
2.26488549618321
1.91790562378798
2.70464904284412
2.94637537239325
4.59287925696594
3.58333333333333
3.18347639484979
4.62870514820593
4.02032520325203
3.44599303135888
2.58900523560209
2.58900523560209
741.75
2.34175217048145
4.45495495495495
4.78548387096774
3.13305174234424
4.66509433962264
2.6875
2.08064516129032
2.6875
2.68506787330317
2.6875
3.32996632996633
3.83333333333333
4.30624092888244
4.70206022187005
4.30624092888244
4.79321486268174
4.44827586206897
3.73207547169811
2.6875
593.4
2.13914924297044
4.41517857142857
3.30769230769231
2967
741.75
2.36038186157518
4.02578018995929
2.90029325513196
2.46224066390042
2.36038186157518
2.85288461538462
3.13305174234424
4.6
4.45495495495495
4.78548387096774
4.30624092888244
3.72271016311167
4.41517857142857
3.11332633788038
3.11332633788038
4.41517857142857
4.41517857142857
4.41517857142857
2.83381088825215
3.4661214953271
4.41517857142857
4.41517857142857
3.69489414694894
4.22048364153627
4.41517857142857
4.70206022187005
4.7472
4.41517857142857
4.45495495495495
4.6359375
2.58900523560209
2.59126637554585
2.59126637554585
2.34175217048145
2.14069264069264
741.75
3.83333333333333
2967
1.75666074600355
2.06184850590688
4.59287925696594
4.79321486268174
2967
3.14968152866242
3.82345360824742
4.6
3.3677639046538
4.42835820895522
3.20064724919094
2.6875
2.67297297297297
2.25284738041002
2.4725
2.06615598885794
1.75666074600355
2.59126637554585
2.34175217048145
2.70464904284412
1.90192307692308
2.73456221198157
3.60510328068044
4.7472
2.68506787330317
4.7472
2.46633416458853
2967
2.94053518334985
2.6875
3.72271016311167
3.32996632996633
4.43497757847534
4.41517857142857
3.20064724919094
4.43497757847534
2.85838150289017
1.95454545454545
4.23857142857143
2.3547619047619
2.35289452815226
4.25681492109039
4.65047021943574
4.7472
4.41517857142857
4.41517857142857
3.10031347962382
2.67297297297297
4.00945945945946
3.81853281853282
4.73961661341853
4.43497757847534
4.71701112877583
4.41517857142857
4.71701112877583
2.83381088825215
4.65047021943574
4.66509433962264
4.41517857142857
2.42401960784314
2.83381088825215
2.85288461538462
9.79207920792079
44.9545454545455
37.0875
17.9818181818182
2967
19.6490066225166
47.8548387096774
20.1836734693878
52.9821428571429
11.1123595505618
8.6
20.1836734693878
17.25
34.1034482758621
20.1836734693878
17.7664670658683
20.7482517482517
19.78
17.9818181818182
52.9821428571429
12.5189873417722
20.1836734693878
20.4620689655172
15.8663101604278
8.67543859649123
9.75986842105263
20.4620689655172
494.5
20.1836734693878
494.5
494.5
9.82450331125828
16.2131147540984
21.3453237410072
21.3453237410072
17.7664670658683
40.0945945945946
2967
33.7159090909091
17.9818181818182
20.4620689655172
15.8663101604278
14.1285714285714
14.5441176470588
17.9818181818182
54.9444444444444
36.1829268292683
370.875
47.0952380952381
9.75986842105263
45.6461538461538
15.8663101604278
20.1836734693878
18.0914634146341
29.969696969697
423.857142857143
20.1836734693878
20.4620689655172
8.625
494.5
12.9563318777293
50.2881355932203
43.6323529411765
27.7289719626168
17.7664670658683
20.1836734693878
40.6438356164384
8.67543859649123
44.9545454545455
43.6323529411765
17.9818181818182
11.868
28.5288461538462
44.2835820895522
17.7664670658683
14.1285714285714
17.25
423.857142857143
44.9545454545455
80.1891891891892
87.2647058823529
2967
211.928571428571
989
211.928571428571
164.833333333333
269.727272727273
78.0789473684211
78.0789473684211
84.7714285714286
114.115384615385
174.529411764706
2967
185.4375
84.7714285714286
84.7714285714286
84.7714285714286
105.964285714286
134.863636363636
105.964285714286
164.833333333333
2967
2967
65.9333333333333
72.3658536585366
76.0769230769231
72.3658536585366
72.3658536585366
105.964285714286
197.8
197.8
197.8
84.7714285714286
87.2647058823529
105.964285714286
76.0769230769231
247.25
72.3658536585366
228.230769230769
228.230769230769
69
134.863636363636
87.2647058823529
82.4166666666667
87.2647058823529
1483.5
105.964285714286
89.9090909090909
247.25
84.7714285714286
87.2647058823529
76.0769230769231
247.25
72.3658536585366
2967
87.2647058823529
84.7714285714286
84.7714285714286
72.3658536585366
84.7714285714286
211.928571428571
82.4166666666667
989
148.35
174.529411764706
64.5
2967
211.928571428571
69
134.863636363636
70.6428571428571
87.2647058823529
174.529411764706
2967
197.8
123.625
102.310344827586
174.529411764706
87.2647058823529
87.2647058823529
2967
228.230769230769
269.727272727273
269.727272727273
70.6428571428571
174.529411764706
52.9821428571429
52.9821428571429
148.35
197.8
54.9444444444444
43.6323529411765
228.230769230769
53.9454545454545
185.4375
174.529411764706
174.529411764706
60.5510204081633
61.8125
247.25
156.157894736842
52.9821428571429
40.0945945945946
37.0875
197.8
370.875
174.529411764706
211.928571428571
55.9811320754717
60.5510204081633
156.157894736842
494.5
174.529411764706
31.9032258064516
31.9032258064516
60.5510204081633
53.9454545454545
2967
247.25
24.725
59.34
55.9811320754717
269.727272727273
228.230769230769
423.857142857143
228.230769230769
494.5
63.1276595744681
54.9444444444444
60.5510204081633
174.529411764706
247.25
37.0875
27.7289719626168
148.35
70.6428571428571
164.833333333333
129
228.230769230769
211.928571428571
247.25
2967
53.9454545454545
423.857142857143
269.727272727273
228.230769230769
54.9444444444444
53.9454545454545
197.8
51.1551724137931
494.5
494.5
228.230769230769
