1.34816312774e-05
1.34816312774e-05
0.000141557128413
0.000141557128413
8.08897876643e-05
0.000182002022245
0.00117290192113
8.08897876643e-05
0.00010111223458
0.000121334681496
0.00010111223458
0.000546006066734
0.000141557128413
0.000141557128413
8.08897876643e-05
6.06673407482e-05
0.000121334681496
0.000121334681496
0.000161779575329
0.000202224469161
0.000768452982811
0.000808897876643
0.00115267947422
0.00119312436805
4.04448938322e-05
0.000182002022245
0.000161779575329
8.08897876643e-05
8.08897876643e-05
8.08897876643e-05
0.000808897876643
0.00010111223458
8.08897876643e-05
0.000323559150657
0.000364004044489
0.00010111223458
0.00010111223458
0.000748230535895
0.00117290192113
0.0011324570273
0.000829120323559
0.000829120323559
0.000808897876643
0.000606673407482
0.000970677451972
0.000990899898888
0.000950455005056
0.000910010111223
8.08897876643e-05
8.08897876643e-05
2.02224469161e-05
4.04448938322e-05
0.000141557128413
0.000242669362993
0.000222446916077
0.000343781597573
0.00010111223458
0.000141557128413
0.000262891809909
0.000364004044489
0.000970677451972
0.000222446916077
0.000182002022245
0.000910010111223
0.00111223458038
0.000222446916077
0.000141557128413
0.000182002022245
0.000161779575329
0.000121334681496
0.000364004044489
0.00111223458038
0.00121334681496
0.000869565217391
0.00121334681496
0.00093023255814
0.000121334681496
0.000161779575329
0.000182002022245
2.02224469161e-05
0.00115267947422
0.00107178968655
0.00107178968655
0.000222446916077
0.000647118301314
0.000323559150657
0.000323559150657
0.00010111223458
0.000343781597573
0.000202224469161
0.000262891809909
0.000303336703741
0.000323559150657
0.000970677451972
0.00105156723964
6.06673407482e-05
0.000748230535895
0.000121334681496
0.000222446916077
0.00010111223458
0.000950455005056
0.00117290192113
0.000222446916077
0.000990899898888
0.000262891809909
2.02224469161e-05
8.08897876643e-05
0.000202224469161
0.000364004044489
0.000869565217391
0.000323559150657
0.00093023255814
0.000303336703741
0.000121334681496
0.000323559150657
0.00010111223458
0.000182002022245
4.04448938322e-05
0.000970677451972
0.00105156723964
0.000869565217391
0.000161779575329
8.08897876643e-05
0.000849342770475
0.000869565217391
0.000202224469161
0.00117290192113
0.000323559150657
0.000829120323559
0.00115267947422
0.000222446916077
0.000323559150657
0.000910010111223
0.00119312436805
2.02224469161e-05
0.000444893832154
0.000970677451972
0.000748230535895
0.000788675429727
0.00103134479272
2.02224469161e-05
2.02224469161e-05
0.00111223458038
0.00111223458038
0.00121334681496
0.000990899898888
0.000647118301314
0.000707785642063
0.000182002022245
0.000202224469161
0.000343781597573
4.04448938322e-05
0.000161779575329
0.000687563195147
0.00115267947422
0.00111223458038
0.000182002022245
0.000247163240085
0.000543759128188
0.000568475452196
0.000123581620043
7.41489720256e-05
0.000148297944051
0.00108751825638
0.000330299966296
0.000370744860128
0.000123581620043
0.000123581620043
2.47163240085e-05
0.000197730592068
0.000355016290304
0.000247163240085
9.88652960342e-05
0.00108751825638
0.00106280193237
0.000275249971913
0.00106280193237
0.000123581620043
0.000321312212111
0.000543759128188
4.94326480171e-05
0.000939220312324
0.000963936636333
0.000123581620043
0.000214582631165
0.000123581620043
0.00111223458038
0.000123581620043
0.000519042804179
0.000420177508145
0.000420177508145
0.000963936636333
0.000321312212111
0.00108751825638
0.00108751825638
0.00106280193237
0.000296595888102
0.00103808560836
0.00103808560836
0.00106280193237
0.00108751825638
9.88652960342e-05
0.000123581620043
0.00106280193237
0.00118638355241
0.000988652960342
0.00103808560836
0.000123581620043
0.000692057072239
7.41489720256e-05
7.41489720256e-05
0.000355016290304
2.47163240085e-05
7.41489720256e-05
7.41489720256e-05
0.000379732614313
0.000197730592068
0.000275249971913
0.000280867318279
0.000222446916077
2.47163240085e-05
0.00108751825638
0.00084035501629
0.000123581620043
0.00106280193237
0.00118638355241
4.94326480171e-05
0.00108751825638
0.000247163240085
0.000299966295922
2.47163240085e-05
0.000370744860128
7.41489720256e-05
0.000395461184137
0.000271879564094
0.00106280193237
0.000123581620043
0.000330299966296
0.00103808560836
0.00106280193237
0.00106280193237
0.000247163240085
0.00106280193237
0.00106280193237
0.00108751825638
0.00106280193237
0.00106280193237
0.00108751825638
0.00106280193237
0.000247163240085
2.47163240085e-05
0.00101336928435
0.00108751825638
0.00106280193237
0.00108751825638
0.00084035501629
9.88652960342e-05
0.000355016290304
0.000271879564094
7.41489720256e-05
0.000395461184137
0.000519042804179
0.0011616672284
0.000321312212111
0.000433659139423
2.47163240085e-05
0.000123581620043
9.88652960342e-05
0.000543759128188
0.000543759128188
0.000222446916077
0.000469610156162
0.000370744860128
0.000444893832154
0.000321312212111
0.00034602853612
0.000469610156162
0.000543759128188
0.000519042804179
0.000543759128188
0.000395461184137
0.000494326480171
0.000420177508145
0.000543759128188
0.000543759128188
0.000123581620043
0.00106280193237
0.00025615099427
0.000420177508145
0.000379732614313
0.000379732614313
0.00108751825638
0.000247163240085
0.000469610156162
0.00108751825638
0.000543759128188
0.000494326480171
0.000494326480171
0.000469610156162
0.000395461184137
0.000543759128188
0.000123581620043
0.000247163240085
0.000543759128188
0.000123581620043
0.000168520390967
0.000449387709246
0.000505561172902
0.000224693854623
0.00053364790473
0.000140433659139
0.000674081563869
0.000730255027525
5.61734636558e-05
0.000140433659139
0.000674081563869
8.42601954837e-05
0.000589821368386
0.000617908100213
0.000589821368386
0.000280867318279
0.000308954050107
0.000758341759353
2.80867318279e-05
0.00053364790473
0.000140433659139
8.42601954837e-05
0.000112346927312
0.000674081563869
2.80867318279e-05
0.000280867318279
0.000280867318279
0.000280867318279
0.000280867318279
0.000308954050107
0.00039321424559
0.000252780586451
0.000421300977418
0.000617908100213
0.000617908100213
0.000140433659139
0.000702168295697
0.000730255027525
0.000168520390967
0.000224693854623
0.000140433659139
8.42601954837e-05
0.000280867318279
0.000224693854623
0.000252780586451
0.000168520390967
0.000449387709246
0.000561734636558
0.000365127513762
0.000112346927312
0.000702168295697
0.00053364790473
0.000561734636558
0.000617908100213
0.000674081563869
5.61734636558e-05
0.000224693854623
0.000196607122795
0.000140433659139
0.000252780586451
0.000308954050107
0.000702168295697
0.000645994832041
0.000337040781935
0.000702168295697
0.000702168295697
0.000730255027525
0.000280867318279
8.42601954837e-05
0.000168520390967
0.000196607122795
0.000674081563869
0.000730255027525
0.000168520390967
0.000617908100213
0.000589821368386
2.80867318279e-05
0.000589821368386
0.000758341759353
0.000112346927312
0.000140433659139
0.000140433659139
0.000252780586451
5.61734636558e-05
0.000112346927312
0.000140433659139
0.000112346927312
0.000112346927312
0.000702168295697
0.000589821368386
0.000280867318279
0.000196607122795
0.000196607122795
0.000196607122795
0.000674081563869
8.42601954837e-05
8.42601954837e-05
0.000140433659139
0.000252780586451
0.000196607122795
0.000140433659139
0.000112346927312
0.000645994832041
0.000168520390967
0.000589821368386
0.000702168295697
0.000168520390967
0.000252780586451
0.000168520390967
0.000224693854623
5.61734636558e-05
0.000252780586451
0.000224693854623
0.000702168295697
0.000196607122795
0.000674081563869
0.000224693854623
0.000252780586451
0.000308954050107
2.80867318279e-05
0.000645994832041
0.000449387709246
0.00039321424559
0.000505561172902
0.000674081563869
0.000674081563869
0.000252780586451
0.00053364790473
0.000421300977418
0.000112346927312
2.80867318279e-05
0.000477474441074
0.000861925626334
0.00107740703292
0.00027704752275
0.000246264464667
0.001108190091
0.001108190091
0.000153915290417
0.000215481406584
0.000215481406584
0.0001846983485
0.00027704752275
0.000153915290417
0.00027704752275
0.000153915290417
0.000153915290417
0.000123132232333
0.000923491742501
0.000307830580834
0.000123132232333
9.23491742501e-05
3.07830580834e-05
0.000307830580834
9.23491742501e-05
0.000769576452084
0.000985057858668
0.000831142568251
0.000153915290417
0.00027704752275
0.001108190091
0.001108190091
0.00107740703292
0.000492528929334
3.07830580834e-05
0.000923491742501
0.001108190091
0.0001846983485
0.000554095045501
6.15661161667e-05
9.23491742501e-05
0.000985057858668
0.000923491742501
0.000584878103584
0.000646444219751
0.000246264464667
0.00046174587125
0.000338613638917
6.15661161667e-05
0.00107740703292
0.000369396697
0.000307830580834
0.000923491742501
0.000923491742501
0.000831142568251
0.000338613638917
3.07830580834e-05
0.000123132232333
0.000246264464667
0.000153915290417
0.000400179755084
0.000246264464667
0.000215481406584
0.00104662397483
0.00027704752275
0.000246264464667
0.000246264464667
0.000954274800584
0.000923491742501
3.07830580834e-05
0.000246264464667
0.000861925626334
0.000246264464667
0.000123132232333
0.0001846983485
0.000892708684417
0.000985057858668
0.0001846983485
0.0001846983485
0.000307830580834
9.23491742501e-05
0.000307830580834
0.000153915290417
0.000307830580834
6.15661161667e-05
0.000153915290417
0.000338613638917
0.000307830580834
0.000338613638917
0.000307830580834
0.00027704752275
0.000215481406584
9.23491742501e-05
0.000954274800584
0.000246264464667
0.00027704752275
0.000215481406584
0.0001846983485
0.000400179755084
0.000831142568251
0.000923491742501
0.000923491742501
0.000985057858668
0.000646444219751
0.000646444219751
0.000246264464667
0.000153915290417
0.000153915290417
0.000215481406584
6.15661161667e-05
6.15661161667e-05
0.000246264464667
0.000831142568251
0.000396359959555
0.000462419952814
0.000165149983148
0.000165149983148
0.000297269969666
0.000363329962926
0.00105695989215
0.000165149983148
0.00102392989552
0.000198179979778
0.000429389956185
0.000429389956185
0.000132119986518
0.000297269969666
9.90899898888e-05
0.000462419952814
0.000396359959555
0.000363329962926
0.000429389956185
0.000198179979778
0.000429389956185
0.000462419952814
0.000198179979778
0.000165149983148
0.000165149983148
0.000198179979778
3.30299966296e-05
3.30299966296e-05
0.00112301988541
6.60599932592e-05
0.000264239973037
6.60599932592e-05
6.60599932592e-05
0.000297269969666
0.00102392989552
0.00102392989552
0.000231209976407
0.000363329962926
0.00112301988541
0.000957869902258
0.00112301988541
0.00115604988204
0.000297269969666
0.000858779912369
0.000198179979778
0.000165149983148
0.000363329962926
0.00102392989552
0.000462419952814
0.000198179979778
0.000297269969666
0.000891809908999
9.90899898888e-05
0.000990899898888
0.000594539939333
0.00105695989215
0.00105695989215
0.000198179979778
0.000495449949444
3.30299966296e-05
3.30299966296e-05
9.90899898888e-05
0.000165149983148
0.000198179979778
0.000330299966296
0.000330299966296
0.000396359959555
0.000330299966296
0.000297269969666
0.000297269969666
0.000297269969666
0.00105695989215
0.00102392989552
3.30299966296e-05
0.00112301988541
0.000297269969666
0.00105695989215
0.000957869902258
0.000990899898888
0.000231209976407
6.60599932592e-05
0.00112301988541
0.000594539939333
0.000561509942703
0.000231209976407
0.000198179979778
0.000165149983148
0.000165149983148
0.00105695989215
0.00105695989215
0.000198179979778
0.000297269969666
0.000396359959555
0.000396359959555
0.00102392989552
0.00112301988541
0.000396359959555
0.000396359959555
0.000231209976407
0.00112301988541
0.000363329962926
0.000330299966296
0.000231209976407
0.000297269969666
0.000594539939333
0.000297269969666
0.00108998988878
0.00112301988541
0.000924839905629
0.00105695989215
0.00112301988541
0.000349559439549
0.00118850209447
0.00013982377582
0.00013982377582
0.000314603495594
0.000349559439549
0.00013982377582
0.000419471327459
0.000104867831865
0.000664162935144
0.00132832587029
0.0013982377582
0.000489383215369
0.000454427271414
0.000104867831865
0.0013982377582
0.00013982377582
0.0013982377582
0.000279647551639
0.000454427271414
0.00118850209447
0.00122345803842
0.0013982377582
0.0013982377582
3.49559439549e-05
0.000104867831865
0.000104867831865
0.000489383215369
0.000244691607685
0.00013982377582
0.000594251047234
0.000978766430738
0.000734074823054
0.00146814964611
0.00129336992633
0.00146814964611
0.000419471327459
0.000384515383504
0.000349559439549
0.000419471327459
0.0013982377582
0.0013982377582
0.000419471327459
0.00132832587029
0.000419471327459
0.000244691607685
0.00104867831865
0.00020973566373
0.000489383215369
0.000524339159324
0.00132832587029
0.00150310559006
0.00020973566373
3.49559439549e-05
0.000384515383504
0.000174779719775
0.00013982377582
0.000244691607685
6.99118879099e-05
0.00136328181424
0.00150310559006
0.00146814964611
0.00122345803842
0.000314603495594
0.000314603495594
0.0013982377582
0.00150310559006
0.00136328181424
0.0013982377582
0.00118850209447
0.0013982377582
0.000419471327459
6.99118879099e-05
0.000419471327459
0.000349559439549
0.000349559439549
0.00013982377582
0.000419471327459
0.000419471327459
0.00146814964611
0.00146814964611
0.00146814964611
0.000419471327459
6.99118879099e-05
0.000314603495594
0.00129336992633
0.000314603495594
0.000419471327459
0.00150310559006
3.49559439549e-05
6.99118879099e-05
6.99118879099e-05
0.000419471327459
0.000349559439549
0.00136328181424
0.00136328181424
0.000978766430738
0.00013982377582
0.000349559439549
0.000699118879099
0.0013982377582
0.000174779719775
0.000174779719775
0.00020973566373
0.000174779719775
0.00013982377582
0.000314603495594
0.000349559439549
0.00020973566373
0.00020973566373
0.000489383215369
0.0013982377582
0.0013982377582
0.00132832587029
3.49559439549e-05
0.000349559439549
0.00013982377582
0.00013982377582
0.000454427271414
0.000219846887188
0.000183205739323
3.66411478646e-05
0.000293129182917
0.00172213394964
0.000293129182917
7.32822957292e-05
0.00205190428042
0.00205190428042
0.00168549280177
7.32822957292e-05
0.00205190428042
0.00205190428042
0.00205190428042
0.00205190428042
0.00194198083682
0.0017587750975
0.000109923443594
0.00157556935818
0.00157556935818
0.000183205739323
0.000366411478646
3.66411478646e-05
0.000183205739323
0.00208854542828
0.00208854542828
0.000219846887188
0.000439693774375
0.000219846887188
0.00205190428042
0.00208854542828
0.000403052626511
0.000183205739323
0.000366411478646
0.000439693774375
0.000293129182917
0.000366411478646
0.000146564591458
0.00157556935818
0.00205190428042
0.000366411478646
0.000219846887188
0.000219846887188
0.00153892821031
0.000403052626511
0.00139236361886
0.000183205739323
0.0017587750975
0.000146564591458
0.00197862198469
0.00205190428042
0.00208854542828
0.000183205739323
0.00179541624537
0.000109923443594
0.000293129182917
0.000366411478646
0.000183205739323
0.000329770330781
0.000109923443594
0.000329770330781
0.000806105253021
0.00146564591458
7.32822957292e-05
0.000109923443594
0.000146564591458
0.000219846887188
0.000366411478646
0.000109923443594
0.000366411478646
3.66411478646e-05
0.0017587750975
0.00201526313255
0.000109923443594
0.000183205739323
0.00205190428042
0.000403052626511
0.00186869854109
0.000219846887188
0.000219846887188
0.00201526313255
0.000183205739323
0.000293129182917
0.000329770330781
0.000293129182917
0.00208854542828
0.000329770330781
0.00201526313255
0.000366411478646
7.32822957292e-05
0.000366411478646
0.000293129182917
3.66411478646e-05
0.000183205739323
0.000403052626511
0.000183205739323
0.000219846887188
0.000146564591458
0.000109923443594
0.000183205739323
0.00153892821031
0.00164885165391
0.00197862198469
0.00205190428042
0.00205190428042
3.66411478646e-05
0.00205190428042
0.00157556935818
0.000366411478646
0.00142900476672
0.000366411478646
0.00205190428042
0.000293129182917
7.32822957292e-05
0.00150228706245
0.000769464105157
0.00190533968896
0.00161221050604
0.00183205739323
0.00197862198469
0.000109923443594
7.32822957292e-05
0.00190533968896
0.00164885165391
0.00205190428042
0.00179541624537
0.00168549280177
0.0017587750975
0.00197862198469
0.00205190428042
0.00186869854109
0.00205190428042
0.00106789499307
0.00205951177235
0.00152556427582
0.000533947496536
0.000305112855163
0.000343251962059
0.000495808389641
0.00041953017585
0.00106789499307
7.62782137909e-05
7.62782137909e-05
0.000114417320686
0.00198323355856
0.00190695534477
7.62782137909e-05
0.00198323355856
0.00202137266546
0.0016399815965
0.00152556427582
0.00194509445167
0.00091533856549
0.0016781207034
0.00160184248961
0.00202137266546
0.0016781207034
7.62782137909e-05
7.62782137909e-05
0.00183067713098
3.81391068954e-05
0.000190695534477
0.000305112855163
0.000839060351699
0.00202137266546
0.000343251962059
0.000114417320686
0.000266973748268
0.000266973748268
0.000190695534477
0.000190695534477
7.62782137909e-05
0.000114417320686
0.00198323355856
0.00141114695513
0.00152556427582
0.00133486874134
0.000152556427582
0.000266973748268
0.000266973748268
0.00179253802409
0.000343251962059
0.000190695534477
0.000343251962059
0.000381391068954
0.0016399815965
0.00183067713098
0.00160184248961
3.81391068954e-05
7.62782137909e-05
3.81391068954e-05
0.000381391068954
0.00118231231376
0.00148742516892
0.0016399815965
0.0016781207034
0.00179253802409
0.00179253802409
0.0016781207034
0.000610225710327
0.00156370338271
7.62782137909e-05
0.000305112855163
0.00179253802409
0.00205951177235
0.00202137266546
0.00152556427582
0.000190695534477
0.00148742516892
7.62782137909e-05
0.00202137266546
0.000190695534477
0.000190695534477
0.000266973748268
0.000266973748268
0.00102975588618
0.000533947496536
0.000343251962059
0.000343251962059
0.00141114695513
0.00125859052755
0.00152556427582
0.00160184248961
0.00198323355856
0.00202137266546
0.00205951177235
0.00202137266546
0.00148742516892
0.00102975588618
7.62782137909e-05
0.0016399815965
3.81391068954e-05
0.000152556427582
0.000305112855163
0.000266973748268
0.00152556427582
0.00152556427582
0.000152556427582
0.000343251962059
0.00194509445167
0.000839060351699
0.000228834641373
0.000610225710327
0.00152556427582
7.62782137909e-05
0.000305112855163
0.000343251962059
0.000305112855163
3.81391068954e-05
0.000114417320686
0.000190695534477
0.00041953017585
0.000152556427582
0.000266973748268
0.000152556427582
0.00186881623788
3.81391068954e-05
7.62782137909e-05
0.000266973748268
0.000266973748268
0.00106789499307
0.00144928606203
0.000190695534477
0.000190695534477
7.62782137909e-05
0.00129672963444
0.000513334510301
0.000552821780324
0.00122410537072
7.89745400463e-05
0.00122410537072
0.00114513083067
0.00150051626088
0.000552821780324
0.000552821780324
0.000315898160185
0.000355385430208
0.000355385430208
0.000552821780324
0.000829232670486
0.00150051626088
0.00138205445081
0.00138205445081
0.00114513083067
0.000355385430208
0.000118461810069
0.000394872700232
0.00114513083067
0.00114513083067
0.00122410537072
0.000118461810069
3.94872700232e-05
0.00130307991076
0.00086871994051
0.00086871994051
0.000118461810069
7.89745400463e-05
0.00122410537072
0.000394872700232
0.000118461810069
7.89745400463e-05
3.94872700232e-05
3.94872700232e-05
0.000513334510301
0.000631796320371
0.000197436350116
0.000434359970255
0.000197436350116
0.000355385430208
0.000434359970255
0.000473847240278
0.000631796320371
0.000631796320371
0.000434359970255
0.00122410537072
0.00126359264074
0.000197436350116
0.000394872700232
0.000355385430208
0.00122410537072
0.000434359970255
0.000157949080093
0.000434359970255
0.000118461810069
0.000829232670486
0.00075025813044
0.00110564356065
0.00138205445081
0.000118461810069
0.000157949080093
0.000118461810069
0.000434359970255
0.000552821780324
0.000197436350116
0.000394872700232
0.000197436350116
0.000157949080093
0.000236923620139
0.000236923620139
0.000157949080093
0.000552821780324
0.00110564356065
0.000118461810069
0.00126359264074
0.000118461810069
0.00122410537072
0.00118461810069
0.00150051626088
0.000829232670486
0.000276410890162
0.000118461810069
7.89745400463e-05
3.94872700232e-05
0.000118461810069
0.000157949080093
0.000118461810069
0.000829232670486
0.00138205445081
0.00138205445081
0.000473847240278
0.000513334510301
0.000355385430208
7.89745400463e-05
0.00122410537072
0.00122410537072
0.00118461810069
0.000118461810069
7.89745400463e-05
7.89745400463e-05
0.000394872700232
0.00150051626088
0.000157949080093
0.000434359970255
0.000236923620139
0.000355385430208
0.000473847240278
0.00146102899086
0.00130307991076
0.000552821780324
0.00075025813044
0.000118461810069
0.000118461810069
0.000355385430208
0.000203564364333
0.000203564364333
0.000203564364333
8.14257457331e-05
0.000284990110066
0.000325702982933
0.000895683203064
0.000895683203064
0.000325702982933
0.00162851491466
0.0015878020418
0.0013435248046
0.0001221386186
0.000366415855799
0.000244277237199
0.000407128728666
0.0001221386186
0.00166922778753
0.00162851491466
0.000284990110066
0.00150637629606
0.000203564364333
8.14257457331e-05
0.000488554474399
0.000203564364333
0.000895683203064
0.000203564364333
0.000610693092998
0.000203564364333
0.000447841601532
0.000366415855799
0.0010992475674
0.000203564364333
0.000244277237199
0.00175065353326
0.00118067331313
0.000325702982933
0.000203564364333
0.000244277237199
0.000203564364333
0.000325702982933
0.00179136640613
0.00154708916893
0.000488554474399
0.000325702982933
0.000162851491466
0.000203564364333
0.000203564364333
4.07128728666e-05
0.00162851491466
0.00175065353326
0.0017099406604
0.000203564364333
0.000244277237199
8.14257457331e-05
4.07128728666e-05
0.000203564364333
0.000244277237199
0.000244277237199
0.000854970330198
0.000854970330198
0.000244277237199
0.0014656634232
0.000162851491466
4.07128728666e-05
0.000407128728666
0.000447841601532
0.000284990110066
0.000244277237199
0.00118067331313
0.0010992475674
0.0017099406604
0.00113996044026
0.000366415855799
0.000162851491466
0.000325702982933
0.000366415855799
0.00166922778753
0.0017099406604
0.000244277237199
0.0001221386186
0.001221386186
0.000162851491466
0.0001221386186
0.000284990110066
0.000162851491466
0.000203564364333
0.000162851491466
0.00118067331313
0.0015878020418
0.00166922778753
0.00138423767746
0.00175065353326
0.0001221386186
0.0014656634232
8.14257457331e-05
0.000977108948798
0.0001221386186
4.07128728666e-05
0.0015878020418
0.000284990110066
0.00142495055033
0.00162851491466
0.000325702982933
4.07128728666e-05
8.14257457331e-05
0.00118067331313
0.000529267347265
0.00175065353326
0.00154708916893
0.0017099406604
0.0017099406604
0.00162851491466
0.00154708916893
0.000407128728666
0.0017099406604
0.000936396075931
0.00175065353326
4.07128728666e-05
4.07128728666e-05
0.000936396075931
0.000407128728666
0.00113996044026
0.00101782182166
0.000251018052838
0.000627545132095
0.000460199763536
0.000460199763536
0.000125509026419
8.36726842794e-05
0.000376527079257
0.00188263539629
0.00179896271201
0.00184079905415
0.00188263539629
0.000167345368559
0.000292854394978
0.000460199763536
0.000251018052838
0.00175712636987
0.00184079905415
0.00175712636987
0.00188263539629
0.000167345368559
0.00184079905415
0.00188263539629
0.000418363421397
0.00100407221135
8.36726842794e-05
4.18363421397e-05
0.00117141757991
0.00184079905415
0.000711217816375
0.00175712636987
0.000292854394978
8.36726842794e-05
0.00184079905415
0.00158978100131
0.000711217816375
0.000543872447816
0.000334690737117
0.000125509026419
0.000543872447816
0.000376527079257
0.000209181710698
0.000125509026419
0.00167345368559
0.00184079905415
0.00184079905415
0.000251018052838
0.000418363421397
0.000209181710698
4.18363421397e-05
0.00188263539629
0.000251018052838
0.000167345368559
0.000209181710698
0.000334690737117
0.000543872447816
0.000502036105676
0.00179896271201
0.00188263539629
0.00188263539629
0.00163161734345
0.000627545132095
0.000627545132095
0.00175712636987
0.000125509026419
0.00163161734345
0.000125509026419
0.00179896271201
0.00184079905415
8.36726842794e-05
8.36726842794e-05
0.000418363421397
0.000418363421397
0.000334690737117
0.00184079905415
0.00184079905415
0.00192447173843
0.00184079905415
0.000167345368559
0.000292854394978
0.000209181710698
0.000167345368559
0.000669381474235
0.000502036105676
0.000543872447816
0.000543872447816
0.000418363421397
0.00175712636987
0.000460199763536
0.000543872447816
8.36726842794e-05
0.00188263539629
0.000543872447816
0.000292854394978
0.00184079905415
4.18363421397e-05
0.00188263539629
0.00184079905415
0.00158978100131
0.00158978100131
0.00184079905415
0.00184079905415
0.00121325392205
0.00184079905415
0.000418363421397
0.000460199763536
0.00175712636987
0.00188263539629
0.000251018052838
0.000418363421397
0.000460199763536
0.000334690737117
4.18363421397e-05
0.000251018052838
0.000251018052838
0.000167345368559
0.000167345368559
0.00192447173843
4.18363421397e-05
0.000334690737117
4.28733906995e-05
0.000986087986088
0.00137194850238
0.000900341204689
0.000986087986088
0.00115758154889
0.000428733906995
0.000385860516295
0.00085746781399
0.000342987125596
0.000214366953497
0.00137194850238
0.000300113734896
0.000342987125596
0.000214366953497
0.000471607297694
0.00085746781399
8.5746781399e-05
0.000214366953497
0.000986087986088
0.00115758154889
0.000171493562798
0.000514480688394
0.00150056867448
0.00102896137679
8.5746781399e-05
0.000300113734896
0.000128620172098
0.000128620172098
0.000685974251192
0.00081459442329
0.000214366953497
0.000471607297694
0.000300113734896
0.000128620172098
0.000257240344197
0.000128620172098
4.28733906995e-05
0.000471607297694
0.000300113734896
0.00132907511168
0.000471607297694
0.00115758154889
0.00137194850238
0.000214366953497
0.000385860516295
0.000471607297694
0.000428733906995
0.000342987125596
0.000128620172098
0.000428733906995
0.000300113734896
0.000342987125596
0.000342987125596
0.000342987125596
0.000342987125596
0.000471607297694
0.000514480688394
8.5746781399e-05
0.00115758154889
0.00128620172098
0.000471607297694
0.000342987125596
0.000257240344197
0.000471607297694
0.000342987125596
8.5746781399e-05
0.000171493562798
0.000171493562798
0.000471607297694
0.000986087986088
0.000128620172098
4.28733906995e-05
0.000342987125596
0.000385860516295
4.28733906995e-05
0.00150056867448
0.00154344206518
0.00128620172098
0.000257240344197
0.000171493562798
0.000128620172098
0.000300113734896
0.000257240344197
8.5746781399e-05
0.000600227469793
0.000342987125596
0.000128620172098
0.00107183476749
0.000385860516295
0.000171493562798
0.000342987125596
0.00145769528378
0.00132907511168
0.00150056867448
8.5746781399e-05
0.000257240344197
0.00154344206518
0.00111470815819
0.00115758154889
0.00137194850238
0.000171493562798
0.000471607297694
0.000428733906995
0.000471607297694
0.000428733906995
0.000342987125596
0.000257240344197
0.000342987125596
0.00111470815819
0.00111470815819
0.000428733906995
0.000214366953497
0.000300113734896
0.000342987125596
0.00137194850238
0.00137194850238
0.00115758154889
0.00107183476749
0.000300113734896
0.000342987125596
0.000385860516295
0.000471607297694
0.000257240344197
0.000171493562798
0.000300113734896
0.000214366953497
0.00170961821012
0.000657545465432
0.000394527279259
0.00179729093885
0.00206030912502
0.00201647276066
0.00061370910107
0.00206030912502
0.00206030912502
0.00170961821012
0.00166578184576
0.0016219454814
0.00105207274469
0.000438363643621
0.000175345457449
0.000394527279259
0.000219181821811
0.00206030912502
4.38363643621e-05
0.000438363643621
0.00170961821012
0.00201647276066
0.00206030912502
0.00206030912502
0.000175345457449
0.000701381829794
0.000394527279259
0.000438363643621
0.00201647276066
0.00170961821012
0.00206030912502
0.00153427275268
0.00188496366757
0.00210414548938
0.00201647276066
0.000306854550535
0.000569872736708
0.000394527279259
0.0016219454814
0.000306854550535
0.000394527279259
0.00206030912502
0.000438363643621
0.00184112730321
0.000394527279259
0.0016219454814
0.00206030912502
0.000175345457449
0.00201647276066
0.000131509093086
0.000657545465432
0.000526036372346
0.000482200007984
0.000482200007984
0.000526036372346
0.000438363643621
0.0016219454814
0.0016219454814
0.000701381829794
0.000657545465432
0.000569872736708
0.00061370910107
0.00206030912502
0.00153427275268
0.00206030912502
0.00206030912502
4.38363643621e-05
0.000175345457449
0.00206030912502
0.00206030912502
0.000482200007984
0.00061370910107
0.000263018186173
0.000438363643621
0.00206030912502
0.00206030912502
0.000832890922881
0.00170961821012
0.000131509093086
0.000657545465432
0.000526036372346
4.38363643621e-05
0.000394527279259
0.000482200007984
0.00206030912502
0.000657545465432
0.000657545465432
0.00061370910107
0.0016219454814
0.000526036372346
0.000526036372346
0.000526036372346
0.00061370910107
0.00210414548938
4.38363643621e-05
0.000131509093086
0.000526036372346
0.000175345457449
0.000131509093086
4.38363643621e-05
8.76727287243e-05
0.000175345457449
0.000306854550535
0.000394527279259
0.000175345457449
0.000131509093086
0.000175345457449
4.38363643621e-05
0.00170961821012
0.000394527279259
0.0016219454814
0.0016219454814
0.000350690914897
0.00118358183778
0.000131509093086
0.00170961821012
0.00170961821012
0.000394527279259
0.00184112730321
0.000394527279259
0.000313145978464
0.000536821677368
0.000492086537587
0.000134205419342
0.00178940559123
0.00205781642991
0.00192361101057
0.00210255156969
4.47351397806e-05
4.47351397806e-05
0.000536821677368
0.000492086537587
0.000357881118245
0.000894702795613
0.000223675698903
0.000536821677368
0.0013867893332
0.000581556817148
0.000134205419342
0.00205781642991
4.47351397806e-05
0.000492086537587
0.000313145978464
0.000178940559123
0.000447351397806
0.000268410838684
0.000492086537587
0.000581556817148
0.000581556817148
0.00205781642991
0.000536821677368
0.00228149212881
0.00223675698903
0.00129731905364
0.00192361101057
0.000447351397806
0.000626291956929
0.000581556817148
0.000626291956929
0.00219202184925
0.000313145978464
0.00228149212881
0.00174467045144
0.000536821677368
0.000313145978464
0.000536821677368
0.00125258391386
0.000447351397806
0.000626291956929
0.000581556817148
0.00214728670947
0.00174467045144
0.00178940559123
0.00178940559123
4.47351397806e-05
0.000223675698903
0.000402616258026
0.00205781642991
4.47351397806e-05
0.000581556817148
0.000536821677368
0.000581556817148
0.000581556817148
0.00228149212881
0.00192361101057
0.00205781642991
4.47351397806e-05
0.000536821677368
0.000805232516052
0.000178940559123
0.00205781642991
0.00205781642991
0.00210255156969
0.00205781642991
0.000223675698903
0.000402616258026
0.000492086537587
8.94702795613e-05
0.000447351397806
0.00196834615035
0.000536821677368
4.47351397806e-05
4.47351397806e-05
0.000268410838684
0.000492086537587
8.94702795613e-05
0.000581556817148
0.00134205419342
0.00219202184925
0.00219202184925
0.00219202184925
0.00214728670947
0.00210255156969
0.00192361101057
0.00228149212881
0.00228149212881
0.000536821677368
0.00214728670947
4.47351397806e-05
0.00120784877408
0.00205781642991
0.00210255156969
0.000492086537587
0.000581556817148
0.000536821677368
0.000268410838684
0.000402616258026
0.000223675698903
0.00205781642991
0.00210255156969
0.000223675698903
0.000581556817148
0.00156572989232
0.000134205419342
0.000268410838684
0.00210255156969
0.000223675698903
0.000536821677368
0.000984173075174
0.000984173075174
0.000492086537587
0.000581556817148
0.00192361101057
0.00219202184925
0.00205781642991
0.00228149212881
0.00174467045144
0.00156572989232
0.000402616258026
0.000136733225206
9.1155483471e-05
0.00186868741115
0.00259793127892
0.00255235353719
0.000683666126032
0.000546932900826
0.000729243867768
0.00241562031198
0.00255235353719
0.000227888708677
0.00200542063636
0.00223330934504
0.0021877316033
0.000227888708677
0.000319044192148
0.000364621933884
0.00259793127892
0.00191426515289
0.000227888708677
0.000227888708677
0.000410199675619
0.00255235353719
0.00250677579545
0.00191426515289
0.00259793127892
0.00200542063636
0.00123059902686
0.00200542063636
0.00195984289463
0.000136733225206
4.55777417355e-05
0.000820399351239
0.000319044192148
0.000227888708677
0.000136733225206
0.000182310966942
0.00255235353719
4.55777417355e-05
0.000455777417355
0.0021877316033
0.00214215386157
0.000683666126032
0.00214215386157
0.000774821609503
0.000683666126032
0.000638088384297
0.00255235353719
0.000136733225206
0.000182310966942
0.00255235353719
0.000227888708677
0.000820399351239
0.00241562031198
0.00255235353719
0.00214215386157
0.00191426515289
0.00200542063636
0.00191426515289
0.00255235353719
0.00255235353719
0.00227888708677
0.00209657611983
0.00200542063636
0.00223330934504
0.00259793127892
0.00255235353719
0.00232446482851
0.00255235353719
0.000455777417355
0.00091155483471
0.00050135515909
0.00200542063636
0.00255235353719
4.55777417355e-05
0.00259793127892
0.00191426515289
0.000182310966942
0.00255235353719
0.00255235353719
0.000182310966942
9.1155483471e-05
0.00050135515909
0.000683666126032
0.00050135515909
0.000455777417355
0.000455777417355
0.00050135515909
0.00200542063636
0.000182310966942
0.00200542063636
0.000182310966942
0.000546932900826
0.000592510642561
0.000364621933884
0.00255235353719
0.000683666126032
0.000136733225206
0.00259793127892
0.00259793127892
0.00255235353719
0.00200542063636
0.00104828805992
0.000227888708677
9.1155483471e-05
0.000592510642561
0.000273466450413
0.00177753192768
0.000592510642561
0.00255235353719
9.1155483471e-05
0.000156933778655
0.000138319299474
0.0020509983781
0.000182310966942
0.000136733225206
0.00050135515909
9.1155483471e-05
0.000227888708677
0.000820399351239
0.00191426515289
0.000410199675619
0.000820399351239
9.1155483471e-05
9.1155483471e-05
0.000820399351239
0.000364621933884
0.00227888708677
0.000546932900826
0.000783743412602
0.000463707788694
0.00300954079834
0.000231853894347
4.63707788694e-05
4.63707788694e-05
0.000463707788694
0.000649190904172
0.00300954079834
0.00300954079834
0.00301709654458
0.0029167992406
0.000556449346433
0.0029167992406
0.000741932461911
0.000510078567564
0.000695561683042
0.000649190904172
0.000741932461911
0.000649190904172
0.00277768690399
0.00277768690399
0.00277768690399
0.0024530914519
0.00249946223077
0.00263857456738
0.00268494534625
0.00268494534625
0.000417337009825
0.0029167992406
4.63707788694e-05
0.00300954079834
0.00300954079834
0.00296317001947
0.00296317001947
0.0029167992406
0.0029167992406
0.00259676361669
0.00296317001947
0.00296317001947
0.0029167992406
0.000324595452086
0.000278224673217
0.00300954079834
0.000278224673217
9.27415577389e-05
0.00300954079834
0.00300954079834
0.000417337009825
0.000602820125303
0.000324595452086
0.000463707788694
4.63707788694e-05
0.000324595452086
0.00254583300964
0.000278224673217
0.000463707788694
0.000417337009825
0.00287042846173
0.000139112336608
0.00296317001947
0.0029167992406
0.000231853894347
0.000185483115478
0.00268494534625
0.00111289869287
0.00273131612512
0.00263857456738
4.63707788694e-05
4.63707788694e-05
0.000463707788694
0.000185483115478
4.63707788694e-05
0.000231853894347
0.00300954079834
0.0030559115772
0.00277768690399
0.00300954079834
0.000370966230956
0.000417337009825
0.00296317001947
0.00300954079834
0.000324595452086
0.000139112336608
0.000231853894347
0.000695561683042
0.00208212522095
0.000556449346433
0.00268494534625
0.00277768690399
0.00277768690399
4.63707788694e-05
0.00296317001947
0.00296317001947
0.000463707788694
0.0013865635379
0.000463707788694
0.000556449346433
0.00296317001947
0.000185483115478
0.000231853894347
0.000185483115478
0.000417337009825
0.000231853894347
0.000695561683042
0.000695561683042
0.000231853894347
4.63707788694e-05
0.0029167992406
0.000598260297124
0.000510078567564
0.00296317001947
0.00296317001947
0.00296317001947
0.000556449346433
0.000695561683042
0.000602820125303
0.000649190904172
0.000231853894347
0.00296317001947
0.000510078567564
0.000741932461911
0.000185483115478
0.00083467401965
0.000649190904172
0.000463707788694
0.000463707788694
0.000231853894347
0.000324595452086
0.000231853894347
0.000231853894347
0.000231853894347
0.000324595452086
0.00217486677869
0.000231853894347
0.00222123755755
4.63707788694e-05
0.000463707788694
0.00231853894347
0.00268494534625
0.00212849599982
9.27415577389e-05
4.63707788694e-05
0.00268494534625
0.000324595452086
0.00277768690399
0.00268494534625
0.000188479033539
0.000235598791924
0.000282718550309
0.000282718550309
0.000471197583849
0.000706796375773
0.000471197583849
0.000471197583849
0.000471197583849
0.000471197583849
0.000801035892542
4.71197583849e-05
0.000659676617388
0.00207326936893
0.00207326936893
0.00183767057701
0.00202614961055
0.000895275409312
0.000848155650927
0.0021675088857
0.00212038912732
0.000188479033539
0.000235598791924
0.0021675088857
0.00202614961055
0.000565437100618
0.00212038912732
0.000471197583849
0.000424077825464
0.000282718550309
4.71197583849e-05
0.00193191009378
9.42395167697e-05
0.000848155650927
0.000565437100618
0.00212038912732
0.00169631130185
0.00202614961055
0.00212038912732
0.00202614961055
0.00202614961055
9.42395167697e-05
0.000188479033539
0.000329838308694
0.000424077825464
0.000188479033539
0.000376958067079
0.00193191009378
0.000329838308694
0.000329838308694
0.000329838308694
0.000282718550309
0.000659676617388
0.00174343106024
0.00207326936893
9.42395167697e-05
9.42395167697e-05
0.000188479033539
0.000329838308694
0.000376958067079
0.000235598791924
0.000706796375773
0.000753916134158
0.00202614961055
0.00202614961055
0.000282718550309
0.000282718550309
0.000424077825464
0.000471197583849
0.00212038912732
0.0021675088857
0.00212038912732
0.00212038912732
0.000141359275155
0.000282718550309
0.000188479033539
0.000424077825464
0.00212038912732
0.00207326936893
0.000518317342233
0.000424077825464
0.00202614961055
0.00202614961055
0.000518317342233
0.000518317342233
0.000471197583849
0.000471197583849
4.71197583849e-05
0.000471197583849
0.000235598791924
0.000141359275155
0.000282718550309
0.000282718550309
0.000282718550309
0.00212038912732
0.0021675088857
0.0021675088857
0.0021675088857
0.00202614961055
0.00193191009378
0.000659676617388
0.00131935323478
0.00207326936893
0.000612556859003
0.000329838308694
0.000235598791924
0.000518317342233
0.000329838308694
0.000235598791924
0.00212038912732
0.00183767057701
0.000282718550309
0.000518317342233
0.000235598791924
0.000235598791924
0.000895275409312
0.000659676617388
0.00127223347639
0.00197902985216
9.42395167697e-05
0.000424077825464
0.00207326936893
0.000518317342233
0.00212038912732
0.000329838308694
0.000376958067079
0.000235598791924
0.000235598791924
0.000141359275155
0.000329838308694
0.000424077825464
0.000188479033539
0.00169631130185
0.000471197583849
0.00183767057701
0.00202614961055
0.000813098404738
0.000526122497183
0.000717439768886
0.00033480522548
0.000239146589629
0.000478293179258
0.000621781133035
0.000526122497183
0.000382634543406
0.000478293179258
0.00033480522548
0.00090875704059
0.00200883135288
0.00033480522548
0.000430463861332
0.00205666067081
0.000143487953777
0.00220014862459
0.00220014862459
0.00215231930666
0.00215231930666
0.000143487953777
0.00210448998873
0.000956586358515
0.00114790363022
0.000573951815109
0.00033480522548
0.000526122497183
0.000239146589629
0.00215231930666
0.00220014862459
0.00033480522548
0.00181751408118
9.56586358515e-05
9.56586358515e-05
0.000286975907555
0.00143487953777
0.000430463861332
0.00215231930666
0.0014827088557
0.000430463861332
0.000191317271703
0.000430463861332
0.000191317271703
0.00220014862459
0.00215231930666
0.00110007431229
0.00124356226607
0.000717439768886
0.000813098404738
0.00210448998873
0.000765269086812
0.00143487953777
0.000765269086812
0.000191317271703
0.00210448998873
0.00200883135288
0.000956586358515
0.00210448998873
0.00210448998873
0.00176968476325
0.00215231930666
0.00114790363022
0.00210448998873
0.00205666067081
0.00215231930666
0.00215231930666
0.000143487953777
0.00138705021985
9.56586358515e-05
0.00033480522548
0.000191317271703
0.000191317271703
9.56586358515e-05
0.000191317271703
0.000143487953777
0.00215231930666
9.56586358515e-05
0.00033480522548
0.00215231930666
0.00210448998873
0.00205666067081
0.00210448998873
0.000526122497183
0.000621781133035
0.000621781133035
0.0018653433991
0.000765269086812
0.0016740261274
0.000717439768886
0.00200883135288
0.00205666067081
0.00215231930666
0.000765269086812
0.000669610450961
0.00215231930666
0.00220014862459
0.00215231930666
0.00196100203496
0.000765269086812
0.000143487953777
0.00033480522548
0.000478293179258
0.000669610450961
0.00210448998873
0.000143487953777
0.00090875704059
0.000191317271703
9.56586358515e-05
9.56586358515e-05
4.78293179258e-05
0.00153053817362
9.56586358515e-05
0.00215231930666
0.00210448998873
0.000621781133035
0.00090875704059
0.000239146589629
0.000430463861332
9.56586358515e-05
0.000669610450961
0.000921564590303
0.00130959178622
0.00286170056989
0.000436530595407
0.000630544193365
0.00257068017295
0.00271619037142
0.00276469377091
0.00169761898214
0.000970067989793
0.00203714277856
0.00218265297703
0.00271619037142
0.00271619037142
4.85033994896e-05
0.000145510198469
0.00247367337397
0.00242516997448
0.00257068017295
9.70067989793e-05
9.70067989793e-05
0.000824557791324
0.00252217677346
0.00247367337397
0.00227965977601
0.000679047592855
0.000533537394386
0.00252217677346
0.00252217677346
0.000436530595407
0.000485033994896
0.00252217677346
0.00252217677346
0.000485033994896
0.00208564617805
0.000145510198469
0.00252217677346
4.85033994896e-05
0.00291020396938
4.85033994896e-05
0.00257068017295
0.00261918357244
0.00257068017295
0.00252217677346
9.70067989793e-05
4.85033994896e-05
9.70067989793e-05
4.85033994896e-05
0.00252217677346
0.00252217677346
0.000776054391834
0.00252217677346
0.000242516997448
0.000291020396938
0.000242516997448
0.000485033994896
0.000776054391834
0.00261918357244
0.000533537394386
0.000242516997448
4.85033994896e-05
0.000436530595407
0.000436530595407
0.000679047592855
0.000679047592855
0.000873061190813
0.000776054391834
0.000242516997448
0.000291020396938
0.000582040793876
0.000533537394386
0.000776054391834
0.000145510198469
0.000242516997448
0.000873061190813
0.00213414957754
0.00257068017295
0.000145510198469
0.000582040793876
0.000727550992345
0.000679047592855
0.000242516997448
0.000582040793876
0.000679047592855
0.000727550992345
0.000679047592855
0.00257068017295
0.00257068017295
0.00218265297703
0.000388027195917
0.00266768697193
0.00266768697193
0.0028131971704
0.00271619037142
0.00106707478877
0.00261918357244
0.000194013597959
0.000921564590303
9.70067989793e-05
4.85033994896e-05
9.70067989793e-05
0.00257068017295
0.00252217677346
0.00252217677346
0.000485033994896
9.70067989793e-05
9.70067989793e-05
0.00106707478877
0.00257068017295
0.00106707478877
0.00261918357244
0.00286170056989
0.00135809518571
0.00286170056989
0.00252217677346
0.000582040793876
0.000727550992345
0.000873061190813
0.000194013597959
0.000145510198469
0.000242516997448
0.000145510198469
0.000921564590303
0.000824557791324
9.70067989793e-05
0.00208564617805
0.000145510198469
0.000145510198469
0.00208564617805
0.000533537394386
0.000388027195917
0.000824557791324
0.0028131971704
0.00271619037142
0.00266768697193
0.00266768697193
0.000145510198469
4.85033994896e-05
0.000194013597959
0.000242516997448
0.000582040793876
0.000245726909657
0.000393163055451
0.000638889965108
0.000147436145794
0.00319444982554
0.00245726909657
0.0026538506243
0.00034401767352
0.00034401767352
0.000245726909657
0.000147436145794
0.0026538506243
0.000491453819314
0.00034401767352
0.000540599201246
0.000196581527726
0.000245726909657
0.000442308437383
0.000147436145794
9.82907638628e-05
0.00255555986043
0.00289957753395
0.00314530444361
0.00270299600623
0.00309615906168
0.00034401767352
0.00034401767352
0.00309615906168
0.00034401767352
0.00270299600623
0.00319444982554
0.00324359520747
0.00309615906168
0.00319444982554
0.00142521607601
0.000589744583177
0.000196581527726
9.82907638628e-05
0.000294872291588
0.0026538506243
0.00117948916635
0.00309615906168
0.00304701367975
0.00309615906168
0.00226068756885
0.00309615906168
0.00304701367975
4.91453819314e-05
0.00309615906168
0.000589744583177
0.00240812371464
0.000196581527726
0.00167094298567
0.00255555986043
0.00270299600623
0.000933762256697
0.00309615906168
0.000638889965108
0.00245726909657
0.00270299600623
0.00260470524237
0.00324359520747
0.00319444982554
0.00255555986043
0.000245726909657
0.00314530444361
0.00309615906168
0.00304701367975
0.000147436145794
0.00280128677009
0.00270299600623
0.00309615906168
0.000540599201246
0.000540599201246
0.00255555986043
0.00108119840249
0.00324359520747
0.000245726909657
0.000393163055451
9.82907638628e-05
0.00255555986043
9.82907638628e-05
4.91453819314e-05
0.000245726909657
4.91453819314e-05
0.00240812371464
0.00304701367975
0.00137607069408
0.000196581527726
0.00226068756885
0.000147436145794
0.00245726909657
0.000933762256697
0.00216239680498
0.00309615906168
0.00319444982554
0.00034401767352
0.000147436145794
0.000540599201246
0.000589744583177
0.00152350683987
0.000982907638628
0.00270299600623
4.91453819314e-05
0.00324359520747
0.0025064144785
0.000196581527726
0.000196581527726
0.000589744583177
0.00034401767352
9.82907638628e-05
0.000196581527726
0.00319444982554
0.00304701367975
0.000196581527726
0.000245726909657
0.0026538506243
0.000196581527726
9.82907638628e-05
0.000196581527726
0.000147436145794
0.000147436145794
0.000245726909657
0.00309615906168
0.000540599201246
0.00068803534704
0.000491453819314
0.00034401767352
0.00304701367975
0.00299786829782
0.00314530444361
0.00324359520747
0.00157265222181
0.00260470524237
0.00147436145794
0.00270299600623
0.000196581527726
0.000149274550059
0.000248790916766
0.000348307283472
0.0023386346176
0.00238839280095
0.000149274550059
0.000248790916766
0.000248790916766
0.000845889117003
0.000746372750297
0.00208984370083
0.000398065466825
0.000199032733412
0.0023386346176
0.000497581833531
0.000298549100119
0.00064685638359
0.00064685638359
0.000199032733412
0.000447823650178
0.00238839280095
0.0023386346176
0.000447823650178
0.00238839280095
0.00079613093365
0.000248790916766
0.00079613093365
0.000746372750297
0.00079613093365
0.000248790916766
0.000398065466825
0.000398065466825
0.00199032733412
0.000398065466825
0.00238839280095
0.0023386346176
0.000298549100119
0.00079613093365
0.000149274550059
0.000298549100119
0.00228887643424
9.95163667062e-05
4.97581833531e-05
0.000199032733412
0.000597098200237
0.000398065466825
0.000398065466825
0.000497581833531
0.000597098200237
0.00064685638359
0.000447823650178
0.00213960188418
0.00238839280095
0.0023386346176
0.000398065466825
0.000348307283472
0.00228887643424
0.000149274550059
0.000149274550059
0.00228887643424
0.00228887643424
0.00228887643424
0.000547340016884
0.000298549100119
0.00228887643424
0.00228887643424
0.000149274550059
0.00164202005065
0.00228887643424
0.00199032733412
0.00228887643424
0.00228887643424
0.00238839280095
0.00218936006754
0.00064685638359
0.000597098200237
0.000597098200237
0.000447823650178
0.000348307283472
0.000199032733412
0.000398065466825
4.97581833531e-05
0.000199032733412
0.000199032733412
0.00079613093365
0.00238839280095
4.97581833531e-05
0.000497581833531
0.000199032733412
0.00213960188418
0.000149274550059
0.00228887643424
9.95163667062e-05
0.00079613093365
0.000746372750297
0.000248790916766
0.000696614566944
0.000248790916766
0.000199032733412
0.000597098200237
0.000447823650178
0.000845889117003
0.000248790916766
9.95163667062e-05
0.000199032733412
0.00228887643424
0.000746372750297
0.00228887643424
0.000746372750297
4.97581833531e-05
0.000696614566944
0.00079613093365
0.000348307283472
0.000248790916766
0.0023386346176
0.00228887643424
9.95163667062e-05
0.0023386346176
0.000597098200237
9.95163667062e-05
0.000597098200237
0.000597098200237
0.000547340016884
0.000845889117003
0.00228887643424
0.00228887643424
0.00228887643424
0.00228887643424
0.000348307283472
0.000746372750297
0.000447823650178
0.000348307283472
0.00223911825089
0.0023386346176
0.00208984370083
0.00228887643424
0.00208984370083
0.000547340016884
0.00228887643424
0.00238839280095
0.00228887643424
9.95163667062e-05
0.000547340016884
0.00064685638359
0.000352410388643
0.000352410388643
0.000251721706174
0.0011579198484
5.03443412347e-05
0.000201377364939
0.000251721706174
0.0011579198484
0.000402754729878
0.000251721706174
0.000201377364939
0.0011579198484
0.000755165118521
0.000201377364939
0.0011579198484
0.000151033023704
0.0013089528721
0.00105723116593
0.0011579198484
0.000201377364939
0.000151033023704
0.00110757550716
0.00125860853087
0.000251721706174
0.000352410388643
0.000302066047408
0.00125860853087
0.000302066047408
0.0011579198484
0.000302066047408
0.000302066047408
0.000402754729878
0.000302066047408
0.000855853800991
0.000855853800991
0.00100688682469
0.000201377364939
5.03443412347e-05
0.000201377364939
0.0011579198484
0.00125860853087
0.000251721706174
0.000251721706174
0.000302066047408
0.0011579198484
0.000201377364939
0.000201377364939
0.000201377364939
0.000201377364939
0.000302066047408
0.000201377364939
0.000251721706174
0.00110757550716
0.0011579198484
0.000100688682469
0.000251721706174
0.00110757550716
0.00125860853087
0.000251721706174
0.000302066047408
5.03443412347e-05
0.000302066047408
0.000302066047408
0.000100688682469
0.000201377364939
0.0011579198484
0.000201377364939
0.000352410388643
0.000352410388643
0.000151033023704
0.0011579198484
5.03443412347e-05
0.000151033023704
0.000352410388643
0.00100688682469
0.000251721706174
0.000755165118521
0.000251721706174
0.000352410388643
0.00157808835201
0.00173080657962
5.09060758713e-05
0.000509060758713
5.09060758713e-05
0.000509060758713
0.000305436455228
0.000458154682842
0.00152718227614
0.00152718227614
0.00167990050375
0.000152718227614
0.00040724860697
5.09060758713e-05
0.000254530379356
0.00167990050375
0.00167990050375
0.00167990050375
0.000305436455228
0.000356342531099
0.000305436455228
0.000203624303485
5.09060758713e-05
5.09060758713e-05
0.00117083974504
0.00137446404853
0.00147627620027
0.00137446404853
0.00137446404853
0.000305436455228
0.000458154682842
0.000458154682842
0.000458154682842
0.00167990050375
0.00173080657962
0.000305436455228
0.00147627620027
0.00040724860697
0.00137446404853
0.000356342531099
0.000559966834584
0.000101812151743
0.000203624303485
0.00173080657962
0.00162899442788
0.00173080657962
0.000101812151743
0.000305436455228
0.000152718227614
0.00040724860697
0.00167990050375
0.00173080657962
0.00147627620027
0.00040724860697
0.00137446404853
5.09060758713e-05
0.00173080657962
0.00167990050375
0.00167990050375
0.00137446404853
0.00167990050375
0.000305436455228
0.00162899442788
5.09060758713e-05
0.000203624303485
0.00040724860697
0.00111993366917
5.09060758713e-05
0.000305436455228
0.000101812151743
0.000356342531099
0.00132355797265
0.00173080657962
0.000203624303485
5.09060758713e-05
0.000458154682842
0.000152718227614
0.000101812151743
0.00040724860697
0.00173080657962
0.00173080657962
5.09060758713e-05
0.000356342531099
0.000463008070102
0.000463008070102
0.00108035216357
0.00020578136449
0.000720234775714
0.000720234775714
0.000154336023367
0.000308672046734
0.000823125457958
0.000308672046734
0.000360117387857
0.000771680116836
0.000257226705612
0.00020578136449
0.00020578136449
0.000617344093469
0.000771680116836
0.000411562728979
0.00020578136449
0.000720234775714
0.000411562728979
0.000154336023367
0.00020578136449
0.00020578136449
0.000257226705612
0.000257226705612
0.000874570799081
0.000720234775714
0.00020578136449
0.000308672046734
0.000257226705612
0.000154336023367
0.000154336023367
0.000874570799081
0.000411562728979
5.14453411224e-05
0.000411562728979
0.000102890682245
0.000823125457958
0.000874570799081
0.000463008070102
0.000360117387857
0.000257226705612
0.000257226705612
0.000308672046734
0.000977461481325
0.000514453411224
0.000617344093469
0.00020578136449
0.000411562728979
0.000154336023367
0.000102890682245
0.000154336023367
0.00108035216357
0.00020578136449
0.000154336023367
0.000360117387857
0.000308672046734
0.000411562728979
5.14453411224e-05
0.000771680116836
0.000257226705612
0.000463008070102
0.000360117387857
0.000514453411224
0.000771680116836
0.000257226705612
0.000617344093469
0.000308672046734
0.000308672046734
0.000360117387857
