1.34816312773846e-05
1.34816312773846e-05
9.43714189416919e-05
9.43714189416919e-05
5.39265251095383e-05
0.000121334681496461
0.000781934614088305
5.39265251095383e-05
6.74081563869228e-05
8.08897876643074e-05
6.74081563869228e-05
0.000364004044489383
9.43714189416919e-05
9.43714189416919e-05
5.39265251095383e-05
4.04448938321537e-05
8.08897876643074e-05
8.08897876643074e-05
0.000107853050219077
0.000134816312773846
0.000512301988540613
0.000539265251095383
0.00076845298281092
0.000795416245365689
2.69632625547691e-05
0.000121334681496461
0.000107853050219077
5.39265251095383e-05
5.39265251095383e-05
5.39265251095383e-05
0.000539265251095383
6.74081563869228e-05
5.39265251095383e-05
0.000215706100438153
0.000242669362992922
6.74081563869228e-05
6.74081563869228e-05
0.000498820357263229
0.000781934614088305
0.000754971351533536
0.000552746882372767
0.000552746882372767
0.000539265251095383
0.000404448938321537
0.000647118301314459
0.000660599932591844
0.000633636670037074
0.000606673407482305
5.39265251095383e-05
5.39265251095383e-05
1.34816312773846e-05
2.69632625547691e-05
9.43714189416919e-05
0.000161779575328615
0.00014829794405123
0.000229187731715538
6.74081563869228e-05
9.43714189416919e-05
0.000175261206605999
0.000242669362992922
0.000647118301314459
0.00014829794405123
0.000121334681496461
0.000606673407482305
0.000741489720256151
0.00014829794405123
9.43714189416919e-05
0.000121334681496461
0.000107853050219077
8.08897876643074e-05
0.000242669362992922
0.000741489720256151
0.000808897876643074
0.000579710144927536
0.000808897876643074
0.00062015503875969
8.08897876643074e-05
0.000107853050219077
0.000121334681496461
1.34816312773846e-05
0.00076845298281092
0.000714526457701382
0.000714526457701382
0.00014829794405123
0.000431412200876306
0.000215706100438153
0.000215706100438153
6.74081563869228e-05
0.000229187731715538
0.000134816312773846
0.000175261206605999
0.000202224469160768
0.000215706100438153
0.000647118301314459
0.000701044826423997
4.04448938321537e-05
0.000498820357263229
8.08897876643074e-05
0.00014829794405123
6.74081563869228e-05
0.000633636670037074
0.000781934614088305
0.00014829794405123
0.000660599932591844
0.000175261206605999
1.34816312773846e-05
5.39265251095383e-05
0.000134816312773846
0.000242669362992922
0.000579710144927536
0.000215706100438153
0.00062015503875969
0.000202224469160768
8.08897876643074e-05
0.000215706100438153
6.74081563869228e-05
0.000121334681496461
2.69632625547691e-05
0.000647118301314459
0.000701044826423997
0.000579710144927536
0.000107853050219077
5.39265251095383e-05
0.000566228513650152
0.000579710144927536
0.000134816312773846
0.000781934614088305
0.000215706100438153
0.000552746882372767
0.00076845298281092
0.00014829794405123
0.000215706100438153
0.000606673407482305
0.000795416245365689
1.34816312773846e-05
0.00029659588810246
0.000647118301314459
0.000498820357263229
0.000525783619817998
0.000687563195146613
1.34816312773846e-05
1.34816312773846e-05
0.000741489720256151
0.000741489720256151
0.000808897876643074
0.000660599932591844
0.000431412200876306
0.00047185709470846
0.000121334681496461
0.000134816312773846
0.000229187731715538
2.69632625547691e-05
0.000107853050219077
0.000458375463431075
0.00076845298281092
0.000741489720256151
0.000121334681496461
0.000134816312773846
0.00029659588810246
0.000310077519379845
6.74081563869228e-05
4.04448938321537e-05
8.08897876643074e-05
0.000593191776204921
0.00014829794405123
0.000202224469160768
6.74081563869228e-05
6.74081563869228e-05
1.34816312773846e-05
0.000107853050219077
0.000161779575328615
0.000134816312773846
5.39265251095383e-05
0.000593191776204921
0.000579710144927536
9.43714189416919e-05
0.000579710144927536
6.74081563869228e-05
0.000175261206605999
0.00029659588810246
2.69632625547691e-05
0.000512301988540613
0.000525783619817998
6.74081563869228e-05
0.000107853050219077
6.74081563869228e-05
0.000606673407482305
6.74081563869228e-05
0.000283114256825076
0.000229187731715538
0.000229187731715538
0.000525783619817998
0.000175261206605999
0.000593191776204921
0.000593191776204921
0.000579710144927536
0.000161779575328615
0.000566228513650152
0.000566228513650152
0.000579710144927536
0.000593191776204921
5.39265251095383e-05
6.74081563869228e-05
0.000579710144927536
0.000647118301314459
0.000539265251095383
0.000566228513650152
6.74081563869228e-05
0.000377485675766768
4.04448938321537e-05
4.04448938321537e-05
0.000161779575328615
1.34816312773846e-05
4.04448938321537e-05
4.04448938321537e-05
0.000175261206605999
0.000107853050219077
9.43714189416919e-05
0.000121334681496461
0.000121334681496461
1.34816312773846e-05
0.000593191776204921
0.000458375463431075
6.74081563869228e-05
0.000579710144927536
0.000647118301314459
2.69632625547691e-05
0.000593191776204921
0.000134816312773846
0.000107853050219077
1.34816312773846e-05
0.000202224469160768
4.04448938321537e-05
0.000215706100438153
0.00014829794405123
0.000579710144927536
6.74081563869228e-05
0.00014829794405123
0.000566228513650152
0.000579710144927536
0.000579710144927536
0.000134816312773846
0.000579710144927536
0.000579710144927536
0.000593191776204921
0.000579710144927536
0.000579710144927536
0.000593191776204921
0.000579710144927536
0.000134816312773846
1.34816312773846e-05
0.000552746882372767
0.000593191776204921
0.000579710144927536
0.000593191776204921
0.000458375463431075
5.39265251095383e-05
0.000161779575328615
0.00014829794405123
4.04448938321537e-05
0.000215706100438153
0.000283114256825076
0.000633636670037074
0.000175261206605999
0.000229187731715538
1.34816312773846e-05
6.74081563869228e-05
5.39265251095383e-05
0.00029659588810246
0.00029659588810246
0.000121334681496461
0.000256150994270307
0.000202224469160768
0.000242669362992922
0.000175261206605999
0.000188742837883384
0.000256150994270307
0.00029659588810246
0.000283114256825076
0.00029659588810246
0.000215706100438153
0.000269632625547691
0.000229187731715538
0.00029659588810246
0.00029659588810246
6.74081563869228e-05
0.000579710144927536
0.000107853050219077
0.000229187731715538
0.000175261206605999
0.000175261206605999
0.000593191776204921
0.000134816312773846
0.000256150994270307
0.000593191776204921
0.00029659588810246
0.000269632625547691
0.000269632625547691
0.000256150994270307
0.000215706100438153
0.00029659588810246
6.74081563869228e-05
0.000134816312773846
0.00029659588810246
6.74081563869228e-05
8.08897876643074e-05
0.000215706100438153
0.000242669362992922
0.000107853050219077
0.000256150994270307
6.74081563869228e-05
0.00032355915065723
0.000350522413211999
2.69632625547691e-05
6.74081563869228e-05
0.00032355915065723
4.04448938321537e-05
0.000283114256825076
0.00029659588810246
0.000283114256825076
0.000134816312773846
0.00014829794405123
0.000364004044489383
1.34816312773846e-05
0.000256150994270307
6.74081563869228e-05
4.04448938321537e-05
5.39265251095383e-05
0.00032355915065723
1.34816312773846e-05
0.000134816312773846
0.000134816312773846
0.000134816312773846
0.000134816312773846
0.00014829794405123
0.000188742837883384
0.000121334681496461
0.000202224469160768
0.00029659588810246
0.00029659588810246
6.74081563869228e-05
0.000337040781934614
0.000350522413211999
8.08897876643074e-05
0.000107853050219077
6.74081563869228e-05
4.04448938321537e-05
0.000134816312773846
0.000107853050219077
0.000121334681496461
8.08897876643074e-05
0.000215706100438153
0.000269632625547691
0.000175261206605999
5.39265251095383e-05
0.000337040781934614
0.000256150994270307
0.000269632625547691
0.00029659588810246
0.00032355915065723
2.69632625547691e-05
0.000107853050219077
9.43714189416919e-05
6.74081563869228e-05
0.000121334681496461
0.00014829794405123
0.000337040781934614
0.000310077519379845
0.000161779575328615
0.000337040781934614
0.000337040781934614
0.000350522413211999
0.000134816312773846
4.04448938321537e-05
8.08897876643074e-05
9.43714189416919e-05
0.00032355915065723
0.000350522413211999
8.08897876643074e-05
0.00029659588810246
0.000283114256825076
1.34816312773846e-05
0.000283114256825076
0.000364004044489383
5.39265251095383e-05
6.74081563869228e-05
6.74081563869228e-05
0.000121334681496461
2.69632625547691e-05
5.39265251095383e-05
6.74081563869228e-05
5.39265251095383e-05
5.39265251095383e-05
0.000337040781934614
0.000283114256825076
0.000134816312773846
9.43714189416919e-05
9.43714189416919e-05
9.43714189416919e-05
0.00032355915065723
4.04448938321537e-05
4.04448938321537e-05
6.74081563869228e-05
0.000121334681496461
9.43714189416919e-05
6.74081563869228e-05
5.39265251095383e-05
0.000310077519379845
8.08897876643074e-05
0.000283114256825076
0.000337040781934614
8.08897876643074e-05
0.000121334681496461
8.08897876643074e-05
0.000107853050219077
2.69632625547691e-05
0.000121334681496461
0.000107853050219077
0.000337040781934614
9.43714189416919e-05
0.00032355915065723
0.000107853050219077
0.000121334681496461
0.00014829794405123
1.34816312773846e-05
0.000310077519379845
0.000215706100438153
0.000188742837883384
0.000242669362992922
0.00032355915065723
0.00032355915065723
0.000121334681496461
0.000256150994270307
0.000202224469160768
5.39265251095383e-05
1.34816312773846e-05
0.000229187731715538
0.000377485675766768
0.00047185709470846
0.000121334681496461
0.000107853050219077
0.000485338725985844
0.000485338725985844
6.74081563869228e-05
9.43714189416919e-05
9.43714189416919e-05
8.08897876643074e-05
0.000121334681496461
6.74081563869228e-05
0.000121334681496461
6.74081563869228e-05
6.74081563869228e-05
5.39265251095383e-05
0.000404448938321537
0.000134816312773846
5.39265251095383e-05
4.04448938321537e-05
1.34816312773846e-05
0.000134816312773846
4.04448938321537e-05
0.000337040781934614
0.000431412200876306
0.000364004044489383
6.74081563869228e-05
0.000121334681496461
0.000485338725985844
0.000485338725985844
0.00047185709470846
0.000215706100438153
1.34816312773846e-05
0.000404448938321537
0.000485338725985844
8.08897876643074e-05
0.000242669362992922
2.69632625547691e-05
4.04448938321537e-05
0.000431412200876306
0.000404448938321537
0.000256150994270307
0.000283114256825076
0.000107853050219077
0.000202224469160768
0.00014829794405123
2.69632625547691e-05
0.00047185709470846
0.000161779575328615
0.000134816312773846
0.000404448938321537
0.000404448938321537
0.000364004044489383
0.00014829794405123
1.34816312773846e-05
5.39265251095383e-05
0.000107853050219077
6.74081563869228e-05
0.000175261206605999
0.000107853050219077
9.43714189416919e-05
0.000458375463431075
0.000121334681496461
0.000107853050219077
0.000107853050219077
0.000417930569598921
0.000404448938321537
1.34816312773846e-05
0.000107853050219077
0.000377485675766768
0.000107853050219077
5.39265251095383e-05
8.08897876643074e-05
0.000390967307044152
0.000431412200876306
8.08897876643074e-05
8.08897876643074e-05
0.000134816312773846
4.04448938321537e-05
0.000134816312773846
6.74081563869228e-05
0.000134816312773846
2.69632625547691e-05
6.74081563869228e-05
0.00014829794405123
0.000134816312773846
0.00014829794405123
0.000134816312773846
0.000121334681496461
9.43714189416919e-05
4.04448938321537e-05
0.000417930569598921
0.000107853050219077
0.000121334681496461
9.43714189416919e-05
8.08897876643074e-05
0.000175261206605999
0.000364004044489383
0.000404448938321537
0.000404448938321537
0.000431412200876306
0.000283114256825076
0.000283114256825076
0.000107853050219077
6.74081563869228e-05
6.74081563869228e-05
9.43714189416919e-05
2.69632625547691e-05
2.69632625547691e-05
0.000107853050219077
0.000364004044489383
0.000161779575328615
0.000188742837883384
6.74081563869228e-05
6.74081563869228e-05
0.000121334681496461
0.00014829794405123
0.000431412200876306
6.74081563869228e-05
0.000417930569598921
8.08897876643074e-05
0.000175261206605999
0.000175261206605999
5.39265251095383e-05
0.000121334681496461
4.04448938321537e-05
0.000188742837883384
0.000161779575328615
0.00014829794405123
0.000175261206605999
8.08897876643074e-05
0.000175261206605999
0.000188742837883384
8.08897876643074e-05
6.74081563869228e-05
6.74081563869228e-05
8.08897876643074e-05
1.34816312773846e-05
1.34816312773846e-05
0.000458375463431075
2.69632625547691e-05
0.000107853050219077
2.69632625547691e-05
2.69632625547691e-05
0.000121334681496461
0.000417930569598921
0.000417930569598921
9.43714189416919e-05
0.00014829794405123
0.000458375463431075
0.000390967307044152
0.000458375463431075
0.00047185709470846
0.000121334681496461
0.000350522413211999
8.08897876643074e-05
6.74081563869228e-05
0.00014829794405123
0.000417930569598921
0.000188742837883384
8.08897876643074e-05
0.000121334681496461
0.000364004044489383
4.04448938321537e-05
0.000404448938321537
0.000242669362992922
0.000431412200876306
0.000431412200876306
8.08897876643074e-05
0.000202224469160768
1.34816312773846e-05
1.34816312773846e-05
4.04448938321537e-05
6.74081563869228e-05
8.08897876643074e-05
0.000134816312773846
0.000134816312773846
0.000161779575328615
0.000134816312773846
0.000121334681496461
0.000121334681496461
0.000121334681496461
0.000431412200876306
0.000417930569598921
1.34816312773846e-05
0.000458375463431075
0.000121334681496461
0.000431412200876306
0.000390967307044152
0.000404448938321537
9.43714189416919e-05
2.69632625547691e-05
0.000458375463431075
0.000242669362992922
0.000229187731715538
9.43714189416919e-05
8.08897876643074e-05
6.74081563869228e-05
6.74081563869228e-05
0.000431412200876306
0.000431412200876306
8.08897876643074e-05
0.000121334681496461
0.000161779575328615
0.000161779575328615
0.000417930569598921
0.000458375463431075
0.000161779575328615
0.000161779575328615
9.43714189416919e-05
0.000458375463431075
0.00014829794405123
0.000134816312773846
9.43714189416919e-05
0.000121334681496461
0.000242669362992922
0.000121334681496461
0.000444893832153691
0.000458375463431075
0.000377485675766768
0.000431412200876306
0.000458375463431075
0.000134816312773846
0.000458375463431075
5.39265251095383e-05
5.39265251095383e-05
0.000121334681496461
0.000134816312773846
5.39265251095383e-05
0.000161779575328615
4.04448938321537e-05
0.000256150994270307
0.000512301988540613
0.000539265251095383
0.000188742837883384
0.000175261206605999
4.04448938321537e-05
0.000539265251095383
5.39265251095383e-05
0.000539265251095383
0.000107853050219077
0.000175261206605999
0.000458375463431075
0.00047185709470846
0.000539265251095383
0.000539265251095383
1.34816312773846e-05
4.04448938321537e-05
4.04448938321537e-05
0.000188742837883384
9.43714189416919e-05
5.39265251095383e-05
0.000229187731715538
0.000377485675766768
0.000283114256825076
0.000566228513650152
0.000498820357263229
0.000566228513650152
0.000161779575328615
0.00014829794405123
0.000134816312773846
0.000161779575328615
0.000539265251095383
0.000539265251095383
0.000161779575328615
0.000512301988540613
0.000161779575328615
9.43714189416919e-05
0.000404448938321537
8.08897876643074e-05
0.000188742837883384
0.000202224469160768
0.000512301988540613
0.000579710144927536
8.08897876643074e-05
1.34816312773846e-05
0.00014829794405123
6.74081563869228e-05
5.39265251095383e-05
9.43714189416919e-05
2.69632625547691e-05
0.000525783619817998
0.000579710144927536
0.000566228513650152
0.00047185709470846
0.000121334681496461
0.000121334681496461
0.000539265251095383
0.000579710144927536
0.000525783619817998
0.000539265251095383
0.000458375463431075
0.000539265251095383
0.000161779575328615
2.69632625547691e-05
0.000161779575328615
0.000134816312773846
0.000134816312773846
5.39265251095383e-05
0.000161779575328615
0.000161779575328615
0.000566228513650152
0.000566228513650152
0.000566228513650152
0.000161779575328615
2.69632625547691e-05
0.000121334681496461
0.000498820357263229
0.000121334681496461
0.000161779575328615
0.000579710144927536
1.34816312773846e-05
2.69632625547691e-05
2.69632625547691e-05
0.000161779575328615
0.000134816312773846
0.000525783619817998
0.000525783619817998
0.000377485675766768
5.39265251095383e-05
0.000134816312773846
0.000269632625547691
0.000539265251095383
6.74081563869228e-05
6.74081563869228e-05
8.08897876643074e-05
6.74081563869228e-05
5.39265251095383e-05
0.000121334681496461
0.000134816312773846
8.08897876643074e-05
8.08897876643074e-05
0.000188742837883384
0.000539265251095383
0.000539265251095383
0.000512301988540613
1.34816312773846e-05
0.000134816312773846
5.39265251095383e-05
5.39265251095383e-05
0.000175261206605999
8.08897876643074e-05
6.74081563869228e-05
1.34816312773846e-05
0.000107853050219077
0.000633636670037074
0.000107853050219077
2.69632625547691e-05
0.000754971351533536
0.000754971351533536
0.00062015503875969
2.69632625547691e-05
0.000754971351533536
0.000754971351533536
0.000754971351533536
0.000754971351533536
0.000714526457701382
0.000647118301314459
4.04448938321537e-05
0.000579710144927536
0.000579710144927536
6.74081563869228e-05
0.000134816312773846
1.34816312773846e-05
6.74081563869228e-05
0.00076845298281092
0.00076845298281092
8.08897876643074e-05
0.000161779575328615
8.08897876643074e-05
0.000754971351533536
0.00076845298281092
0.00014829794405123
6.74081563869228e-05
0.000134816312773846
0.000161779575328615
0.000107853050219077
0.000134816312773846
5.39265251095383e-05
0.000579710144927536
0.000754971351533536
0.000134816312773846
8.08897876643074e-05
8.08897876643074e-05
0.000566228513650152
0.00014829794405123
0.000512301988540613
6.74081563869228e-05
0.000647118301314459
5.39265251095383e-05
0.000728008088978766
0.000754971351533536
0.00076845298281092
6.74081563869228e-05
0.000660599932591844
4.04448938321537e-05
0.000107853050219077
0.000134816312773846
6.74081563869228e-05
0.000121334681496461
4.04448938321537e-05
0.000121334681496461
0.00029659588810246
0.000539265251095383
2.69632625547691e-05
4.04448938321537e-05
5.39265251095383e-05
8.08897876643074e-05
0.000134816312773846
4.04448938321537e-05
0.000134816312773846
1.34816312773846e-05
0.000647118301314459
0.000741489720256151
4.04448938321537e-05
6.74081563869228e-05
0.000754971351533536
0.00014829794405123
0.000687563195146613
8.08897876643074e-05
8.08897876643074e-05
0.000741489720256151
6.74081563869228e-05
0.000107853050219077
0.000121334681496461
0.000107853050219077
0.00076845298281092
0.000121334681496461
0.000741489720256151
0.000134816312773846
2.69632625547691e-05
0.000134816312773846
0.000107853050219077
1.34816312773846e-05
6.74081563869228e-05
0.00014829794405123
6.74081563869228e-05
8.08897876643074e-05
5.39265251095383e-05
4.04448938321537e-05
6.74081563869228e-05
0.000566228513650152
0.000606673407482305
0.000728008088978766
0.000754971351533536
0.000754971351533536
1.34816312773846e-05
0.000754971351533536
0.000579710144927536
0.000134816312773846
0.000525783619817998
0.000134816312773846
0.000754971351533536
0.000107853050219077
2.69632625547691e-05
0.000552746882372767
0.000283114256825076
0.000701044826423997
0.000593191776204921
0.000674081563869228
0.000728008088978766
4.04448938321537e-05
2.69632625547691e-05
0.000701044826423997
0.000606673407482305
0.000754971351533536
0.000660599932591844
0.00062015503875969
0.000647118301314459
0.000728008088978766
0.000754971351533536
0.000687563195146613
0.000754971351533536
0.000377485675766768
0.000728008088978766
0.000539265251095383
0.000188742837883384
0.000107853050219077
0.000121334681496461
0.000175261206605999
0.00014829794405123
0.000377485675766768
2.69632625547691e-05
2.69632625547691e-05
4.04448938321537e-05
0.000701044826423997
0.000674081563869228
2.69632625547691e-05
0.000701044826423997
0.000714526457701382
0.000579710144927536
0.000539265251095383
0.000687563195146613
0.00032355915065723
0.000593191776204921
0.000566228513650152
0.000714526457701382
0.000593191776204921
2.69632625547691e-05
2.69632625547691e-05
0.000647118301314459
1.34816312773846e-05
6.74081563869228e-05
0.000107853050219077
0.00029659588810246
0.000714526457701382
0.000121334681496461
4.04448938321537e-05
9.43714189416919e-05
9.43714189416919e-05
6.74081563869228e-05
6.74081563869228e-05
2.69632625547691e-05
4.04448938321537e-05
0.000701044826423997
0.000498820357263229
0.000539265251095383
0.00047185709470846
5.39265251095383e-05
9.43714189416919e-05
9.43714189416919e-05
0.000633636670037074
0.000121334681496461
6.74081563869228e-05
0.000121334681496461
0.000134816312773846
0.000579710144927536
0.000647118301314459
0.000566228513650152
1.34816312773846e-05
2.69632625547691e-05
1.34816312773846e-05
0.000134816312773846
0.000417930569598921
0.000525783619817998
0.000579710144927536
0.000593191776204921
0.000633636670037074
0.000633636670037074
0.000593191776204921
0.000215706100438153
0.000552746882372767
2.69632625547691e-05
0.000107853050219077
0.000633636670037074
0.000728008088978766
0.000714526457701382
0.000539265251095383
6.74081563869228e-05
0.000525783619817998
2.69632625547691e-05
0.000714526457701382
6.74081563869228e-05
6.74081563869228e-05
9.43714189416919e-05
9.43714189416919e-05
0.000364004044489383
0.000188742837883384
0.000121334681496461
0.000121334681496461
0.000498820357263229
0.000444893832153691
0.000539265251095383
0.000566228513650152
0.000701044826423997
0.000714526457701382
0.000728008088978766
0.000714526457701382
0.000525783619817998
0.000364004044489383
2.69632625547691e-05
0.000579710144927536
1.34816312773846e-05
5.39265251095383e-05
0.000107853050219077
9.43714189416919e-05
0.000539265251095383
0.000539265251095383
5.39265251095383e-05
0.000121334681496461
0.000687563195146613
0.00029659588810246
8.08897876643074e-05
0.000215706100438153
0.000539265251095383
2.69632625547691e-05
0.000107853050219077
0.000121334681496461
0.000107853050219077
1.34816312773846e-05
4.04448938321537e-05
6.74081563869228e-05
0.00014829794405123
5.39265251095383e-05
9.43714189416919e-05
5.39265251095383e-05
0.000660599932591844
1.34816312773846e-05
2.69632625547691e-05
9.43714189416919e-05
9.43714189416919e-05
0.000377485675766768
0.000512301988540613
6.74081563869228e-05
6.74081563869228e-05
2.69632625547691e-05
0.000458375463431075
0.000175261206605999
0.000188742837883384
0.000417930569598921
2.69632625547691e-05
0.000417930569598921
0.000390967307044152
0.000512301988540613
0.000188742837883384
0.000188742837883384
0.000107853050219077
0.000121334681496461
0.000121334681496461
0.000188742837883384
0.000283114256825076
0.000512301988540613
0.00047185709470846
0.00047185709470846
0.000390967307044152
0.000121334681496461
4.04448938321537e-05
0.000134816312773846
0.000390967307044152
0.000390967307044152
0.000417930569598921
4.04448938321537e-05
1.34816312773846e-05
0.000444893832153691
0.00029659588810246
0.00029659588810246
4.04448938321537e-05
2.69632625547691e-05
0.000417930569598921
0.000134816312773846
4.04448938321537e-05
2.69632625547691e-05
1.34816312773846e-05
1.34816312773846e-05
0.000175261206605999
0.000215706100438153
6.74081563869228e-05
0.00014829794405123
6.74081563869228e-05
0.000121334681496461
0.00014829794405123
0.000161779575328615
0.000215706100438153
0.000215706100438153
0.00014829794405123
0.000417930569598921
0.000431412200876306
6.74081563869228e-05
0.000134816312773846
0.000121334681496461
0.000417930569598921
0.00014829794405123
5.39265251095383e-05
0.00014829794405123
4.04448938321537e-05
0.000283114256825076
0.000256150994270307
0.000377485675766768
0.00047185709470846
4.04448938321537e-05
5.39265251095383e-05
4.04448938321537e-05
0.00014829794405123
0.000188742837883384
6.74081563869228e-05
0.000134816312773846
6.74081563869228e-05
5.39265251095383e-05
8.08897876643074e-05
8.08897876643074e-05
5.39265251095383e-05
0.000188742837883384
0.000377485675766768
4.04448938321537e-05
0.000431412200876306
4.04448938321537e-05
0.000417930569598921
0.000404448938321537
0.000512301988540613
0.000283114256825076
9.43714189416919e-05
4.04448938321537e-05
2.69632625547691e-05
1.34816312773846e-05
4.04448938321537e-05
5.39265251095383e-05
4.04448938321537e-05
0.000283114256825076
0.00047185709470846
0.00047185709470846
0.000161779575328615
0.000175261206605999
0.000121334681496461
2.69632625547691e-05
0.000417930569598921
0.000417930569598921
0.000404448938321537
4.04448938321537e-05
2.69632625547691e-05
2.69632625547691e-05
0.000134816312773846
0.000512301988540613
5.39265251095383e-05
0.00014829794405123
8.08897876643074e-05
0.000121334681496461
0.000161779575328615
0.000498820357263229
0.000444893832153691
0.000188742837883384
0.000256150994270307
4.04448938321537e-05
4.04448938321537e-05
0.000121334681496461
6.74081563869228e-05
6.74081563869228e-05
6.74081563869228e-05
2.69632625547691e-05
9.43714189416919e-05
0.000107853050219077
0.00029659588810246
0.00029659588810246
0.000107853050219077
0.000539265251095383
0.000525783619817998
0.000444893832153691
4.04448938321537e-05
0.000121334681496461
8.08897876643074e-05
0.000134816312773846
4.04448938321537e-05
0.000552746882372767
0.000539265251095383
9.43714189416919e-05
0.000498820357263229
6.74081563869228e-05
2.69632625547691e-05
0.000161779575328615
6.74081563869228e-05
0.00029659588810246
6.74081563869228e-05
0.000202224469160768
6.74081563869228e-05
0.00014829794405123
0.000121334681496461
0.000364004044489383
6.74081563869228e-05
8.08897876643074e-05
0.000579710144927536
0.000390967307044152
0.000107853050219077
6.74081563869228e-05
8.08897876643074e-05
6.74081563869228e-05
0.000107853050219077
0.000593191776204921
0.000512301988540613
0.000161779575328615
0.000107853050219077
5.39265251095383e-05
6.74081563869228e-05
6.74081563869228e-05
1.34816312773846e-05
0.000539265251095383
0.000579710144927536
0.000566228513650152
6.74081563869228e-05
8.08897876643074e-05
2.69632625547691e-05
1.34816312773846e-05
6.74081563869228e-05
8.08897876643074e-05
8.08897876643074e-05
0.000283114256825076
0.000283114256825076
8.08897876643074e-05
0.000485338725985844
5.39265251095383e-05
1.34816312773846e-05
0.000134816312773846
0.00014829794405123
9.43714189416919e-05
8.08897876643074e-05
0.000390967307044152
0.000364004044489383
0.000566228513650152
0.000377485675766768
0.000121334681496461
5.39265251095383e-05
0.000107853050219077
0.000121334681496461
0.000552746882372767
0.000566228513650152
8.08897876643074e-05
4.04448938321537e-05
0.000404448938321537
5.39265251095383e-05
4.04448938321537e-05
9.43714189416919e-05
5.39265251095383e-05
6.74081563869228e-05
5.39265251095383e-05
0.000390967307044152
0.000525783619817998
0.000552746882372767
0.000458375463431075
0.000579710144927536
4.04448938321537e-05
0.000485338725985844
2.69632625547691e-05
0.00032355915065723
4.04448938321537e-05
1.34816312773846e-05
0.000525783619817998
9.43714189416919e-05
0.00047185709470846
0.000539265251095383
0.000107853050219077
1.34816312773846e-05
2.69632625547691e-05
0.000390967307044152
0.000175261206605999
0.000579710144927536
0.000512301988540613
0.000566228513650152
0.000566228513650152
0.000539265251095383
0.000512301988540613
0.000134816312773846
0.000566228513650152
0.000310077519379845
0.000579710144927536
1.34816312773846e-05
1.34816312773846e-05
0.000310077519379845
0.000134816312773846
0.000377485675766768
0.000337040781934614
8.08897876643074e-05
0.000202224469160768
0.00014829794405123
0.00014829794405123
4.04448938321537e-05
2.69632625547691e-05
0.000121334681496461
0.000606673407482305
0.000579710144927536
0.000593191776204921
0.000606673407482305
5.39265251095383e-05
9.43714189416919e-05
0.00014829794405123
8.08897876643074e-05
0.000566228513650152
0.000593191776204921
0.000566228513650152
0.000606673407482305
5.39265251095383e-05
0.000593191776204921
0.000606673407482305
0.000134816312773846
0.00032355915065723
2.69632625547691e-05
1.34816312773846e-05
0.000377485675766768
0.000593191776204921
0.000229187731715538
0.000566228513650152
9.43714189416919e-05
2.69632625547691e-05
0.000593191776204921
0.000512301988540613
0.000229187731715538
0.000175261206605999
0.000107853050219077
4.04448938321537e-05
0.000175261206605999
0.000121334681496461
6.74081563869228e-05
4.04448938321537e-05
0.000539265251095383
0.000593191776204921
0.000593191776204921
8.08897876643074e-05
0.000134816312773846
6.74081563869228e-05
1.34816312773846e-05
0.000606673407482305
8.08897876643074e-05
5.39265251095383e-05
6.74081563869228e-05
0.000107853050219077
0.000175261206605999
0.000161779575328615
0.000579710144927536
0.000606673407482305
0.000606673407482305
0.000525783619817998
0.000202224469160768
0.000202224469160768
0.000566228513650152
4.04448938321537e-05
0.000525783619817998
4.04448938321537e-05
0.000579710144927536
0.000593191776204921
2.69632625547691e-05
2.69632625547691e-05
0.000134816312773846
0.000134816312773846
0.000107853050219077
0.000593191776204921
0.000593191776204921
0.00062015503875969
0.000593191776204921
5.39265251095383e-05
9.43714189416919e-05
6.74081563869228e-05
5.39265251095383e-05
0.000215706100438153
0.000161779575328615
0.000175261206605999
0.000175261206605999
0.000134816312773846
0.000566228513650152
0.00014829794405123
0.000175261206605999
2.69632625547691e-05
0.000606673407482305
0.000175261206605999
9.43714189416919e-05
0.000593191776204921
1.34816312773846e-05
0.000606673407482305
0.000593191776204921
0.000512301988540613
0.000512301988540613
0.000593191776204921
0.000593191776204921
0.000390967307044152
0.000593191776204921
0.000134816312773846
0.00014829794405123
0.000566228513650152
0.000606673407482305
8.08897876643074e-05
0.000134816312773846
0.00014829794405123
0.000107853050219077
1.34816312773846e-05
8.08897876643074e-05
8.08897876643074e-05
5.39265251095383e-05
5.39265251095383e-05
0.00062015503875969
1.34816312773846e-05
0.000107853050219077
1.34816312773846e-05
0.000310077519379845
0.000431412200876306
0.000283114256825076
0.000310077519379845
0.000364004044489383
0.000134816312773846
0.000121334681496461
0.000269632625547691
0.000107853050219077
6.74081563869228e-05
0.000431412200876306
9.43714189416919e-05
0.000107853050219077
6.74081563869228e-05
0.00014829794405123
0.000269632625547691
2.69632625547691e-05
6.74081563869228e-05
0.000310077519379845
0.000364004044489383
5.39265251095383e-05
0.000161779575328615
0.00047185709470846
0.00032355915065723
2.69632625547691e-05
9.43714189416919e-05
4.04448938321537e-05
4.04448938321537e-05
0.000215706100438153
0.000256150994270307
6.74081563869228e-05
0.00014829794405123
9.43714189416919e-05
4.04448938321537e-05
8.08897876643074e-05
4.04448938321537e-05
1.34816312773846e-05
0.00014829794405123
9.43714189416919e-05
0.000417930569598921
0.00014829794405123
0.000364004044489383
0.000431412200876306
6.74081563869228e-05
0.000121334681496461
0.00014829794405123
0.000134816312773846
0.000107853050219077
4.04448938321537e-05
0.000134816312773846
9.43714189416919e-05
0.000107853050219077
0.000107853050219077
0.000107853050219077
0.000107853050219077
0.00014829794405123
0.000161779575328615
2.69632625547691e-05
0.000364004044489383
0.000404448938321537
0.00014829794405123
0.000107853050219077
8.08897876643074e-05
0.00014829794405123
0.000107853050219077
2.69632625547691e-05
5.39265251095383e-05
5.39265251095383e-05
0.00014829794405123
0.000310077519379845
4.04448938321537e-05
1.34816312773846e-05
0.000107853050219077
0.000121334681496461
1.34816312773846e-05
0.00047185709470846
0.000485338725985844
0.000404448938321537
8.08897876643074e-05
5.39265251095383e-05
4.04448938321537e-05
9.43714189416919e-05
8.08897876643074e-05
2.69632625547691e-05
0.000188742837883384
0.000107853050219077
4.04448938321537e-05
0.000337040781934614
0.000121334681496461
5.39265251095383e-05
0.000107853050219077
0.000458375463431075
0.000417930569598921
0.00047185709470846
2.69632625547691e-05
8.08897876643074e-05
0.000485338725985844
0.000350522413211999
0.000364004044489383
0.000431412200876306
5.39265251095383e-05
0.00014829794405123
0.000134816312773846
0.00014829794405123
0.000134816312773846
0.000107853050219077
8.08897876643074e-05
0.000107853050219077
0.000350522413211999
0.000350522413211999
0.000134816312773846
6.74081563869228e-05
9.43714189416919e-05
0.000107853050219077
0.000431412200876306
0.000431412200876306
0.000364004044489383
0.000337040781934614
9.43714189416919e-05
0.000107853050219077
0.000121334681496461
0.00014829794405123
8.08897876643074e-05
5.39265251095383e-05
9.43714189416919e-05
6.74081563869228e-05
0.000525783619817998
0.000202224469160768
0.000121334681496461
0.000552746882372767
0.000633636670037074
0.00062015503875969
0.000188742837883384
0.000633636670037074
0.000633636670037074
0.000525783619817998
0.000512301988540613
0.000498820357263229
0.00032355915065723
0.000134816312773846
5.39265251095383e-05
0.000121334681496461
6.74081563869228e-05
0.000633636670037074
1.34816312773846e-05
0.000134816312773846
0.000525783619817998
0.00062015503875969
0.000633636670037074
0.000633636670037074
5.39265251095383e-05
0.000215706100438153
0.000121334681496461
0.000134816312773846
0.00062015503875969
0.000525783619817998
0.000633636670037074
0.00047185709470846
0.000579710144927536
0.000647118301314459
0.00062015503875969
9.43714189416919e-05
0.000175261206605999
0.000121334681496461
0.000498820357263229
9.43714189416919e-05
0.000121334681496461
0.000633636670037074
0.000134816312773846
0.000566228513650152
0.000121334681496461
0.000498820357263229
0.000633636670037074
5.39265251095383e-05
0.00062015503875969
4.04448938321537e-05
0.000202224469160768
0.000161779575328615
0.00014829794405123
0.00014829794405123
0.000161779575328615
0.000134816312773846
0.000498820357263229
0.000498820357263229
0.000215706100438153
0.000202224469160768
0.000175261206605999
0.000188742837883384
0.000633636670037074
0.00047185709470846
0.000633636670037074
0.000633636670037074
1.34816312773846e-05
5.39265251095383e-05
0.000633636670037074
0.000633636670037074
0.00014829794405123
0.000188742837883384
8.08897876643074e-05
0.000134816312773846
0.000633636670037074
0.000633636670037074
0.000256150994270307
0.000525783619817998
4.04448938321537e-05
0.000202224469160768
0.000161779575328615
1.34816312773846e-05
0.000121334681496461
0.00014829794405123
0.000633636670037074
0.000202224469160768
0.000202224469160768
0.000188742837883384
0.000498820357263229
0.000161779575328615
0.000161779575328615
0.000161779575328615
0.000188742837883384
0.000647118301314459
1.34816312773846e-05
4.04448938321537e-05
0.000161779575328615
5.39265251095383e-05
4.04448938321537e-05
1.34816312773846e-05
2.69632625547691e-05
5.39265251095383e-05
9.43714189416919e-05
0.000121334681496461
5.39265251095383e-05
4.04448938321537e-05
5.39265251095383e-05
1.34816312773846e-05
0.000525783619817998
0.000121334681496461
0.000498820357263229
0.000498820357263229
0.000107853050219077
0.000364004044489383
4.04448938321537e-05
0.000525783619817998
0.000525783619817998
0.000121334681496461
0.000566228513650152
0.000121334681496461
9.43714189416919e-05
0.000161779575328615
0.00014829794405123
4.04448938321537e-05
0.000539265251095383
0.00062015503875969
0.000579710144927536
0.000633636670037074
1.34816312773846e-05
1.34816312773846e-05
0.000161779575328615
0.00014829794405123
0.000107853050219077
0.000269632625547691
6.74081563869228e-05
0.000161779575328615
0.000417930569598921
0.000175261206605999
4.04448938321537e-05
0.00062015503875969
1.34816312773846e-05
0.00014829794405123
9.43714189416919e-05
5.39265251095383e-05
0.000134816312773846
8.08897876643074e-05
0.00014829794405123
0.000175261206605999
0.000175261206605999
0.00062015503875969
0.000161779575328615
0.000687563195146613
0.000674081563869228
0.000390967307044152
0.000579710144927536
0.000134816312773846
0.000188742837883384
0.000175261206605999
0.000188742837883384
0.000660599932591844
9.43714189416919e-05
0.000687563195146613
0.000525783619817998
0.000161779575328615
9.43714189416919e-05
0.000161779575328615
0.000377485675766768
0.000134816312773846
0.000188742837883384
0.000175261206605999
0.000647118301314459
0.000525783619817998
0.000539265251095383
0.000539265251095383
1.34816312773846e-05
6.74081563869228e-05
0.000121334681496461
0.00062015503875969
1.34816312773846e-05
0.000175261206605999
0.000161779575328615
0.000175261206605999
0.000175261206605999
0.000687563195146613
0.000579710144927536
0.00062015503875969
1.34816312773846e-05
0.000161779575328615
0.000242669362992922
5.39265251095383e-05
0.00062015503875969
0.00062015503875969
0.000633636670037074
0.00062015503875969
6.74081563869228e-05
0.000121334681496461
0.00014829794405123
2.69632625547691e-05
0.000134816312773846
0.000593191776204921
0.000161779575328615
1.34816312773846e-05
1.34816312773846e-05
8.08897876643074e-05
0.00014829794405123
2.69632625547691e-05
0.000175261206605999
0.000404448938321537
0.000660599932591844
0.000660599932591844
0.000660599932591844
0.000647118301314459
0.000633636670037074
0.000579710144927536
0.000687563195146613
0.000687563195146613
0.000161779575328615
0.000647118301314459
1.34816312773846e-05
0.000364004044489383
0.00062015503875969
0.000633636670037074
0.00014829794405123
0.000175261206605999
0.000161779575328615
8.08897876643074e-05
0.000121334681496461
6.74081563869228e-05
0.00062015503875969
0.000633636670037074
6.74081563869228e-05
0.000175261206605999
0.00047185709470846
4.04448938321537e-05
8.08897876643074e-05
0.000633636670037074
6.74081563869228e-05
0.000161779575328615
0.00029659588810246
0.00029659588810246
0.00014829794405123
0.000175261206605999
0.000579710144927536
0.000660599932591844
0.00062015503875969
0.000687563195146613
0.000525783619817998
0.00047185709470846
0.000121334681496461
4.04448938321537e-05
2.69632625547691e-05
0.000552746882372767
0.00076845298281092
0.000754971351533536
0.000202224469160768
0.000161779575328615
0.000215706100438153
0.000714526457701382
0.000754971351533536
6.74081563869228e-05
0.000593191776204921
0.000660599932591844
0.000647118301314459
6.74081563869228e-05
9.43714189416919e-05
0.000107853050219077
0.00076845298281092
0.000566228513650152
6.74081563869228e-05
6.74081563869228e-05
0.000121334681496461
0.000754971351533536
0.000741489720256151
0.000566228513650152
0.00076845298281092
0.000593191776204921
0.000364004044489383
0.000593191776204921
0.000579710144927536
4.04448938321537e-05
1.34816312773846e-05
0.000242669362992922
9.43714189416919e-05
6.74081563869228e-05
4.04448938321537e-05
5.39265251095383e-05
0.000754971351533536
1.34816312773846e-05
0.000134816312773846
0.000647118301314459
0.000633636670037074
0.000202224469160768
0.000633636670037074
0.000229187731715538
0.000202224469160768
0.000188742837883384
0.000754971351533536
4.04448938321537e-05
5.39265251095383e-05
0.000754971351533536
6.74081563869228e-05
0.000242669362992922
0.000714526457701382
0.000754971351533536
0.000633636670037074
0.000566228513650152
0.000593191776204921
0.000566228513650152
0.000754971351533536
0.000754971351533536
0.000674081563869228
0.00062015503875969
0.000593191776204921
0.000660599932591844
0.00076845298281092
0.000754971351533536
0.000687563195146613
0.000754971351533536
0.000134816312773846
0.000269632625547691
0.00014829794405123
0.000593191776204921
0.000754971351533536
1.34816312773846e-05
0.00076845298281092
0.000566228513650152
5.39265251095383e-05
0.000754971351533536
0.000754971351533536
5.39265251095383e-05
2.69632625547691e-05
0.00014829794405123
0.000202224469160768
0.00014829794405123
0.000134816312773846
0.000134816312773846
0.00014829794405123
0.000593191776204921
5.39265251095383e-05
0.000593191776204921
5.39265251095383e-05
0.000161779575328615
0.000175261206605999
0.000107853050219077
0.000754971351533536
0.000202224469160768
4.04448938321537e-05
0.00076845298281092
0.00076845298281092
0.000754971351533536
0.000593191776204921
0.000310077519379845
6.74081563869228e-05
2.69632625547691e-05
0.000175261206605999
8.08897876643074e-05
0.000525783619817998
0.000175261206605999
0.000754971351533536
2.69632625547691e-05
2.69632625547691e-05
4.04448938321537e-05
0.000606673407482305
5.39265251095383e-05
4.04448938321537e-05
0.00014829794405123
2.69632625547691e-05
6.74081563869228e-05
0.000242669362992922
0.000566228513650152
0.000121334681496461
0.000242669362992922
2.69632625547691e-05
2.69632625547691e-05
0.000242669362992922
0.000107853050219077
0.000674081563869228
0.000161779575328615
0.000188742837883384
0.000134816312773846
0.000835861139197843
6.74081563869228e-05
1.34816312773846e-05
1.34816312773846e-05
0.000134816312773846
0.000188742837883384
0.000835861139197843
0.000835861139197843
0.000876306033029997
0.000808897876643074
0.000161779575328615
0.000808897876643074
0.000215706100438153
0.00014829794405123
0.000202224469160768
0.000188742837883384
0.000215706100438153
0.000188742837883384
0.00076845298281092
0.00076845298281092
0.00076845298281092
0.000674081563869228
0.000687563195146613
0.000728008088978766
0.000741489720256151
0.000741489720256151
0.000121334681496461
0.000808897876643074
1.34816312773846e-05
0.000835861139197843
0.000835861139197843
0.000822379507920458
0.000822379507920458
0.000808897876643074
0.000808897876643074
0.000754971351533536
0.000822379507920458
0.000822379507920458
0.000808897876643074
9.43714189416919e-05
8.08897876643074e-05
0.000835861139197843
8.08897876643074e-05
2.69632625547691e-05
0.000835861139197843
0.000835861139197843
0.000121334681496461
0.000175261206605999
9.43714189416919e-05
0.000134816312773846
1.34816312773846e-05
9.43714189416919e-05
0.000701044826423997
8.08897876643074e-05
0.000134816312773846
0.000121334681496461
0.000795416245365689
4.04448938321537e-05
0.000822379507920458
0.000808897876643074
6.74081563869228e-05
5.39265251095383e-05
0.000741489720256151
0.00032355915065723
0.000754971351533536
0.000728008088978766
1.34816312773846e-05
1.34816312773846e-05
0.000134816312773846
5.39265251095383e-05
1.34816312773846e-05
6.74081563869228e-05
0.000835861139197843
0.000849342770475227
0.00076845298281092
0.000835861139197843
0.000107853050219077
0.000121334681496461
0.000822379507920458
0.000835861139197843
9.43714189416919e-05
4.04448938321537e-05
6.74081563869228e-05
0.000202224469160768
0.000566228513650152
0.000161779575328615
0.000741489720256151
0.00076845298281092
0.00076845298281092
1.34816312773846e-05
0.000822379507920458
0.000822379507920458
0.000134816312773846
0.000364004044489383
0.000134816312773846
0.000161779575328615
0.000822379507920458
5.39265251095383e-05
6.74081563869228e-05
5.39265251095383e-05
0.000121334681496461
6.74081563869228e-05
0.000202224469160768
0.000202224469160768
6.74081563869228e-05
1.34816312773846e-05
0.000808897876643074
0.000134816312773846
0.00014829794405123
0.000822379507920458
0.000822379507920458
0.000822379507920458
0.000161779575328615
0.000202224469160768
0.000175261206605999
0.000188742837883384
6.74081563869228e-05
0.000822379507920458
0.00014829794405123
0.000215706100438153
5.39265251095383e-05
0.000242669362992922
0.000188742837883384
0.000134816312773846
0.000134816312773846
6.74081563869228e-05
9.43714189416919e-05
6.74081563869228e-05
6.74081563869228e-05
6.74081563869228e-05
9.43714189416919e-05
0.000593191776204921
6.74081563869228e-05
0.000606673407482305
1.34816312773846e-05
0.000134816312773846
0.000674081563869228
0.000741489720256151
0.000579710144927536
2.69632625547691e-05
1.34816312773846e-05
0.000741489720256151
9.43714189416919e-05
0.00076845298281092
0.000741489720256151
5.39265251095383e-05
6.74081563869228e-05
8.08897876643074e-05
8.08897876643074e-05
0.000134816312773846
0.000202224469160768
0.000134816312773846
0.000134816312773846
0.000134816312773846
0.000134816312773846
0.000229187731715538
1.34816312773846e-05
0.000188742837883384
0.000593191776204921
0.000593191776204921
0.000525783619817998
0.000579710144927536
0.000256150994270307
0.000242669362992922
0.00062015503875969
0.000606673407482305
5.39265251095383e-05
6.74081563869228e-05
0.00062015503875969
0.000579710144927536
0.000161779575328615
0.000606673407482305
0.000134816312773846
0.000121334681496461
8.08897876643074e-05
1.34816312773846e-05
0.000552746882372767
2.69632625547691e-05
0.000242669362992922
0.000161779575328615
0.000606673407482305
0.000485338725985844
0.000579710144927536
0.000606673407482305
0.000579710144927536
0.000579710144927536
2.69632625547691e-05
5.39265251095383e-05
9.43714189416919e-05
0.000121334681496461
5.39265251095383e-05
0.000107853050219077
0.000552746882372767
9.43714189416919e-05
9.43714189416919e-05
9.43714189416919e-05
8.08897876643074e-05
0.000188742837883384
0.000498820357263229
0.000593191776204921
2.69632625547691e-05
2.69632625547691e-05
5.39265251095383e-05
9.43714189416919e-05
0.000107853050219077
6.74081563869228e-05
0.000202224469160768
0.000215706100438153
0.000579710144927536
0.000579710144927536
8.08897876643074e-05
8.08897876643074e-05
0.000121334681496461
0.000134816312773846
0.000606673407482305
0.00062015503875969
0.000606673407482305
0.000606673407482305
4.04448938321537e-05
8.08897876643074e-05
5.39265251095383e-05
0.000121334681496461
0.000606673407482305
0.000593191776204921
0.00014829794405123
0.000121334681496461
0.000579710144927536
0.000579710144927536
0.00014829794405123
0.00014829794405123
0.000134816312773846
0.000134816312773846
1.34816312773846e-05
0.000134816312773846
6.74081563869228e-05
4.04448938321537e-05
8.08897876643074e-05
8.08897876643074e-05
8.08897876643074e-05
0.000606673407482305
0.00062015503875969
0.00062015503875969
0.00062015503875969
0.000579710144927536
0.000552746882372767
0.000188742837883384
0.000377485675766768
0.000593191776204921
0.000175261206605999
9.43714189416919e-05
6.74081563869228e-05
0.00014829794405123
9.43714189416919e-05
6.74081563869228e-05
0.000606673407482305
0.000525783619817998
8.08897876643074e-05
0.00014829794405123
6.74081563869228e-05
6.74081563869228e-05
0.000256150994270307
0.000188742837883384
0.000364004044489383
0.000566228513650152
2.69632625547691e-05
0.000121334681496461
0.000593191776204921
0.00014829794405123
0.000606673407482305
9.43714189416919e-05
0.000107853050219077
6.74081563869228e-05
6.74081563869228e-05
4.04448938321537e-05
9.43714189416919e-05
0.000121334681496461
5.39265251095383e-05
0.000485338725985844
0.000134816312773846
0.000525783619817998
0.000579710144927536
0.000229187731715538
0.00014829794405123
0.000202224469160768
9.43714189416919e-05
6.74081563869228e-05
0.000134816312773846
0.000175261206605999
0.00014829794405123
0.000107853050219077
0.000134816312773846
9.43714189416919e-05
0.000256150994270307
0.000566228513650152
9.43714189416919e-05
0.000121334681496461
0.000579710144927536
4.04448938321537e-05
0.00062015503875969
0.00062015503875969
0.000606673407482305
0.000606673407482305
4.04448938321537e-05
0.000593191776204921
0.000269632625547691
0.00032355915065723
0.000161779575328615
9.43714189416919e-05
0.00014829794405123
6.74081563869228e-05
0.000606673407482305
0.00062015503875969
9.43714189416919e-05
0.000512301988540613
2.69632625547691e-05
2.69632625547691e-05
8.08897876643074e-05
0.000404448938321537
0.000121334681496461
0.000606673407482305
0.000417930569598921
0.000121334681496461
5.39265251095383e-05
0.000121334681496461
5.39265251095383e-05
0.00062015503875969
0.000606673407482305
0.000310077519379845
0.000350522413211999
0.000202224469160768
0.000229187731715538
0.000593191776204921
0.000215706100438153
0.000404448938321537
0.000215706100438153
5.39265251095383e-05
0.000593191776204921
0.000566228513650152
0.000269632625547691
0.000593191776204921
0.000593191776204921
0.000498820357263229
0.000606673407482305
0.00032355915065723
0.000593191776204921
0.000579710144927536
0.000606673407482305
0.000606673407482305
4.04448938321537e-05
0.000390967307044152
2.69632625547691e-05
9.43714189416919e-05
5.39265251095383e-05
5.39265251095383e-05
2.69632625547691e-05
5.39265251095383e-05
4.04448938321537e-05
0.000606673407482305
2.69632625547691e-05
9.43714189416919e-05
0.000606673407482305
0.000593191776204921
0.000579710144927536
0.000593191776204921
0.00014829794405123
0.000175261206605999
0.000175261206605999
0.000525783619817998
0.000215706100438153
0.00047185709470846
0.000202224469160768
0.000566228513650152
0.000579710144927536
0.000606673407482305
0.000215706100438153
0.000188742837883384
0.000606673407482305
0.00062015503875969
0.000606673407482305
0.000552746882372767
0.000215706100438153
4.04448938321537e-05
9.43714189416919e-05
0.000134816312773846
0.000188742837883384
0.000593191776204921
4.04448938321537e-05
0.000256150994270307
5.39265251095383e-05
2.69632625547691e-05
2.69632625547691e-05
1.34816312773846e-05
0.000431412200876306
2.69632625547691e-05
0.000606673407482305
0.000593191776204921
0.000175261206605999
0.000256150994270307
6.74081563869228e-05
0.000121334681496461
2.69632625547691e-05
0.000188742837883384
0.000256150994270307
0.000364004044489383
0.000795416245365689
0.000121334681496461
0.000175261206605999
0.000714526457701382
0.000754971351533536
0.00076845298281092
0.00047185709470846
0.000269632625547691
0.000566228513650152
0.000606673407482305
0.000754971351533536
0.000754971351533536
1.34816312773846e-05
4.04448938321537e-05
0.000687563195146613
0.000674081563869228
0.000714526457701382
2.69632625547691e-05
2.69632625547691e-05
0.000229187731715538
0.000701044826423997
0.000687563195146613
0.000633636670037074
0.000188742837883384
0.00014829794405123
0.000701044826423997
0.000701044826423997
0.000121334681496461
0.000134816312773846
0.000701044826423997
0.000701044826423997
0.000134816312773846
0.000579710144927536
4.04448938321537e-05
0.000701044826423997
1.34816312773846e-05
0.000808897876643074
1.34816312773846e-05
0.000714526457701382
0.000728008088978766
0.000714526457701382
0.000701044826423997
2.69632625547691e-05
1.34816312773846e-05
2.69632625547691e-05
1.34816312773846e-05
0.000701044826423997
0.000701044826423997
0.000215706100438153
0.000701044826423997
6.74081563869228e-05
8.08897876643074e-05
6.74081563869228e-05
0.000134816312773846
0.000215706100438153
0.000728008088978766
0.00014829794405123
6.74081563869228e-05
1.34816312773846e-05
0.000121334681496461
0.000121334681496461
0.000188742837883384
0.000188742837883384
0.000242669362992922
0.000215706100438153
6.74081563869228e-05
8.08897876643074e-05
0.000161779575328615
0.00014829794405123
0.000215706100438153
4.04448938321537e-05
6.74081563869228e-05
0.000242669362992922
0.000593191776204921
0.000714526457701382
4.04448938321537e-05
0.000161779575328615
0.000202224469160768
0.000188742837883384
6.74081563869228e-05
0.000161779575328615
0.000188742837883384
0.000202224469160768
0.000188742837883384
0.000714526457701382
0.000714526457701382
0.000606673407482305
0.000107853050219077
0.000741489720256151
0.000741489720256151
0.000781934614088305
0.000754971351533536
0.00029659588810246
0.000728008088978766
5.39265251095383e-05
0.000256150994270307
2.69632625547691e-05
1.34816312773846e-05
2.69632625547691e-05
0.000714526457701382
0.000701044826423997
0.000701044826423997
0.000134816312773846
2.69632625547691e-05
2.69632625547691e-05
0.00029659588810246
0.000714526457701382
0.00029659588810246
0.000728008088978766
0.000795416245365689
0.000377485675766768
0.000795416245365689
0.000701044826423997
0.000161779575328615
0.000202224469160768
0.000242669362992922
5.39265251095383e-05
4.04448938321537e-05
6.74081563869228e-05
4.04448938321537e-05
0.000256150994270307
0.000229187731715538
2.69632625547691e-05
0.000579710144927536
4.04448938321537e-05
4.04448938321537e-05
0.000579710144927536
0.00014829794405123
0.000107853050219077
0.000229187731715538
0.000781934614088305
0.000754971351533536
0.000741489720256151
0.000741489720256151
4.04448938321537e-05
1.34816312773846e-05
5.39265251095383e-05
6.74081563869228e-05
0.000161779575328615
6.74081563869228e-05
0.000107853050219077
0.000175261206605999
4.04448938321537e-05
0.000876306033029997
0.000674081563869228
0.000728008088978766
9.43714189416919e-05
9.43714189416919e-05
6.74081563869228e-05
4.04448938321537e-05
0.000728008088978766
0.000134816312773846
9.43714189416919e-05
0.00014829794405123
5.39265251095383e-05
6.74081563869228e-05
0.000121334681496461
4.04448938321537e-05
2.69632625547691e-05
0.000701044826423997
0.000795416245365689
0.000862824401752612
0.000741489720256151
0.000849342770475227
9.43714189416919e-05
9.43714189416919e-05
0.000849342770475227
9.43714189416919e-05
0.000741489720256151
0.000876306033029997
0.000889787664307381
0.000849342770475227
0.000876306033029997
0.000390967307044152
0.000161779575328615
5.39265251095383e-05
2.69632625547691e-05
8.08897876643074e-05
0.000728008088978766
0.00032355915065723
0.000849342770475227
0.000835861139197843
0.000849342770475227
0.00062015503875969
0.000849342770475227
0.000835861139197843
1.34816312773846e-05
0.000849342770475227
0.000161779575328615
0.000660599932591844
5.39265251095383e-05
0.000458375463431075
0.000701044826423997
0.000741489720256151
0.000256150994270307
0.000849342770475227
0.000175261206605999
0.000674081563869228
0.000741489720256151
0.000714526457701382
0.000889787664307381
0.000876306033029997
0.000701044826423997
6.74081563869228e-05
0.000862824401752612
0.000849342770475227
0.000835861139197843
4.04448938321537e-05
0.00076845298281092
0.000741489720256151
0.000849342770475227
0.00014829794405123
0.00014829794405123
0.000701044826423997
0.00029659588810246
0.000889787664307381
6.74081563869228e-05
0.000107853050219077
2.69632625547691e-05
0.000701044826423997
2.69632625547691e-05
1.34816312773846e-05
6.74081563869228e-05
1.34816312773846e-05
0.000660599932591844
0.000835861139197843
0.000377485675766768
5.39265251095383e-05
0.00062015503875969
4.04448938321537e-05
0.000674081563869228
0.000256150994270307
0.000593191776204921
0.000849342770475227
0.000876306033029997
9.43714189416919e-05
4.04448938321537e-05
0.00014829794405123
0.000161779575328615
0.000417930569598921
0.000269632625547691
0.000741489720256151
1.34816312773846e-05
0.000889787664307381
0.000687563195146613
5.39265251095383e-05
5.39265251095383e-05
0.000161779575328615
9.43714189416919e-05
2.69632625547691e-05
5.39265251095383e-05
0.000876306033029997
0.000835861139197843
5.39265251095383e-05
6.74081563869228e-05
0.000728008088978766
5.39265251095383e-05
2.69632625547691e-05
5.39265251095383e-05
4.04448938321537e-05
4.04448938321537e-05
6.74081563869228e-05
0.000849342770475227
0.00014829794405123
0.000188742837883384
0.000134816312773846
9.43714189416919e-05
0.000835861139197843
0.000822379507920458
0.000862824401752612
0.000889787664307381
0.000431412200876306
0.000714526457701382
0.000404448938321537
0.000741489720256151
5.39265251095383e-05
4.04448938321537e-05
6.74081563869228e-05
9.43714189416919e-05
0.000633636670037074
0.000647118301314459
4.04448938321537e-05
6.74081563869228e-05
6.74081563869228e-05
0.000229187731715538
0.000202224469160768
0.000566228513650152
0.000107853050219077
5.39265251095383e-05
0.000633636670037074
0.000134816312773846
8.08897876643074e-05
0.000175261206605999
0.000175261206605999
5.39265251095383e-05
0.000121334681496461
0.000647118301314459
0.000633636670037074
0.000121334681496461
0.000647118301314459
0.000215706100438153
6.74081563869228e-05
0.000215706100438153
0.000202224469160768
0.000215706100438153
6.74081563869228e-05
0.000107853050219077
0.000107853050219077
0.000539265251095383
0.000107853050219077
0.000647118301314459
0.000633636670037074
8.08897876643074e-05
0.000215706100438153
4.04448938321537e-05
8.08897876643074e-05
0.00062015503875969
2.69632625547691e-05
1.34816312773846e-05
5.39265251095383e-05
0.000161779575328615
0.000107853050219077
0.000107853050219077
0.000134816312773846
0.000161779575328615
0.000175261206605999
0.000121334681496461
0.000579710144927536
0.000647118301314459
0.000633636670037074
0.000107853050219077
9.43714189416919e-05
0.00062015503875969
4.04448938321537e-05
4.04448938321537e-05
0.00062015503875969
0.00062015503875969
0.00062015503875969
0.00014829794405123
8.08897876643074e-05
0.00062015503875969
0.00062015503875969
4.04448938321537e-05
0.000444893832153691
0.00062015503875969
0.000539265251095383
0.00062015503875969
0.00062015503875969
0.000647118301314459
0.000593191776204921
0.000175261206605999
0.000161779575328615
0.000161779575328615
0.000121334681496461
9.43714189416919e-05
5.39265251095383e-05
0.000107853050219077
1.34816312773846e-05
5.39265251095383e-05
5.39265251095383e-05
0.000215706100438153
0.000647118301314459
1.34816312773846e-05
0.000134816312773846
5.39265251095383e-05
0.000579710144927536
4.04448938321537e-05
0.00062015503875969
2.69632625547691e-05
0.000215706100438153
0.000202224469160768
6.74081563869228e-05
0.000188742837883384
6.74081563869228e-05
5.39265251095383e-05
0.000161779575328615
0.000121334681496461
0.000229187731715538
6.74081563869228e-05
2.69632625547691e-05
5.39265251095383e-05
0.00062015503875969
0.000202224469160768
0.00062015503875969
0.000202224469160768
1.34816312773846e-05
0.000188742837883384
0.000215706100438153
9.43714189416919e-05
6.74081563869228e-05
0.000633636670037074
0.00062015503875969
2.69632625547691e-05
0.000633636670037074
0.000161779575328615
2.69632625547691e-05
0.000161779575328615
0.000161779575328615
0.00014829794405123
0.000229187731715538
0.00062015503875969
0.00062015503875969
0.00062015503875969
0.00062015503875969
9.43714189416919e-05
0.000202224469160768
0.000121334681496461
9.43714189416919e-05
0.000606673407482305
0.000633636670037074
0.000566228513650152
0.00062015503875969
0.000566228513650152
0.00014829794405123
0.00062015503875969
0.000647118301314459
0.00062015503875969
2.69632625547691e-05
0.00014829794405123
0.000175261206605999
9.43714189416919e-05
9.43714189416919e-05
6.74081563869228e-05
0.000310077519379845
1.34816312773846e-05
5.39265251095383e-05
6.74081563869228e-05
0.000310077519379845
0.000107853050219077
6.74081563869228e-05
5.39265251095383e-05
0.000310077519379845
0.000202224469160768
5.39265251095383e-05
0.000310077519379845
4.04448938321537e-05
0.000350522413211999
0.000283114256825076
0.000310077519379845
5.39265251095383e-05
4.04448938321537e-05
0.00029659588810246
0.000337040781934614
6.74081563869228e-05
9.43714189416919e-05
8.08897876643074e-05
0.000337040781934614
8.08897876643074e-05
0.000310077519379845
8.08897876643074e-05
8.08897876643074e-05
0.000107853050219077
8.08897876643074e-05
0.000229187731715538
0.000229187731715538
0.000269632625547691
5.39265251095383e-05
1.34816312773846e-05
5.39265251095383e-05
0.000310077519379845
0.000337040781934614
6.74081563869228e-05
6.74081563869228e-05
8.08897876643074e-05
0.000310077519379845
5.39265251095383e-05
5.39265251095383e-05
5.39265251095383e-05
5.39265251095383e-05
8.08897876643074e-05
5.39265251095383e-05
6.74081563869228e-05
0.00029659588810246
0.000310077519379845
2.69632625547691e-05
6.74081563869228e-05
0.00029659588810246
0.000337040781934614
6.74081563869228e-05
8.08897876643074e-05
1.34816312773846e-05
8.08897876643074e-05
8.08897876643074e-05
2.69632625547691e-05
5.39265251095383e-05
0.000310077519379845
5.39265251095383e-05
9.43714189416919e-05
9.43714189416919e-05
4.04448938321537e-05
0.000310077519379845
1.34816312773846e-05
4.04448938321537e-05
9.43714189416919e-05
0.000269632625547691
6.74081563869228e-05
0.000202224469160768
6.74081563869228e-05
9.43714189416919e-05
0.000417930569598921
0.000458375463431075
1.34816312773846e-05
0.000134816312773846
1.34816312773846e-05
0.000134816312773846
8.08897876643074e-05
0.000121334681496461
0.000404448938321537
0.000404448938321537
0.000444893832153691
4.04448938321537e-05
0.000107853050219077
1.34816312773846e-05
6.74081563869228e-05
0.000444893832153691
0.000444893832153691
0.000444893832153691
8.08897876643074e-05
9.43714189416919e-05
8.08897876643074e-05
5.39265251095383e-05
1.34816312773846e-05
1.34816312773846e-05
0.000310077519379845
0.000364004044489383
0.000390967307044152
0.000364004044489383
0.000364004044489383
8.08897876643074e-05
0.000121334681496461
0.000121334681496461
0.000121334681496461
0.000444893832153691
0.000458375463431075
8.08897876643074e-05
0.000390967307044152
0.000107853050219077
0.000364004044489383
9.43714189416919e-05
0.00014829794405123
2.69632625547691e-05
5.39265251095383e-05
0.000458375463431075
0.000431412200876306
0.000458375463431075
2.69632625547691e-05
8.08897876643074e-05
4.04448938321537e-05
0.000107853050219077
0.000444893832153691
0.000458375463431075
0.000390967307044152
0.000107853050219077
0.000364004044489383
1.34816312773846e-05
0.000458375463431075
0.000444893832153691
0.000444893832153691
0.000364004044489383
0.000444893832153691
8.08897876643074e-05
0.000431412200876306
1.34816312773846e-05
5.39265251095383e-05
0.000107853050219077
0.00029659588810246
1.34816312773846e-05
8.08897876643074e-05
2.69632625547691e-05
9.43714189416919e-05
0.000350522413211999
0.000458375463431075
5.39265251095383e-05
1.34816312773846e-05
0.000121334681496461
4.04448938321537e-05
2.69632625547691e-05
0.000107853050219077
0.000458375463431075
0.000458375463431075
1.34816312773846e-05
9.43714189416919e-05
0.000121334681496461
0.000121334681496461
0.000283114256825076
5.39265251095383e-05
0.000188742837883384
0.000188742837883384
4.04448938321537e-05
8.08897876643074e-05
0.000215706100438153
8.08897876643074e-05
9.43714189416919e-05
0.000202224469160768
6.74081563869228e-05
5.39265251095383e-05
5.39265251095383e-05
0.000161779575328615
0.000202224469160768
0.000107853050219077
5.39265251095383e-05
0.000188742837883384
0.000107853050219077
4.04448938321537e-05
5.39265251095383e-05
5.39265251095383e-05
6.74081563869228e-05
6.74081563869228e-05
0.000229187731715538
0.000188742837883384
5.39265251095383e-05
8.08897876643074e-05
6.74081563869228e-05
4.04448938321537e-05
4.04448938321537e-05
0.000229187731715538
0.000107853050219077
1.34816312773846e-05
0.000107853050219077
2.69632625547691e-05
0.000215706100438153
0.000229187731715538
0.000121334681496461
9.43714189416919e-05
6.74081563869228e-05
6.74081563869228e-05
8.08897876643074e-05
0.000256150994270307
0.000134816312773846
0.000161779575328615
5.39265251095383e-05
0.000107853050219077
4.04448938321537e-05
2.69632625547691e-05
4.04448938321537e-05
0.000283114256825076
5.39265251095383e-05
4.04448938321537e-05
9.43714189416919e-05
8.08897876643074e-05
0.000107853050219077
1.34816312773846e-05
0.000202224469160768
6.74081563869228e-05
0.000121334681496461
9.43714189416919e-05
0.000134816312773846
0.000202224469160768
6.74081563869228e-05
0.000161779575328615
8.08897876643074e-05
8.08897876643074e-05
9.43714189416919e-05
