0.000337040781934614
0.000337040781934614
0.0023592854735423
0.0023592854735423
0.00134816312773846
0.00303336703741153
0.0195483653522076
0.00134816312773846
0.00168520390967307
0.00202224469160768
0.00168520390967307
0.00910010111223458
0.0023592854735423
0.0023592854735423
0.00134816312773846
0.00101112234580384
0.00202224469160768
0.00202224469160768
0.00269632625547691
0.00337040781934614
0.0128075497135153
0.0134816312773846
0.019211324570273
0.0198854061341422
0.000674081563869228
0.00303336703741153
0.00269632625547691
0.00134816312773846
0.00134816312773846
0.00134816312773846
0.0134816312773846
0.00168520390967307
0.00134816312773846
0.00539265251095383
0.00606673407482305
0.00168520390967307
0.00168520390967307
0.0124705089315807
0.0195483653522076
0.0188742837883384
0.0138186720593192
0.0138186720593192
0.0134816312773846
0.0101112234580384
0.0161779575328615
0.0165149983147961
0.0158409167509269
0.0151668351870576
0.00134816312773846
0.00134816312773846
0.000337040781934614
0.000674081563869228
0.0023592854735423
0.00404448938321537
0.00370744860128076
0.00572969329288844
0.00168520390967307
0.0023592854735423
0.00438153016514998
0.00606673407482305
0.0161779575328615
0.00370744860128076
0.00303336703741153
0.0151668351870576
0.0185372430064038
0.00370744860128076
0.0023592854735423
0.00303336703741153
0.00269632625547691
0.00202224469160768
0.00606673407482305
0.0185372430064038
0.0202224469160768
0.0144927536231884
0.0202224469160768
0.0155038759689922
0.00202224469160768
0.00269632625547691
0.00303336703741153
0.000337040781934614
0.019211324570273
0.0178631614425345
0.0178631614425345
0.00370744860128076
0.0107853050219077
0.00539265251095383
0.00539265251095383
0.00168520390967307
0.00572969329288844
0.00337040781934614
0.00438153016514998
0.00505561172901921
0.00539265251095383
0.0161779575328615
0.0175261206605999
0.00101112234580384
0.0124705089315807
0.00202224469160768
0.00370744860128076
0.00168520390967307
0.0158409167509269
0.0195483653522076
0.00370744860128076
0.0165149983147961
0.00438153016514998
0.000337040781934614
0.00134816312773846
0.00337040781934614
0.00606673407482305
0.0144927536231884
0.00539265251095383
0.0155038759689922
0.00505561172901921
0.00202224469160768
0.00539265251095383
0.00168520390967307
0.00303336703741153
0.000674081563869228
0.0161779575328615
0.0175261206605999
0.0144927536231884
0.00269632625547691
0.00134816312773846
0.0141557128412538
0.0144927536231884
0.00337040781934614
0.0195483653522076
0.00539265251095383
0.0138186720593192
0.019211324570273
0.00370744860128076
0.00539265251095383
0.0151668351870576
0.0198854061341422
0.000337040781934614
0.00741489720256151
0.0161779575328615
0.0124705089315807
0.0131445904954499
0.0171890798786653
0.000337040781934614
0.000337040781934614
0.0185372430064038
0.0185372430064038
0.0202224469160768
0.0165149983147961
0.0107853050219077
0.0117964273677115
0.00303336703741153
0.00337040781934614
0.00572969329288844
0.000674081563869228
0.00269632625547691
0.0114593865857769
0.019211324570273
0.0185372430064038
0.00303336703741153
0.00337040781934614
0.00741489720256151
0.00775193798449612
0.00168520390967307
0.00101112234580384
0.00202224469160768
0.014829794405123
0.00370744860128076
0.00505561172901921
0.00168520390967307
0.00168520390967307
0.000337040781934614
0.00269632625547691
0.00404448938321537
0.00337040781934614
0.00134816312773846
0.014829794405123
0.0144927536231884
0.0023592854735423
0.0144927536231884
0.00168520390967307
0.00438153016514998
0.00741489720256151
0.000674081563869228
0.0128075497135153
0.0131445904954499
0.00168520390967307
0.00269632625547691
0.00168520390967307
0.0151668351870576
0.00168520390967307
0.0070778564206269
0.00572969329288844
0.00572969329288844
0.0131445904954499
0.00438153016514998
0.014829794405123
0.014829794405123
0.0144927536231884
0.00404448938321537
0.0141557128412538
0.0141557128412538
0.0144927536231884
0.014829794405123
0.00134816312773846
0.00168520390967307
0.0144927536231884
0.0161779575328615
0.0134816312773846
0.0141557128412538
0.00168520390967307
0.00943714189416919
0.00101112234580384
0.00101112234580384
0.00404448938321537
0.000337040781934614
0.00101112234580384
0.00101112234580384
0.00438153016514998
0.00269632625547691
0.0023592854735423
0.00303336703741153
0.00303336703741153
0.000337040781934614
0.014829794405123
0.0114593865857769
0.00168520390967307
0.0144927536231884
0.0161779575328615
0.000674081563869228
0.014829794405123
0.00337040781934614
0.00269632625547691
0.000337040781934614
0.00505561172901921
0.00101112234580384
0.00539265251095383
0.00370744860128076
0.0144927536231884
0.00168520390967307
0.00370744860128076
0.0141557128412538
0.0144927536231884
0.0144927536231884
0.00337040781934614
0.0144927536231884
0.0144927536231884
0.014829794405123
0.0144927536231884
0.0144927536231884
0.014829794405123
0.0144927536231884
0.00337040781934614
0.000337040781934614
0.0138186720593192
0.014829794405123
0.0144927536231884
0.014829794405123
0.0114593865857769
0.00134816312773846
0.00404448938321537
0.00370744860128076
0.00101112234580384
0.00539265251095383
0.0070778564206269
0.0158409167509269
0.00438153016514998
0.00572969329288844
0.000337040781934614
0.00168520390967307
0.00134816312773846
0.00741489720256151
0.00741489720256151
0.00303336703741153
0.00640377485675767
0.00505561172901921
0.00606673407482305
0.00438153016514998
0.0047185709470846
0.00640377485675767
0.00741489720256151
0.0070778564206269
0.00741489720256151
0.00539265251095383
0.00674081563869228
0.00572969329288844
0.00741489720256151
0.00741489720256151
0.00168520390967307
0.0144927536231884
0.00269632625547691
0.00572969329288844
0.00438153016514998
0.00438153016514998
0.014829794405123
0.00337040781934614
0.00640377485675767
0.014829794405123
0.00741489720256151
0.00674081563869228
0.00674081563869228
0.00640377485675767
0.00539265251095383
0.00741489720256151
0.00168520390967307
0.00337040781934614
0.00741489720256151
0.00168520390967307
0.00202224469160768
0.00539265251095383
0.00606673407482305
0.00269632625547691
0.00640377485675767
0.00168520390967307
0.00808897876643074
0.00876306033029997
0.000674081563869228
0.00168520390967307
0.00808897876643074
0.00101112234580384
0.0070778564206269
0.00741489720256151
0.0070778564206269
0.00337040781934614
0.00370744860128076
0.00910010111223458
0.000337040781934614
0.00640377485675767
0.00168520390967307
0.00101112234580384
0.00134816312773846
0.00808897876643074
0.000337040781934614
0.00337040781934614
0.00337040781934614
0.00337040781934614
0.00337040781934614
0.00370744860128076
0.0047185709470846
0.00303336703741153
0.00505561172901921
0.00741489720256151
0.00741489720256151
0.00168520390967307
0.00842601954836535
0.00876306033029997
0.00202224469160768
0.00269632625547691
0.00168520390967307
0.00101112234580384
0.00337040781934614
0.00269632625547691
0.00303336703741153
0.00202224469160768
0.00539265251095383
0.00674081563869228
0.00438153016514998
0.00134816312773846
0.00842601954836535
0.00640377485675767
0.00674081563869228
0.00741489720256151
0.00808897876643074
0.000674081563869228
0.00269632625547691
0.0023592854735423
0.00168520390967307
0.00303336703741153
0.00370744860128076
0.00842601954836535
0.00775193798449612
0.00404448938321537
0.00842601954836535
0.00842601954836535
0.00876306033029997
0.00337040781934614
0.00101112234580384
0.00202224469160768
0.0023592854735423
0.00808897876643074
0.00876306033029997
0.00202224469160768
0.00741489720256151
0.0070778564206269
0.000337040781934614
0.0070778564206269
0.00910010111223458
0.00134816312773846
0.00168520390967307
0.00168520390967307
0.00303336703741153
0.000674081563869228
0.00134816312773846
0.00168520390967307
0.00134816312773846
0.00134816312773846
0.00842601954836535
0.0070778564206269
0.00337040781934614
0.0023592854735423
0.0023592854735423
0.0023592854735423
0.00808897876643074
0.00101112234580384
0.00101112234580384
0.00168520390967307
0.00303336703741153
0.0023592854735423
0.00168520390967307
0.00134816312773846
0.00775193798449612
0.00202224469160768
0.0070778564206269
0.00842601954836535
0.00202224469160768
0.00303336703741153
0.00202224469160768
0.00269632625547691
0.000674081563869228
0.00303336703741153
0.00269632625547691
0.00842601954836535
0.0023592854735423
0.00808897876643074
0.00269632625547691
0.00303336703741153
0.00370744860128076
0.000337040781934614
0.00775193798449612
0.00539265251095383
0.0047185709470846
0.00606673407482305
0.00808897876643074
0.00808897876643074
0.00303336703741153
0.00640377485675767
0.00505561172901921
0.00134816312773846
0.000337040781934614
0.00572969329288844
0.00943714189416919
0.0117964273677115
0.00303336703741153
0.00269632625547691
0.0121334681496461
0.0121334681496461
0.00168520390967307
0.0023592854735423
0.0023592854735423
0.00202224469160768
0.00303336703741153
0.00168520390967307
0.00303336703741153
0.00168520390967307
0.00168520390967307
0.00134816312773846
0.0101112234580384
0.00337040781934614
0.00134816312773846
0.00101112234580384
0.000337040781934614
0.00337040781934614
0.00101112234580384
0.00842601954836535
0.0107853050219077
0.00910010111223458
0.00168520390967307
0.00303336703741153
0.0121334681496461
0.0121334681496461
0.0117964273677115
0.00539265251095383
0.000337040781934614
0.0101112234580384
0.0121334681496461
0.00202224469160768
0.00606673407482305
0.000674081563869228
0.00101112234580384
0.0107853050219077
0.0101112234580384
0.00640377485675767
0.0070778564206269
0.00269632625547691
0.00505561172901921
0.00370744860128076
0.000674081563869228
0.0117964273677115
0.00404448938321537
0.00337040781934614
0.0101112234580384
0.0101112234580384
0.00910010111223458
0.00370744860128076
0.000337040781934614
0.00134816312773846
0.00269632625547691
0.00168520390967307
0.00438153016514998
0.00269632625547691
0.0023592854735423
0.0114593865857769
0.00303336703741153
0.00269632625547691
0.00269632625547691
0.010448264239973
0.0101112234580384
0.000337040781934614
0.00269632625547691
0.00943714189416919
0.00269632625547691
0.00134816312773846
0.00202224469160768
0.00977418267610381
0.0107853050219077
0.00202224469160768
0.00202224469160768
0.00337040781934614
0.00101112234580384
0.00337040781934614
0.00168520390967307
0.00337040781934614
0.000674081563869228
0.00168520390967307
0.00370744860128076
0.00337040781934614
0.00370744860128076
0.00337040781934614
0.00303336703741153
0.0023592854735423
0.00101112234580384
0.010448264239973
0.00269632625547691
0.00303336703741153
0.0023592854735423
0.00202224469160768
0.00438153016514998
0.00910010111223458
0.0101112234580384
0.0101112234580384
0.0107853050219077
0.0070778564206269
0.0070778564206269
0.00269632625547691
0.00168520390967307
0.00168520390967307
0.0023592854735423
0.000674081563869228
0.000674081563869228
0.00269632625547691
0.00910010111223458
0.00404448938321537
0.0047185709470846
0.00168520390967307
0.00168520390967307
0.00303336703741153
0.00370744860128076
0.0107853050219077
0.00168520390967307
0.010448264239973
0.00202224469160768
0.00438153016514998
0.00438153016514998
0.00134816312773846
0.00303336703741153
0.00101112234580384
0.0047185709470846
0.00404448938321537
0.00370744860128076
0.00438153016514998
0.00202224469160768
0.00438153016514998
0.0047185709470846
0.00202224469160768
0.00168520390967307
0.00168520390967307
0.00202224469160768
0.000337040781934614
0.000337040781934614
0.0114593865857769
0.000674081563869228
0.00269632625547691
0.000674081563869228
0.000674081563869228
0.00303336703741153
0.010448264239973
0.010448264239973
0.0023592854735423
0.00370744860128076
0.0114593865857769
0.00977418267610381
0.0114593865857769
0.0117964273677115
0.00303336703741153
0.00876306033029997
0.00202224469160768
0.00168520390967307
0.00370744860128076
0.010448264239973
0.0047185709470846
0.00202224469160768
0.00303336703741153
0.00910010111223458
0.00101112234580384
0.0101112234580384
0.00606673407482305
0.0107853050219077
0.0107853050219077
0.00202224469160768
0.00505561172901921
0.000337040781934614
0.000337040781934614
0.00101112234580384
0.00168520390967307
0.00202224469160768
0.00337040781934614
0.00337040781934614
0.00404448938321537
0.00337040781934614
0.00303336703741153
0.00303336703741153
0.00303336703741153
0.0107853050219077
0.010448264239973
0.000337040781934614
0.0114593865857769
0.00303336703741153
0.0107853050219077
0.00977418267610381
0.0101112234580384
0.0023592854735423
0.000674081563869228
0.0114593865857769
0.00606673407482305
0.00572969329288844
0.0023592854735423
0.00202224469160768
0.00168520390967307
0.00168520390967307
0.0107853050219077
0.0107853050219077
0.00202224469160768
0.00303336703741153
0.00404448938321537
0.00404448938321537
0.010448264239973
0.0114593865857769
0.00404448938321537
0.00404448938321537
0.0023592854735423
0.0114593865857769
0.00370744860128076
0.00337040781934614
0.0023592854735423
0.00303336703741153
0.00606673407482305
0.00303336703741153
0.0111223458038423
0.0114593865857769
0.00943714189416919
0.0107853050219077
0.0114593865857769
0.00337040781934614
0.0114593865857769
0.00134816312773846
0.00134816312773846
0.00303336703741153
0.00337040781934614
0.00134816312773846
0.00404448938321537
0.00101112234580384
0.00640377485675767
0.0128075497135153
0.0134816312773846
0.0047185709470846
0.00438153016514998
0.00101112234580384
0.0134816312773846
0.00134816312773846
0.0134816312773846
0.00269632625547691
0.00438153016514998
0.0114593865857769
0.0117964273677115
0.0134816312773846
0.0134816312773846
0.000337040781934614
0.00101112234580384
0.00101112234580384
0.0047185709470846
0.0023592854735423
0.00134816312773846
0.00572969329288844
0.00943714189416919
0.0070778564206269
0.0141557128412538
0.0124705089315807
0.0141557128412538
0.00404448938321537
0.00370744860128076
0.00337040781934614
0.00404448938321537
0.0134816312773846
0.0134816312773846
0.00404448938321537
0.0128075497135153
0.00404448938321537
0.0023592854735423
0.0101112234580384
0.00202224469160768
0.0047185709470846
0.00505561172901921
0.0128075497135153
0.0144927536231884
0.00202224469160768
0.000337040781934614
0.00370744860128076
0.00168520390967307
0.00134816312773846
0.0023592854735423
0.000674081563869228
0.0131445904954499
0.0144927536231884
0.0141557128412538
0.0117964273677115
0.00303336703741153
0.00303336703741153
0.0134816312773846
0.0144927536231884
0.0131445904954499
0.0134816312773846
0.0114593865857769
0.0134816312773846
0.00404448938321537
0.000674081563869228
0.00404448938321537
0.00337040781934614
0.00337040781934614
0.00134816312773846
0.00404448938321537
0.00404448938321537
0.0141557128412538
0.0141557128412538
0.0141557128412538
0.00404448938321537
0.000674081563869228
0.00303336703741153
0.0124705089315807
0.00303336703741153
0.00404448938321537
0.0144927536231884
0.000337040781934614
0.000674081563869228
0.000674081563869228
0.00404448938321537
0.00337040781934614
0.0131445904954499
0.0131445904954499
0.00943714189416919
0.00134816312773846
0.00337040781934614
0.00674081563869228
0.0134816312773846
0.00168520390967307
0.00168520390967307
0.00202224469160768
0.00168520390967307
0.00134816312773846
0.00303336703741153
0.00337040781934614
0.00202224469160768
0.00202224469160768
0.0047185709470846
0.0134816312773846
0.0134816312773846
0.0128075497135153
0.000337040781934614
0.00337040781934614
0.00134816312773846
0.00134816312773846
0.00438153016514998
0.00202224469160768
0.00168520390967307
0.000337040781934614
0.00269632625547691
0.0158409167509269
0.00269632625547691
0.000674081563869228
0.0188742837883384
0.0188742837883384
0.0155038759689922
0.000674081563869228
0.0188742837883384
0.0188742837883384
0.0188742837883384
0.0188742837883384
0.0178631614425345
0.0161779575328615
0.00101112234580384
0.0144927536231884
0.0144927536231884
0.00168520390967307
0.00337040781934614
0.000337040781934614
0.00168520390967307
0.019211324570273
0.019211324570273
0.00202224469160768
0.00404448938321537
0.00202224469160768
0.0188742837883384
0.019211324570273
0.00370744860128076
0.00168520390967307
0.00337040781934614
0.00404448938321537
0.00269632625547691
0.00337040781934614
0.00134816312773846
0.0144927536231884
0.0188742837883384
0.00337040781934614
0.00202224469160768
0.00202224469160768
0.0141557128412538
0.00370744860128076
0.0128075497135153
0.00168520390967307
0.0161779575328615
0.00134816312773846
0.0182002022244692
0.0188742837883384
0.019211324570273
0.00168520390967307
0.0165149983147961
0.00101112234580384
0.00269632625547691
0.00337040781934614
0.00168520390967307
0.00303336703741153
0.00101112234580384
0.00303336703741153
0.00741489720256151
0.0134816312773846
0.000674081563869228
0.00101112234580384
0.00134816312773846
0.00202224469160768
0.00337040781934614
0.00101112234580384
0.00337040781934614
0.000337040781934614
0.0161779575328615
0.0185372430064038
0.00101112234580384
0.00168520390967307
0.0188742837883384
0.00370744860128076
0.0171890798786653
0.00202224469160768
0.00202224469160768
0.0185372430064038
0.00168520390967307
0.00269632625547691
0.00303336703741153
0.00269632625547691
0.019211324570273
0.00303336703741153
0.0185372430064038
0.00337040781934614
0.000674081563869228
0.00337040781934614
0.00269632625547691
0.000337040781934614
0.00168520390967307
0.00370744860128076
0.00168520390967307
0.00202224469160768
0.00134816312773846
0.00101112234580384
0.00168520390967307
0.0141557128412538
0.0151668351870576
0.0182002022244692
0.0188742837883384
0.0188742837883384
0.000337040781934614
0.0188742837883384
0.0144927536231884
0.00337040781934614
0.0131445904954499
0.00337040781934614
0.0188742837883384
0.00269632625547691
0.000674081563869228
0.0138186720593192
0.0070778564206269
0.0175261206605999
0.014829794405123
0.0168520390967307
0.0182002022244692
0.00101112234580384
0.000674081563869228
0.0175261206605999
0.0151668351870576
0.0188742837883384
0.0165149983147961
0.0155038759689922
0.0161779575328615
0.0182002022244692
0.0188742837883384
0.0171890798786653
0.0188742837883384
0.00943714189416919
0.0182002022244692
0.0134816312773846
0.0047185709470846
0.00269632625547691
0.00303336703741153
0.00438153016514998
0.00370744860128076
0.00943714189416919
0.000674081563869228
0.000674081563869228
0.00101112234580384
0.0175261206605999
0.0168520390967307
0.000674081563869228
0.0175261206605999
0.0178631614425345
0.0144927536231884
0.0134816312773846
0.0171890798786653
0.00808897876643074
0.014829794405123
0.0141557128412538
0.0178631614425345
0.014829794405123
0.000674081563869228
0.000674081563869228
0.0161779575328615
0.000337040781934614
0.00168520390967307
0.00269632625547691
0.00741489720256151
0.0178631614425345
0.00303336703741153
0.00101112234580384
0.0023592854735423
0.0023592854735423
0.00168520390967307
0.00168520390967307
0.000674081563869228
0.00101112234580384
0.0175261206605999
0.0124705089315807
0.0134816312773846
0.0117964273677115
0.00134816312773846
0.0023592854735423
0.0023592854735423
0.0158409167509269
0.00303336703741153
0.00168520390967307
0.00303336703741153
0.00337040781934614
0.0144927536231884
0.0161779575328615
0.0141557128412538
0.000337040781934614
0.000674081563869228
0.000337040781934614
0.00337040781934614
0.010448264239973
0.0131445904954499
0.0144927536231884
0.014829794405123
0.0158409167509269
0.0158409167509269
0.014829794405123
0.00539265251095383
0.0138186720593192
0.000674081563869228
0.00269632625547691
0.0158409167509269
0.0182002022244692
0.0178631614425345
0.0134816312773846
0.00168520390967307
0.0131445904954499
0.000674081563869228
0.0178631614425345
0.00168520390967307
0.00168520390967307
0.0023592854735423
0.0023592854735423
0.00910010111223458
0.0047185709470846
0.00303336703741153
0.00303336703741153
0.0124705089315807
0.0111223458038423
0.0134816312773846
0.0141557128412538
0.0175261206605999
0.0178631614425345
0.0182002022244692
0.0178631614425345
0.0131445904954499
0.00910010111223458
0.000674081563869228
0.0144927536231884
0.000337040781934614
0.00134816312773846
0.00269632625547691
0.0023592854735423
0.0134816312773846
0.0134816312773846
0.00134816312773846
0.00303336703741153
0.0171890798786653
0.00741489720256151
0.00202224469160768
0.00539265251095383
0.0134816312773846
0.000674081563869228
0.00269632625547691
0.00303336703741153
0.00269632625547691
0.000337040781934614
0.00101112234580384
0.00168520390967307
0.00370744860128076
0.00134816312773846
0.0023592854735423
0.00134816312773846
0.0165149983147961
0.000337040781934614
0.000674081563869228
0.0023592854735423
0.0023592854735423
0.00943714189416919
0.0128075497135153
0.00168520390967307
0.00168520390967307
0.000674081563869228
0.0114593865857769
0.00438153016514998
0.0047185709470846
0.010448264239973
0.000674081563869228
0.010448264239973
0.00977418267610381
0.0128075497135153
0.0047185709470846
0.0047185709470846
0.00269632625547691
0.00303336703741153
0.00303336703741153
0.0047185709470846
0.0070778564206269
0.0128075497135153
0.0117964273677115
0.0117964273677115
0.00977418267610381
0.00303336703741153
0.00101112234580384
0.00337040781934614
0.00977418267610381
0.00977418267610381
0.010448264239973
0.00101112234580384
0.000337040781934614
0.0111223458038423
0.00741489720256151
0.00741489720256151
0.00101112234580384
0.000674081563869228
0.010448264239973
0.00337040781934614
0.00101112234580384
0.000674081563869228
0.000337040781934614
0.000337040781934614
0.00438153016514998
0.00539265251095383
0.00168520390967307
0.00370744860128076
0.00168520390967307
0.00303336703741153
0.00370744860128076
0.00404448938321537
0.00539265251095383
0.00539265251095383
0.00370744860128076
0.010448264239973
0.0107853050219077
0.00168520390967307
0.00337040781934614
0.00303336703741153
0.010448264239973
0.00370744860128076
0.00134816312773846
0.00370744860128076
0.00101112234580384
0.0070778564206269
0.00640377485675767
0.00943714189416919
0.0117964273677115
0.00101112234580384
0.00134816312773846
0.00101112234580384
0.00370744860128076
0.0047185709470846
0.00168520390967307
0.00337040781934614
0.00168520390967307
0.00134816312773846
0.00202224469160768
0.00202224469160768
0.00134816312773846
0.0047185709470846
0.00943714189416919
0.00101112234580384
0.0107853050219077
0.00101112234580384
0.010448264239973
0.0101112234580384
0.0128075497135153
0.0070778564206269
0.0023592854735423
0.00101112234580384
0.000674081563869228
0.000337040781934614
0.00101112234580384
0.00134816312773846
0.00101112234580384
0.0070778564206269
0.0117964273677115
0.0117964273677115
0.00404448938321537
0.00438153016514998
0.00303336703741153
0.000674081563869228
0.010448264239973
0.010448264239973
0.0101112234580384
0.00101112234580384
0.000674081563869228
0.000674081563869228
0.00337040781934614
0.0128075497135153
0.00134816312773846
0.00370744860128076
0.00202224469160768
0.00303336703741153
0.00404448938321537
0.0124705089315807
0.0111223458038423
0.0047185709470846
0.00640377485675767
0.00101112234580384
0.00101112234580384
0.00303336703741153
0.00168520390967307
0.00168520390967307
0.00168520390967307
0.000674081563869228
0.0023592854735423
0.00269632625547691
0.00741489720256151
0.00741489720256151
0.00269632625547691
0.0134816312773846
0.0131445904954499
0.0111223458038423
0.00101112234580384
0.00303336703741153
0.00202224469160768
0.00337040781934614
0.00101112234580384
0.0138186720593192
0.0134816312773846
0.0023592854735423
0.0124705089315807
0.00168520390967307
0.000674081563869228
0.00404448938321537
0.00168520390967307
0.00741489720256151
0.00168520390967307
0.00505561172901921
0.00168520390967307
0.00370744860128076
0.00303336703741153
0.00910010111223458
0.00168520390967307
0.00202224469160768
0.0144927536231884
0.00977418267610381
0.00269632625547691
0.00168520390967307
0.00202224469160768
0.00168520390967307
0.00269632625547691
0.014829794405123
0.0128075497135153
0.00404448938321537
0.00269632625547691
0.00134816312773846
0.00168520390967307
0.00168520390967307
0.000337040781934614
0.0134816312773846
0.0144927536231884
0.0141557128412538
0.00168520390967307
0.00202224469160768
0.000674081563869228
0.000337040781934614
0.00168520390967307
0.00202224469160768
0.00202224469160768
0.0070778564206269
0.0070778564206269
0.00202224469160768
0.0121334681496461
0.00134816312773846
0.000337040781934614
0.00337040781934614
0.00370744860128076
0.0023592854735423
0.00202224469160768
0.00977418267610381
0.00910010111223458
0.0141557128412538
0.00943714189416919
0.00303336703741153
0.00134816312773846
0.00269632625547691
0.00303336703741153
0.0138186720593192
0.0141557128412538
0.00202224469160768
0.00101112234580384
0.0101112234580384
0.00134816312773846
0.00101112234580384
0.0023592854735423
0.00134816312773846
0.00168520390967307
0.00134816312773846
0.00977418267610381
0.0131445904954499
0.0138186720593192
0.0114593865857769
0.0144927536231884
0.00101112234580384
0.0121334681496461
0.000674081563869228
0.00808897876643074
0.00101112234580384
0.000337040781934614
0.0131445904954499
0.0023592854735423
0.0117964273677115
0.0134816312773846
0.00269632625547691
0.000337040781934614
0.000674081563869228
0.00977418267610381
0.00438153016514998
0.0144927536231884
0.0128075497135153
0.0141557128412538
0.0141557128412538
0.0134816312773846
0.0128075497135153
0.00337040781934614
0.0141557128412538
0.00775193798449612
0.0144927536231884
0.000337040781934614
0.000337040781934614
0.00775193798449612
0.00337040781934614
0.00943714189416919
0.00842601954836535
0.00202224469160768
0.00505561172901921
0.00370744860128076
0.00370744860128076
0.00101112234580384
0.000674081563869228
0.00303336703741153
0.0151668351870576
0.0144927536231884
0.014829794405123
0.0151668351870576
0.00134816312773846
0.0023592854735423
0.00370744860128076
0.00202224469160768
0.0141557128412538
0.014829794405123
0.0141557128412538
0.0151668351870576
0.00134816312773846
0.014829794405123
0.0151668351870576
0.00337040781934614
0.00808897876643074
0.000674081563869228
0.000337040781934614
0.00943714189416919
0.014829794405123
0.00572969329288844
0.0141557128412538
0.0023592854735423
0.000674081563869228
0.014829794405123
0.0128075497135153
0.00572969329288844
0.00438153016514998
0.00269632625547691
0.00101112234580384
0.00438153016514998
0.00303336703741153
0.00168520390967307
0.00101112234580384
0.0134816312773846
0.014829794405123
0.014829794405123
0.00202224469160768
0.00337040781934614
0.00168520390967307
0.000337040781934614
0.0151668351870576
0.00202224469160768
0.00134816312773846
0.00168520390967307
0.00269632625547691
0.00438153016514998
0.00404448938321537
0.0144927536231884
0.0151668351870576
0.0151668351870576
0.0131445904954499
0.00505561172901921
0.00505561172901921
0.0141557128412538
0.00101112234580384
0.0131445904954499
0.00101112234580384
0.0144927536231884
0.014829794405123
0.000674081563869228
0.000674081563869228
0.00337040781934614
0.00337040781934614
0.00269632625547691
0.014829794405123
0.014829794405123
0.0155038759689922
0.014829794405123
0.00134816312773846
0.0023592854735423
0.00168520390967307
0.00134816312773846
0.00539265251095383
0.00404448938321537
0.00438153016514998
0.00438153016514998
0.00337040781934614
0.0141557128412538
0.00370744860128076
0.00438153016514998
0.000674081563869228
0.0151668351870576
0.00438153016514998
0.0023592854735423
0.014829794405123
0.000337040781934614
0.0151668351870576
0.014829794405123
0.0128075497135153
0.0128075497135153
0.014829794405123
0.014829794405123
0.00977418267610381
0.014829794405123
0.00337040781934614
0.00370744860128076
0.0141557128412538
0.0151668351870576
0.00202224469160768
0.00337040781934614
0.00370744860128076
0.00269632625547691
0.000337040781934614
0.00202224469160768
0.00202224469160768
0.00134816312773846
0.00134816312773846
0.0155038759689922
0.000337040781934614
0.00269632625547691
0.000337040781934614
0.00775193798449612
0.0107853050219077
0.0070778564206269
0.00775193798449612
0.00910010111223458
0.00337040781934614
0.00303336703741153
0.00674081563869228
0.00269632625547691
0.00168520390967307
0.0107853050219077
0.0023592854735423
0.00269632625547691
0.00168520390967307
0.00370744860128076
0.00674081563869228
0.000674081563869228
0.00168520390967307
0.00775193798449612
0.00910010111223458
0.00134816312773846
0.00404448938321537
0.0117964273677115
0.00808897876643074
0.000674081563869228
0.0023592854735423
0.00101112234580384
0.00101112234580384
0.00539265251095383
0.00640377485675767
0.00168520390967307
0.00370744860128076
0.0023592854735423
0.00101112234580384
0.00202224469160768
0.00101112234580384
0.000337040781934614
0.00370744860128076
0.0023592854735423
0.010448264239973
0.00370744860128076
0.00910010111223458
0.0107853050219077
0.00168520390967307
0.00303336703741153
0.00370744860128076
0.00337040781934614
0.00269632625547691
0.00101112234580384
0.00337040781934614
0.0023592854735423
0.00269632625547691
0.00269632625547691
0.00269632625547691
0.00269632625547691
0.00370744860128076
0.00404448938321537
0.000674081563869228
0.00910010111223458
0.0101112234580384
0.00370744860128076
0.00269632625547691
0.00202224469160768
0.00370744860128076
0.00269632625547691
0.000674081563869228
0.00134816312773846
0.00134816312773846
0.00370744860128076
0.00775193798449612
0.00101112234580384
0.000337040781934614
0.00269632625547691
0.00303336703741153
0.000337040781934614
0.0117964273677115
0.0121334681496461
0.0101112234580384
0.00202224469160768
0.00134816312773846
0.00101112234580384
0.0023592854735423
0.00202224469160768
0.000674081563869228
0.0047185709470846
0.00269632625547691
0.00101112234580384
0.00842601954836535
0.00303336703741153
0.00134816312773846
0.00269632625547691
0.0114593865857769
0.010448264239973
0.0117964273677115
0.000674081563869228
0.00202224469160768
0.0121334681496461
0.00876306033029997
0.00910010111223458
0.0107853050219077
0.00134816312773846
0.00370744860128076
0.00337040781934614
0.00370744860128076
0.00337040781934614
0.00269632625547691
0.00202224469160768
0.00269632625547691
0.00876306033029997
0.00876306033029997
0.00337040781934614
0.00168520390967307
0.0023592854735423
0.00269632625547691
0.0107853050219077
0.0107853050219077
0.00910010111223458
0.00842601954836535
0.0023592854735423
0.00269632625547691
0.00303336703741153
0.00370744860128076
0.00202224469160768
0.00134816312773846
0.0023592854735423
0.00168520390967307
0.0131445904954499
0.00505561172901921
0.00303336703741153
0.0138186720593192
0.0158409167509269
0.0155038759689922
0.0047185709470846
0.0158409167509269
0.0158409167509269
0.0131445904954499
0.0128075497135153
0.0124705089315807
0.00808897876643074
0.00337040781934614
0.00134816312773846
0.00303336703741153
0.00168520390967307
0.0158409167509269
0.000337040781934614
0.00337040781934614
0.0131445904954499
0.0155038759689922
0.0158409167509269
0.0158409167509269
0.00134816312773846
0.00539265251095383
0.00303336703741153
0.00337040781934614
0.0155038759689922
0.0131445904954499
0.0158409167509269
0.0117964273677115
0.0144927536231884
0.0161779575328615
0.0155038759689922
0.0023592854735423
0.00438153016514998
0.00303336703741153
0.0124705089315807
0.0023592854735423
0.00303336703741153
0.0158409167509269
0.00337040781934614
0.0141557128412538
0.00303336703741153
0.0124705089315807
0.0158409167509269
0.00134816312773846
0.0155038759689922
0.00101112234580384
0.00505561172901921
0.00404448938321537
0.00370744860128076
0.00370744860128076
0.00404448938321537
0.00337040781934614
0.0124705089315807
0.0124705089315807
0.00539265251095383
0.00505561172901921
0.00438153016514998
0.0047185709470846
0.0158409167509269
0.0117964273677115
0.0158409167509269
0.0158409167509269
0.000337040781934614
0.00134816312773846
0.0158409167509269
0.0158409167509269
0.00370744860128076
0.0047185709470846
0.00202224469160768
0.00337040781934614
0.0158409167509269
0.0158409167509269
0.00640377485675767
0.0131445904954499
0.00101112234580384
0.00505561172901921
0.00404448938321537
0.000337040781934614
0.00303336703741153
0.00370744860128076
0.0158409167509269
0.00505561172901921
0.00505561172901921
0.0047185709470846
0.0124705089315807
0.00404448938321537
0.00404448938321537
0.00404448938321537
0.0047185709470846
0.0161779575328615
0.000337040781934614
0.00101112234580384
0.00404448938321537
0.00134816312773846
0.00101112234580384
0.000337040781934614
0.000674081563869228
0.00134816312773846
0.0023592854735423
0.00303336703741153
0.00134816312773846
0.00101112234580384
0.00134816312773846
0.000337040781934614
0.0131445904954499
0.00303336703741153
0.0124705089315807
0.0124705089315807
0.00269632625547691
0.00910010111223458
0.00101112234580384
0.0131445904954499
0.0131445904954499
0.00303336703741153
0.0141557128412538
0.00303336703741153
0.0023592854735423
0.00404448938321537
0.00370744860128076
0.00101112234580384
0.0134816312773846
0.0155038759689922
0.0144927536231884
0.0158409167509269
0.000337040781934614
0.000337040781934614
0.00404448938321537
0.00370744860128076
0.00269632625547691
0.00674081563869228
0.00168520390967307
0.00404448938321537
0.010448264239973
0.00438153016514998
0.00101112234580384
0.0155038759689922
0.000337040781934614
0.00370744860128076
0.0023592854735423
0.00134816312773846
0.00337040781934614
0.00202224469160768
0.00370744860128076
0.00438153016514998
0.00438153016514998
0.0155038759689922
0.00404448938321537
0.0171890798786653
0.0168520390967307
0.00977418267610381
0.0144927536231884
0.00337040781934614
0.0047185709470846
0.00438153016514998
0.0047185709470846
0.0165149983147961
0.0023592854735423
0.0171890798786653
0.0131445904954499
0.00404448938321537
0.0023592854735423
0.00404448938321537
0.00943714189416919
0.00337040781934614
0.0047185709470846
0.00438153016514998
0.0161779575328615
0.0131445904954499
0.0134816312773846
0.0134816312773846
0.000337040781934614
0.00168520390967307
0.00303336703741153
0.0155038759689922
0.000337040781934614
0.00438153016514998
0.00404448938321537
0.00438153016514998
0.00438153016514998
0.0171890798786653
0.0144927536231884
0.0155038759689922
0.000337040781934614
0.00404448938321537
0.00606673407482305
0.00134816312773846
0.0155038759689922
0.0155038759689922
0.0158409167509269
0.0155038759689922
0.00168520390967307
0.00303336703741153
0.00370744860128076
0.000674081563869228
0.00337040781934614
0.014829794405123
0.00404448938321537
0.000337040781934614
0.000337040781934614
0.00202224469160768
0.00370744860128076
0.000674081563869228
0.00438153016514998
0.0101112234580384
0.0165149983147961
0.0165149983147961
0.0165149983147961
0.0161779575328615
0.0158409167509269
0.0144927536231884
0.0171890798786653
0.0171890798786653
0.00404448938321537
0.0161779575328615
0.000337040781934614
0.00910010111223458
0.0155038759689922
0.0158409167509269
0.00370744860128076
0.00438153016514998
0.00404448938321537
0.00202224469160768
0.00303336703741153
0.00168520390967307
0.0155038759689922
0.0158409167509269
0.00168520390967307
0.00438153016514998
0.0117964273677115
0.00101112234580384
0.00202224469160768
0.0158409167509269
0.00168520390967307
0.00404448938321537
0.00741489720256151
0.00741489720256151
0.00370744860128076
0.00438153016514998
0.0144927536231884
0.0165149983147961
0.0155038759689922
0.0171890798786653
0.0131445904954499
0.0117964273677115
0.00303336703741153
0.00101112234580384
0.000674081563869228
0.0138186720593192
0.019211324570273
0.0188742837883384
0.00505561172901921
0.00404448938321537
0.00539265251095383
0.0178631614425345
0.0188742837883384
0.00168520390967307
0.014829794405123
0.0165149983147961
0.0161779575328615
0.00168520390967307
0.0023592854735423
0.00269632625547691
0.019211324570273
0.0141557128412538
0.00168520390967307
0.00168520390967307
0.00303336703741153
0.0188742837883384
0.0185372430064038
0.0141557128412538
0.019211324570273
0.014829794405123
0.00910010111223458
0.014829794405123
0.0144927536231884
0.00101112234580384
0.000337040781934614
0.00606673407482305
0.0023592854735423
0.00168520390967307
0.00101112234580384
0.00134816312773846
0.0188742837883384
0.000337040781934614
0.00337040781934614
0.0161779575328615
0.0158409167509269
0.00505561172901921
0.0158409167509269
0.00572969329288844
0.00505561172901921
0.0047185709470846
0.0188742837883384
0.00101112234580384
0.00134816312773846
0.0188742837883384
0.00168520390967307
0.00606673407482305
0.0178631614425345
0.0188742837883384
0.0158409167509269
0.0141557128412538
0.014829794405123
0.0141557128412538
0.0188742837883384
0.0188742837883384
0.0168520390967307
0.0155038759689922
0.014829794405123
0.0165149983147961
0.019211324570273
0.0188742837883384
0.0171890798786653
0.0188742837883384
0.00337040781934614
0.00674081563869228
0.00370744860128076
0.014829794405123
0.0188742837883384
0.000337040781934614
0.019211324570273
0.0141557128412538
0.00134816312773846
0.0188742837883384
0.0188742837883384
0.00134816312773846
0.000674081563869228
0.00370744860128076
0.00505561172901921
0.00370744860128076
0.00337040781934614
0.00337040781934614
0.00370744860128076
0.014829794405123
0.00134816312773846
0.014829794405123
0.00134816312773846
0.00404448938321537
0.00438153016514998
0.00269632625547691
0.0188742837883384
0.00505561172901921
0.00101112234580384
0.019211324570273
0.019211324570273
0.0188742837883384
0.014829794405123
0.00775193798449612
0.00168520390967307
0.000674081563869228
0.00438153016514998
0.00202224469160768
0.0131445904954499
0.00438153016514998
0.0188742837883384
0.000674081563869228
0.000674081563869228
0.00101112234580384
0.0151668351870576
0.00134816312773846
0.00101112234580384
0.00370744860128076
0.000674081563869228
0.00168520390967307
0.00606673407482305
0.0141557128412538
0.00303336703741153
0.00606673407482305
0.000674081563869228
0.000674081563869228
0.00606673407482305
0.00269632625547691
0.0168520390967307
0.00404448938321537
0.0047185709470846
0.00337040781934614
0.0208965284799461
0.00168520390967307
0.000337040781934614
0.000337040781934614
0.00337040781934614
0.0047185709470846
0.0208965284799461
0.0208965284799461
0.0219076508257499
0.0202224469160768
0.00404448938321537
0.0202224469160768
0.00539265251095383
0.00370744860128076
0.00505561172901921
0.0047185709470846
0.00539265251095383
0.0047185709470846
0.019211324570273
0.019211324570273
0.019211324570273
0.0168520390967307
0.0171890798786653
0.0182002022244692
0.0185372430064038
0.0185372430064038
0.00303336703741153
0.0202224469160768
0.000337040781934614
0.0208965284799461
0.0208965284799461
0.0205594876980115
0.0205594876980115
0.0202224469160768
0.0202224469160768
0.0188742837883384
0.0205594876980115
0.0205594876980115
0.0202224469160768
0.0023592854735423
0.00202224469160768
0.0208965284799461
0.00202224469160768
0.000674081563869228
0.0208965284799461
0.0208965284799461
0.00303336703741153
0.00438153016514998
0.0023592854735423
0.00337040781934614
0.000337040781934614
0.0023592854735423
0.0175261206605999
0.00202224469160768
0.00337040781934614
0.00303336703741153
0.0198854061341422
0.00101112234580384
0.0205594876980115
0.0202224469160768
0.00168520390967307
0.00134816312773846
0.0185372430064038
0.00808897876643074
0.0188742837883384
0.0182002022244692
0.000337040781934614
0.000337040781934614
0.00337040781934614
0.00134816312773846
0.000337040781934614
0.00168520390967307
0.0208965284799461
0.0212335692618807
0.019211324570273
0.0208965284799461
0.00269632625547691
0.00303336703741153
0.0205594876980115
0.0208965284799461
0.0023592854735423
0.00101112234580384
0.00168520390967307
0.00505561172901921
0.0141557128412538
0.00404448938321537
0.0185372430064038
0.019211324570273
0.019211324570273
0.000337040781934614
0.0205594876980115
0.0205594876980115
0.00337040781934614
0.00910010111223458
0.00337040781934614
0.00404448938321537
0.0205594876980115
0.00134816312773846
0.00168520390967307
0.00134816312773846
0.00303336703741153
0.00168520390967307
0.00505561172901921
0.00505561172901921
0.00168520390967307
0.000337040781934614
0.0202224469160768
0.00337040781934614
0.00370744860128076
0.0205594876980115
0.0205594876980115
0.0205594876980115
0.00404448938321537
0.00505561172901921
0.00438153016514998
0.0047185709470846
0.00168520390967307
0.0205594876980115
0.00370744860128076
0.00539265251095383
0.00134816312773846
0.00606673407482305
0.0047185709470846
0.00337040781934614
0.00337040781934614
0.00168520390967307
0.0023592854735423
0.00168520390967307
0.00168520390967307
0.00168520390967307
0.0023592854735423
0.014829794405123
0.00168520390967307
0.0151668351870576
0.000337040781934614
0.00337040781934614
0.0168520390967307
0.0185372430064038
0.0144927536231884
0.000674081563869228
0.000337040781934614
0.0185372430064038
0.0023592854735423
0.019211324570273
0.0185372430064038
0.00134816312773846
0.00168520390967307
0.00202224469160768
0.00202224469160768
0.00337040781934614
0.00505561172901921
0.00337040781934614
0.00337040781934614
0.00337040781934614
0.00337040781934614
0.00572969329288844
0.000337040781934614
0.0047185709470846
0.014829794405123
0.014829794405123
0.0131445904954499
0.0144927536231884
0.00640377485675767
0.00606673407482305
0.0155038759689922
0.0151668351870576
0.00134816312773846
0.00168520390967307
0.0155038759689922
0.0144927536231884
0.00404448938321537
0.0151668351870576
0.00337040781934614
0.00303336703741153
0.00202224469160768
0.000337040781934614
0.0138186720593192
0.000674081563869228
0.00606673407482305
0.00404448938321537
0.0151668351870576
0.0121334681496461
0.0144927536231884
0.0151668351870576
0.0144927536231884
0.0144927536231884
0.000674081563869228
0.00134816312773846
0.0023592854735423
0.00303336703741153
0.00134816312773846
0.00269632625547691
0.0138186720593192
0.0023592854735423
0.0023592854735423
0.0023592854735423
0.00202224469160768
0.0047185709470846
0.0124705089315807
0.014829794405123
0.000674081563869228
0.000674081563869228
0.00134816312773846
0.0023592854735423
0.00269632625547691
0.00168520390967307
0.00505561172901921
0.00539265251095383
0.0144927536231884
0.0144927536231884
0.00202224469160768
0.00202224469160768
0.00303336703741153
0.00337040781934614
0.0151668351870576
0.0155038759689922
0.0151668351870576
0.0151668351870576
0.00101112234580384
0.00202224469160768
0.00134816312773846
0.00303336703741153
0.0151668351870576
0.014829794405123
0.00370744860128076
0.00303336703741153
0.0144927536231884
0.0144927536231884
0.00370744860128076
0.00370744860128076
0.00337040781934614
0.00337040781934614
0.000337040781934614
0.00337040781934614
0.00168520390967307
0.00101112234580384
0.00202224469160768
0.00202224469160768
0.00202224469160768
0.0151668351870576
0.0155038759689922
0.0155038759689922
0.0155038759689922
0.0144927536231884
0.0138186720593192
0.0047185709470846
0.00943714189416919
0.014829794405123
0.00438153016514998
0.0023592854735423
0.00168520390967307
0.00370744860128076
0.0023592854735423
0.00168520390967307
0.0151668351870576
0.0131445904954499
0.00202224469160768
0.00370744860128076
0.00168520390967307
0.00168520390967307
0.00640377485675767
0.0047185709470846
0.00910010111223458
0.0141557128412538
0.000674081563869228
0.00303336703741153
0.014829794405123
0.00370744860128076
0.0151668351870576
0.0023592854735423
0.00269632625547691
0.00168520390967307
0.00168520390967307
0.00101112234580384
0.0023592854735423
0.00303336703741153
0.00134816312773846
0.0121334681496461
0.00337040781934614
0.0131445904954499
0.0144927536231884
0.00572969329288844
0.00370744860128076
0.00505561172901921
0.0023592854735423
0.00168520390967307
0.00337040781934614
0.00438153016514998
0.00370744860128076
0.00269632625547691
0.00337040781934614
0.0023592854735423
0.00640377485675767
0.0141557128412538
0.0023592854735423
0.00303336703741153
0.0144927536231884
0.00101112234580384
0.0155038759689922
0.0155038759689922
0.0151668351870576
0.0151668351870576
0.00101112234580384
0.014829794405123
0.00674081563869228
0.00808897876643074
0.00404448938321537
0.0023592854735423
0.00370744860128076
0.00168520390967307
0.0151668351870576
0.0155038759689922
0.0023592854735423
0.0128075497135153
0.000674081563869228
0.000674081563869228
0.00202224469160768
0.0101112234580384
0.00303336703741153
0.0151668351870576
0.010448264239973
0.00303336703741153
0.00134816312773846
0.00303336703741153
0.00134816312773846
0.0155038759689922
0.0151668351870576
0.00775193798449612
0.00876306033029997
0.00505561172901921
0.00572969329288844
0.014829794405123
0.00539265251095383
0.0101112234580384
0.00539265251095383
0.00134816312773846
0.014829794405123
0.0141557128412538
0.00674081563869228
0.014829794405123
0.014829794405123
0.0124705089315807
0.0151668351870576
0.00808897876643074
0.014829794405123
0.0144927536231884
0.0151668351870576
0.0151668351870576
0.00101112234580384
0.00977418267610381
0.000674081563869228
0.0023592854735423
0.00134816312773846
0.00134816312773846
0.000674081563869228
0.00134816312773846
0.00101112234580384
0.0151668351870576
0.000674081563869228
0.0023592854735423
0.0151668351870576
0.014829794405123
0.0144927536231884
0.014829794405123
0.00370744860128076
0.00438153016514998
0.00438153016514998
0.0131445904954499
0.00539265251095383
0.0117964273677115
0.00505561172901921
0.0141557128412538
0.0144927536231884
0.0151668351870576
0.00539265251095383
0.0047185709470846
0.0151668351870576
0.0155038759689922
0.0151668351870576
0.0138186720593192
0.00539265251095383
0.00101112234580384
0.0023592854735423
0.00337040781934614
0.0047185709470846
0.014829794405123
0.00101112234580384
0.00640377485675767
0.00134816312773846
0.000674081563869228
0.000674081563869228
0.000337040781934614
0.0107853050219077
0.000674081563869228
0.0151668351870576
0.014829794405123
0.00438153016514998
0.00640377485675767
0.00168520390967307
0.00303336703741153
0.000674081563869228
0.0047185709470846
0.00640377485675767
0.00910010111223458
0.0198854061341422
0.00303336703741153
0.00438153016514998
0.0178631614425345
0.0188742837883384
0.019211324570273
0.0117964273677115
0.00674081563869228
0.0141557128412538
0.0151668351870576
0.0188742837883384
0.0188742837883384
0.000337040781934614
0.00101112234580384
0.0171890798786653
0.0168520390967307
0.0178631614425345
0.000674081563869228
0.000674081563869228
0.00572969329288844
0.0175261206605999
0.0171890798786653
0.0158409167509269
0.0047185709470846
0.00370744860128076
0.0175261206605999
0.0175261206605999
0.00303336703741153
0.00337040781934614
0.0175261206605999
0.0175261206605999
0.00337040781934614
0.0144927536231884
0.00101112234580384
0.0175261206605999
0.000337040781934614
0.0202224469160768
0.000337040781934614
0.0178631614425345
0.0182002022244692
0.0178631614425345
0.0175261206605999
0.000674081563869228
0.000337040781934614
0.000674081563869228
0.000337040781934614
0.0175261206605999
0.0175261206605999
0.00539265251095383
0.0175261206605999
0.00168520390967307
0.00202224469160768
0.00168520390967307
0.00337040781934614
0.00539265251095383
0.0182002022244692
0.00370744860128076
0.00168520390967307
0.000337040781934614
0.00303336703741153
0.00303336703741153
0.0047185709470846
0.0047185709470846
0.00606673407482305
0.00539265251095383
0.00168520390967307
0.00202224469160768
0.00404448938321537
0.00370744860128076
0.00539265251095383
0.00101112234580384
0.00168520390967307
0.00606673407482305
0.014829794405123
0.0178631614425345
0.00101112234580384
0.00404448938321537
0.00505561172901921
0.0047185709470846
0.00168520390967307
0.00404448938321537
0.0047185709470846
0.00505561172901921
0.0047185709470846
0.0178631614425345
0.0178631614425345
0.0151668351870576
0.00269632625547691
0.0185372430064038
0.0185372430064038
0.0195483653522076
0.0188742837883384
0.00741489720256151
0.0182002022244692
0.00134816312773846
0.00640377485675767
0.000674081563869228
0.000337040781934614
0.000674081563869228
0.0178631614425345
0.0175261206605999
0.0175261206605999
0.00337040781934614
0.000674081563869228
0.000674081563869228
0.00741489720256151
0.0178631614425345
0.00741489720256151
0.0182002022244692
0.0198854061341422
0.00943714189416919
0.0198854061341422
0.0175261206605999
0.00404448938321537
0.00505561172901921
0.00606673407482305
0.00134816312773846
0.00101112234580384
0.00168520390967307
0.00101112234580384
0.00640377485675767
0.00572969329288844
0.000674081563869228
0.0144927536231884
0.00101112234580384
0.00101112234580384
0.0144927536231884
0.00370744860128076
0.00269632625547691
0.00572969329288844
0.0195483653522076
0.0188742837883384
0.0185372430064038
0.0185372430064038
0.00101112234580384
0.000337040781934614
0.00134816312773846
0.00168520390967307
0.00404448938321537
0.00168520390967307
0.00269632625547691
0.00438153016514998
0.00101112234580384
0.0219076508257499
0.0168520390967307
0.0182002022244692
0.0023592854735423
0.0023592854735423
0.00168520390967307
0.00101112234580384
0.0182002022244692
0.00337040781934614
0.0023592854735423
0.00370744860128076
0.00134816312773846
0.00168520390967307
0.00303336703741153
0.00101112234580384
0.000674081563869228
0.0175261206605999
0.0198854061341422
0.0215706100438153
0.0185372430064038
0.0212335692618807
0.0023592854735423
0.0023592854735423
0.0212335692618807
0.0023592854735423
0.0185372430064038
0.0219076508257499
0.0222446916076845
0.0212335692618807
0.0219076508257499
0.00977418267610381
0.00404448938321537
0.00134816312773846
0.000674081563869228
0.00202224469160768
0.0182002022244692
0.00808897876643074
0.0212335692618807
0.0208965284799461
0.0212335692618807
0.0155038759689922
0.0212335692618807
0.0208965284799461
0.000337040781934614
0.0212335692618807
0.00404448938321537
0.0165149983147961
0.00134816312773846
0.0114593865857769
0.0175261206605999
0.0185372430064038
0.00640377485675767
0.0212335692618807
0.00438153016514998
0.0168520390967307
0.0185372430064038
0.0178631614425345
0.0222446916076845
0.0219076508257499
0.0175261206605999
0.00168520390967307
0.0215706100438153
0.0212335692618807
0.0208965284799461
0.00101112234580384
0.019211324570273
0.0185372430064038
0.0212335692618807
0.00370744860128076
0.00370744860128076
0.0175261206605999
0.00741489720256151
0.0222446916076845
0.00168520390967307
0.00269632625547691
0.000674081563869228
0.0175261206605999
0.000674081563869228
0.000337040781934614
0.00168520390967307
0.000337040781934614
0.0165149983147961
0.0208965284799461
0.00943714189416919
0.00134816312773846
0.0155038759689922
0.00101112234580384
0.0168520390967307
0.00640377485675767
0.014829794405123
0.0212335692618807
0.0219076508257499
0.0023592854735423
0.00101112234580384
0.00370744860128076
0.00404448938321537
0.010448264239973
0.00674081563869228
0.0185372430064038
0.000337040781934614
0.0222446916076845
0.0171890798786653
0.00134816312773846
0.00134816312773846
0.00404448938321537
0.0023592854735423
0.000674081563869228
0.00134816312773846
0.0219076508257499
0.0208965284799461
0.00134816312773846
0.00168520390967307
0.0182002022244692
0.00134816312773846
0.000674081563869228
0.00134816312773846
0.00101112234580384
0.00101112234580384
0.00168520390967307
0.0212335692618807
0.00370744860128076
0.0047185709470846
0.00337040781934614
0.0023592854735423
0.0208965284799461
0.0205594876980115
0.0215706100438153
0.0222446916076845
0.0107853050219077
0.0178631614425345
0.0101112234580384
0.0185372430064038
0.00134816312773846
0.00101112234580384
0.00168520390967307
0.0023592854735423
0.0158409167509269
0.0161779575328615
0.00101112234580384
0.00168520390967307
0.00168520390967307
0.00572969329288844
0.00505561172901921
0.0141557128412538
0.00269632625547691
0.00134816312773846
0.0158409167509269
0.00337040781934614
0.00202224469160768
0.00438153016514998
0.00438153016514998
0.00134816312773846
0.00303336703741153
0.0161779575328615
0.0158409167509269
0.00303336703741153
0.0161779575328615
0.00539265251095383
0.00168520390967307
0.00539265251095383
0.00505561172901921
0.00539265251095383
0.00168520390967307
0.00269632625547691
0.00269632625547691
0.0134816312773846
0.00269632625547691
0.0161779575328615
0.0158409167509269
0.00202224469160768
0.00539265251095383
0.00101112234580384
0.00202224469160768
0.0155038759689922
0.000674081563869228
0.000337040781934614
0.00134816312773846
0.00404448938321537
0.00269632625547691
0.00269632625547691
0.00337040781934614
0.00404448938321537
0.00438153016514998
0.00303336703741153
0.0144927536231884
0.0161779575328615
0.0158409167509269
0.00269632625547691
0.0023592854735423
0.0155038759689922
0.00101112234580384
0.00101112234580384
0.0155038759689922
0.0155038759689922
0.0155038759689922
0.00370744860128076
0.00202224469160768
0.0155038759689922
0.0155038759689922
0.00101112234580384
0.0111223458038423
0.0155038759689922
0.0134816312773846
0.0155038759689922
0.0155038759689922
0.0161779575328615
0.014829794405123
0.00438153016514998
0.00404448938321537
0.00404448938321537
0.00303336703741153
0.0023592854735423
0.00134816312773846
0.00269632625547691
0.000337040781934614
0.00134816312773846
0.00134816312773846
0.00539265251095383
0.0161779575328615
0.000337040781934614
0.00337040781934614
0.00134816312773846
0.0144927536231884
0.00101112234580384
0.0155038759689922
0.000674081563869228
0.00539265251095383
0.00505561172901921
0.00168520390967307
0.0047185709470846
0.00168520390967307
0.00134816312773846
0.00404448938321537
0.00303336703741153
0.00572969329288844
0.00168520390967307
0.000674081563869228
0.00134816312773846
0.0155038759689922
0.00505561172901921
0.0155038759689922
0.00505561172901921
0.000337040781934614
0.0047185709470846
0.00539265251095383
0.0023592854735423
0.00168520390967307
0.0158409167509269
0.0155038759689922
0.000674081563869228
0.0158409167509269
0.00404448938321537
0.000674081563869228
0.00404448938321537
0.00404448938321537
0.00370744860128076
0.00572969329288844
0.0155038759689922
0.0155038759689922
0.0155038759689922
0.0155038759689922
0.0023592854735423
0.00505561172901921
0.00303336703741153
0.0023592854735423
0.0151668351870576
0.0158409167509269
0.0141557128412538
0.0155038759689922
0.0141557128412538
0.00370744860128076
0.0155038759689922
0.0161779575328615
0.0155038759689922
0.000674081563869228
0.00370744860128076
0.00438153016514998
0.0023592854735423
0.0023592854735423
0.00168520390967307
0.00775193798449612
0.000337040781934614
0.00134816312773846
0.00168520390967307
0.00775193798449612
0.00269632625547691
0.00168520390967307
0.00134816312773846
0.00775193798449612
0.00505561172901921
0.00134816312773846
0.00775193798449612
0.00101112234580384
0.00876306033029997
0.0070778564206269
0.00775193798449612
0.00134816312773846
0.00101112234580384
0.00741489720256151
0.00842601954836535
0.00168520390967307
0.0023592854735423
0.00202224469160768
0.00842601954836535
0.00202224469160768
0.00775193798449612
0.00202224469160768
0.00202224469160768
0.00269632625547691
0.00202224469160768
0.00572969329288844
0.00572969329288844
0.00674081563869228
0.00134816312773846
0.000337040781934614
0.00134816312773846
0.00775193798449612
0.00842601954836535
0.00168520390967307
0.00168520390967307
0.00202224469160768
0.00775193798449612
0.00134816312773846
0.00134816312773846
0.00134816312773846
0.00134816312773846
0.00202224469160768
0.00134816312773846
0.00168520390967307
0.00741489720256151
0.00775193798449612
0.000674081563869228
0.00168520390967307
0.00741489720256151
0.00842601954836535
0.00168520390967307
0.00202224469160768
0.000337040781934614
0.00202224469160768
0.00202224469160768
0.000674081563869228
0.00134816312773846
0.00775193798449612
0.00134816312773846
0.0023592854735423
0.0023592854735423
0.00101112234580384
0.00775193798449612
0.000337040781934614
0.00101112234580384
0.0023592854735423
0.00674081563869228
0.00168520390967307
0.00505561172901921
0.00168520390967307
0.0023592854735423
0.010448264239973
0.0114593865857769
0.000337040781934614
0.00337040781934614
0.000337040781934614
0.00337040781934614
0.00202224469160768
0.00303336703741153
0.0101112234580384
0.0101112234580384
0.0111223458038423
0.00101112234580384
0.00269632625547691
0.000337040781934614
0.00168520390967307
0.0111223458038423
0.0111223458038423
0.0111223458038423
0.00202224469160768
0.0023592854735423
0.00202224469160768
0.00134816312773846
0.000337040781934614
0.000337040781934614
0.00775193798449612
0.00910010111223458
0.00977418267610381
0.00910010111223458
0.00910010111223458
0.00202224469160768
0.00303336703741153
0.00303336703741153
0.00303336703741153
0.0111223458038423
0.0114593865857769
0.00202224469160768
0.00977418267610381
0.00269632625547691
0.00910010111223458
0.0023592854735423
0.00370744860128076
0.000674081563869228
0.00134816312773846
0.0114593865857769
0.0107853050219077
0.0114593865857769
0.000674081563869228
0.00202224469160768
0.00101112234580384
0.00269632625547691
0.0111223458038423
0.0114593865857769
0.00977418267610381
0.00269632625547691
0.00910010111223458
0.000337040781934614
0.0114593865857769
0.0111223458038423
0.0111223458038423
0.00910010111223458
0.0111223458038423
0.00202224469160768
0.0107853050219077
0.000337040781934614
0.00134816312773846
0.00269632625547691
0.00741489720256151
0.000337040781934614
0.00202224469160768
0.000674081563869228
0.0023592854735423
0.00876306033029997
0.0114593865857769
0.00134816312773846
0.000337040781934614
0.00303336703741153
0.00101112234580384
0.000674081563869228
0.00269632625547691
0.0114593865857769
0.0114593865857769
0.000337040781934614
0.0023592854735423
0.00303336703741153
0.00303336703741153
0.0070778564206269
0.00134816312773846
0.0047185709470846
0.0047185709470846
0.00101112234580384
0.00202224469160768
0.00539265251095383
0.00202224469160768
0.0023592854735423
0.00505561172901921
0.00168520390967307
0.00134816312773846
0.00134816312773846
0.00404448938321537
0.00505561172901921
0.00269632625547691
0.00134816312773846
0.0047185709470846
0.00269632625547691
0.00101112234580384
0.00134816312773846
0.00134816312773846
0.00168520390967307
0.00168520390967307
0.00572969329288844
0.0047185709470846
0.00134816312773846
0.00202224469160768
0.00168520390967307
0.00101112234580384
0.00101112234580384
0.00572969329288844
0.00269632625547691
0.000337040781934614
0.00269632625547691
0.000674081563869228
0.00539265251095383
0.00572969329288844
0.00303336703741153
0.0023592854735423
0.00168520390967307
0.00168520390967307
0.00202224469160768
0.00640377485675767
0.00337040781934614
0.00404448938321537
0.00134816312773846
0.00269632625547691
0.00101112234580384
0.000674081563869228
0.00101112234580384
0.0070778564206269
0.00134816312773846
0.00101112234580384
0.0023592854735423
0.00202224469160768
0.00269632625547691
0.000337040781934614
0.00505561172901921
0.00168520390967307
0.00303336703741153
0.0023592854735423
0.00337040781934614
0.00505561172901921
0.00168520390967307
0.00404448938321537
0.00202224469160768
0.00202224469160768
0.0023592854735423
