0.00274844310548
0.00063668896372
0.00150014766208
0.0016753951482
0.00111298924556
0.00132197075263
0.000743203854968
0.000890379990885
0.000767328989851
0.000653663328611
0.00543478969857
0.000690876172447
0.00165546270592
0.00109223551132
0.001147600797
0.00137055422861
0.00103599856363
0.0010178922652
0.00175508515199
0.00212648687855
0.00138084169918
0.00160075537163
0.00105456761555
0.00775459114801
0.0021742730901
0.00130673351549
0.000788222922565
0.00175205589072
0.00166395379582
0.00150795509013
0.00124189168898
0.00206993567488
0.00444527224188
0.00215865961847
0.00095403107847
0.00165443417593
0.00153561667725
0.000761744375554
0.0011620663761
0.00163663176755
0.000839386312416
0.00243981907528
0.00186973429658
0.00459467095196
0.00181927814719
0.00424187465995
0.00383000826698
0.00134964002939
0.00226937695704
0.00177924723589
0.00160696750023
0.0013852091265
0.000927277989292
0.00051469048625
0.00105157443456
0.000895259340675
0.000931327956195
0.00400717198308
0.00365835654136
0.00170751954594
0.00377897067094
0.00247578261702
0.0054297100995
0.00260234077908
0.00181122062596
0.0
0.0
0.00369901023582
0.00202926197172
0.000849918048418
0.00157050250089
0.00366506004487
0.00222762712141
0.00140398046512
0.00161166488313
0.000910338122827
0.0016668271573
0.00163466726719
0.00147863856309
0.00210039551722
0.00325880841114
0.0023332082261
0.0072283005781
0.00131133869669
0.00244108595952
0.00378826703365
0.00252705455909
0.00106952758152
0.0106186608711
0.00438297025261
0.00591684081522
0.00467546326005
0.00256652524646
0.00664277163686
0.00967109921136
0.00522717955699
0.00183596329665
0.00477961835709
0.00822441494688
0.00601559993225
0.00346772736675
0.00116325784012
0.00149949027449
0.00187397506302
0.00265280968302
0.00490703074031
0.0129131093265
0.0101461107827
0.00331985554421
0.000996075948052
0.00322839198331
0.000397247372953
0.0167903593621
0.00117159702293
0.00100019843298
0.00513429381511
0.00295599382635
0.00119714994452
0.00104809797505
0.000465468454089
0.00135390015718
0.00129945449065
0.0280839398023
0.00192487558794
0.0126359020122
0.000898080859432
0.000974826240533
0.00122393837967
0.0051083661289
0.00193808324277
0.00181209119028
0.00207424010968
0.00149795803981
0.000610882733389
0.00126439826416
0.000419940475048
0.00281922372948
0.00040851122518
0.000922923850403
0.00120217024262
0.0021165709107
0.0042566587216
0.00179934914539
0.00197408174684
0.00199403750103
0.00115162217843
0.00109309423093
0.0017221800823
0.000906483028807
0.00347301364048
0.00223299728326
0.00286411921624
0.00225773241698
0.00433617964344
0.00290415166008
0.00150060260446
0.00442927812545
0.00738155313478
0.00235864128112
0.00184582165389
0.000757391584148
0.0137836479448
0.000716398549314
0.000896663897459
0.00125878088783
0.00311141518711
0.00134129839869
0.00128982008362
0.00111164673708
0.00179362070562
0.000929544035822
0.00182599893746
0.00105225878129
0.00140741456011
0.00161701417973
0.00213474005902
0.00688786037522
0.000987137531896
0.00202624351815
0.000497771664292
0.00217760795706
0.000991080223718
0.00167186149781
0.00141372960489
0.00182860965663
0.00230410022857
0.00208256968687
0.00160938797868
0.000729212840927
0.000464002289545
0.0014693408831
0.00181358527095
0.00108992834654
0.00313007424556
0.00161148558539
0.00247306609978
0.00124929155084
0.000346199036569
0.00111475788553
0.00074252989454
0.00129328839568
0.00106735125874
0.00159843532398
0.00121137485516
0.000891337101712
0.000982394346282
0.00111779435481
0.00298413078744
0.0241873097683
0.0036170775026
0.00563014363611
0.0044229454755
0.00286310875392
0.00719217199125
0.00257803651724
0.001528183609
0.000517306558813
0.00383856708689
0.0
0.0
0.00261956668355
0.0
0.00641505199987
0.0
0.0
0.0
0.0
0.0
0.00806053612017
0.0
0.0
0.00299312326692
0.00316409108821
0.00631385978824
0.00954186139756
0.00201667384923
0.00661991193065
0.00587736674632
0.0033855639845
0.00251449352444
0.00155539311915
0.0040444712146
0.0197849882153
0.00774492973486
0.00820640970398
0.0183727994311
0.0119555244468
0.00793251527929
0.00651443223929
0.00808175805872
0.00578003856789
0.00722012527758
0.00429776295146
0.0111511282165
0.0126334755375
0.00856171913057
0.000674749586961
0.00142441079813
0.00123511608989
0.00292733315838
0.00289581682335
0.00505537140626
0.00129335812833
0.00134534837801
0.00113884679312
0.00139776626219
0.00168869702201
0.00110019862072
0.00886630526373
0.00826048411803
0.000994369148464
0.00740939072865
0.0583931744311
0.00885088189839
0.00181911015377
0.0016512519767
0.00130345303632
0.000873818302261
0.000935214512725
0.00194773712692
0.00145130064829
0.0055316779468
0.00587447108658
0.00138805251583
0.00394453207848
0.00257537368478
0.00153777496452
0.00283122570276
0.00104965448703
0.00110658657402
0.00471595058887
0.000741737704665
0.000975066394865
0.000683333018381
0.00684567848282
0.00202747823161
0.00188041664284
0.00264919738938
0.00814920341611
0.00382099766
0.00407785084823
0.00445393660028
0.00491513560869
0.000984806658164
0.00281778149299
0.00667790897013
0.00149767812034
0.000617781396641
0.00190931500396
0.000793186813475
0.00198962120398
0.000472532383423
0.00162172443929
0.00033574321807
0.00168582154283
0.00118079124535
0.000885069785951
0.00112242209933
0.00120414981524
0.00194368445875
0.000589287949024
0.003818902436
0.00506396211438
0.000823284017925
0.00125120991162
0.00140177291911
0.000481716681155
0.00396237899196
0.00632125698916
0.000357323686349
0.000714459819827
0.000380517283212
0.000616069805879
0.00131039252202
0.00360806445745
0.000482756411094
0.00883240565389
0.0110465116279
0.00968918425139
0.000292454344188
0.000523585338341
0.000323443411895
0.0011825530382
0.000757634239071
0.00110574728204
0.00840728185338
0.000761773832116
0.000544612366266
0.000384266805267
0.00411779482963
0.00512254901961
0.00852996254682
0.00201209800658
0.00117581037128
0.0092783059637
0.00172735760971
0.00639147711702
0.00382819794584
0.00144724556489
0.00614234301315
0.00731509625127
0.00441030892644
0.0120679992528
0.00332066869301
0.000913636759639
0.00256565482837
0.00363050417553
0.00440802310233
0.0
0.0
0.00628170525385
0.00114244965386
0.00750772737686
0.00392787839971
0.00329396967675
0.00673671091124
0.0137253322082
0.00411133496769
0.00145620925738
0.00534709695618
0.00146347558685
0.00139648865349
0.00354548760708
0.00226286719981
0.00292232073827
0.00180686674198
0.00246068033788
0.00669866784751
0.00850031298459
0.00340091052842
0.00841198288137
0.00837810758704
0.00750673948794
0.0150735837707
0.00685664717154
0.0167834901449
0.0275176318109
0.0081502157813
0.00308990467356
0.00311704868536
0.00715037291552
0.00253269340041
0.00235722849726
0.0125430918765
0.0053403927612
0.00155187495971
0.00790772661647
0.00621430099036
0.0209982318794
0.00950164940065
0.00490862080723
0.00712731295812
0.00879773104234
0.00224541929432
0.00646137745175
0.000731839448005
0.00137746299778
0.00715429603816
0.00279882541449
0.00144930644804
0.00216377164463
0.000605690332602
0.000305568906453
0.00104616255331
0.00134852047945
0.000737550666526
0.000712883441641
0.00774643155177
0.00053997059236
0.00102091779388
0.000565010375357
0.00118104166765
0.000832141857372
0.000840628733217
0.000430156128596
0.00247271558037
0.00182268042241
0.0071377355628
0.000482522465703
0.00146720286607
0.00190345813378
0.00262813728573
0.000559207390934
0.00158063305564
0.000962842674647
0.000835031526559
0.000226377264015
0.00427604487089
0.00159865952656
0.000186757186236
0.00486880757764
0.000379191168782
0.000539604711591
0.000804543401855
0.000929076753634
0.000680701330906
0.00307701532976
0.00157814734943
0.00148973863704
0.00107598371083
0.000895349811339
0.0012117516407
0.000827221347788
0.000594260780453
0.00154939763025
0.000430401724167
0.00068528231601
0.000735756131267
0.000769176992316
0.0017064481372
0.00144121946525
0.00690484550562
0.00742101449275
0.00502645502646
0.00395339159384
0.00312945663823
0.00718065003779
0.00764021164021
0.00530570252792
0.00659356435644
0.00101410934744
0.00590968248029
0.0
0.00269995989761
0.00539869579274
0.0
0.0
0.0
0.0
0.0
0.00375319907914
0.0
0.0
0.00204831437945
0.00242292378184
0.00308482238928
0.00183718743191
0.00572887498804
0.00342428858105
0.0027992925481
0.00221102926639
0.00167830653465
0.00029471626041
0.00427192865346
0.0
0.00600800260724
0.0
0.00175985795906
0.0
0.000975055869492
0.00282098322225
0.00541471979034
0.00903022119044
0.00719992557347
0.00116155926233
0.00150932332863
0.00289301227109
0.00542864518171
0.00170479977389
0.00540523993674
0.0
0.00722657916116
0.000769063136366
0.00159332550075
0.0210754272183
0.00639955039232
0.000919186198935
0.00266391847329
0.00797250214387
0.00324406323051
0.00644789499585
0.0
0.00230181773514
0.00171145377844
0.00308621043118
0.00122354370508
0.000946956443448
0.0247712234325
0.00235587625399
0.00502038579324
0.00353760272697
0.00153251278279
0.00235444260542
0.00214148861347
0.003709530564
0.00113975809673
0.00379235416524
0.00206980175951
0.00174443000475
0.00179992243231
0.00999403882485
0.00171551787222
0.0042231047934
0.00085099364963
0.000749196077799
0.012316052317
0.0016500449566
0.000844183276451
0.000747107008246
0.000996555301257
0.00921697090818
0.00693548935838
0.00205958890343
0.0102083455161
0.000471042461461
0.00204485137658
0.00195226998635
0.00195652934718
0.00143512948098
0.00153604265764
0.00618404237486
0.00064954738099
0.00211491683564
0.000833525127453
0.00211930362577
0.00409707445709
0.00172590602788
0.00039592889933
0.000698801267177
0.00839033781389
0.00119593998045
0.0
0.0
0.0
0.000540097802265
0.00081337366094
0.0034318996406
0.000822893695669
0.000515236068621
0.000991370369795
0.00111605301125
0.000902196844382
0.00190541723845
0.000674323272291
0.00157894736842
0.000964092354819
0.000834800569903
0.000532398738217
0.000777766530669
0.000644224521685
0.00126367851331
0.000559194644669
0.00117609051039
0.000977199325971
0.000819180715863
0.00588252314815
0.0147286821705
0.00962237049393
0.00336484137332
0.0115787981859
0.00911616161616
0.00660356570513
0.00616064133987
0.015380952381
0.00512266802964
0.00491764835317
0.00255547407152
0.0115355356354
0.00346169842347
0.00288650646873
0.00336344598339
0.00493954762827
0.00890357487989
0.00264582277048
0.00376108582817
0.0
0.0
0.0
0.0
0.0
0.0
0.0
0.0
0.0
0.0
0.00452032389236
0.00496288946439
0.00228246734391
0.00933849259239
0.00119290546177
0.00123998361868
0.00590866825374
0.00112434175935
0.00257710504235
0.00472461371052
0.00287272521858
0.00349215275403
0.0105525890461
0.00383159307923
0.00825845657485
0.00280916997573
0.00165525814333
0.00237621276245
0.00840694231885
0.000878277354793
0.00839589885191
0.000795843439894
0.00213096505297
0.00137276203384
0.00179929591569
0.00276163956665
0.00698936911228
0.00147568656342
0.00349436883289
0.00246148086653
0.00342276691897
0.00100673734132
0.00114413018976
0.0162485598479
0.00991535217087
0.00129040363575
0.00206343774263
0.00220660041081
0.00157576759176
0.00267494377697
0.00330447109993
0.00375706375432
0.00367098969515
0.037333130556
0.00428828229764
0.00239587232374
0.00152743070329
0.000780640362256
0.00211754839128
0.00187726210938
0.00360160916044
0.00122855883417
0.000412527649535
0.00321258886026
0.00089433020446
0.0044159813432
0.000620176139033
0.000939812005732
0.00287576551794
0.00268459179911
0.00390168842181
0.00155065194174
0.0170334020417
0.00118360711306
0.00317248358241
0.00417979172914
0.00160920475224
0.00412849096942
0.00199290283893
0.0177278876387
0.00203592046309
0.00257460401459
0.00257141829381
0.0
0.00150017601401
0.00281484019572
0.00148705530185
0.00109454110796
0.000472324346405
0.000542072990544
0.00257142857143
0.00196593862591
0.00199516377912
0.00385338345865
0.00210526315789
0.0346092235656
0.00255903011937
0.00159404988455
0.00133990060535
0.00229989120545
0.00211284826959
0.00114363292368
0.000868869300117
0.000956360932953
0.000683236277634
0.000489571674638
0.00270949623203
0.0266882640605
0.0018792243624
0.00589469784718
0.0026719637505
0.00204227989038
0.00542178254385
0.00348330728693
0.00779755015432
0.00339086251785
0.0113592082403
0.0101115689628
0.0052915810449
0.00274554541504
0.00521391529818
0.00673220973783
0.00401578813344
0.00366924157303
0.00365147208794
0.00202886584622
0.00413182449216
0.011939065722
0.00501860905386
0.00403134305189
0.00359729725256
0.0042521111714
0.00325830991285
0.00221786551697
0.0
0.0
0.0
0.0
0.0
0.0
0.0
0.0
0.0
0.0
0.00164475967437
0.0086216435383
0.00390143494512
0.00271393980668
0.00583203120463
0.00276307210764
0.00127729928654
0.00463056276677
0.00532628609412
0.00050373002598
0.00168918918919
0.0
0.0
0.00834563803758
0.00904010673851
0.00214456529732
0.00301714716536
0.00348330419697
0.000947532403724
0.00239467428311
0.00250798009267
0.00375508624063
0.00409331914773
0.00142468379151
0.00152608500308
0.00608613471992
0.00507349166454
0.00394455730286
0.00328788826745
0.00150333562221
0.00137171449536
0.000594328444364
0.00385389059073
0.000615796637916
0.00120814771199
0.000877060698796
0.000565038227883
0.00167809483314
0.00317353626117
0.00450085721051
0.003546826673
0.00494407063377
0.00286662283291
0.0057901561655
0.00546864610395
0.00265160385314
0.0040894367839
0.00240581280056
0.00103928343131
0.0051283599147
0.00263286982503
0.00193878059579
0.00476062173995
0.00148952345735
0.00171604339474
0.00297787995081
0.00190001596884
0.00943782611715
0.00520346413781
0.00106456535936
0.001672707696
0.00127650017816
0.00139755215913
0.00314999642614
0.00164678183348
0.00691854133873
0.00132651056565
0.00283448575031
0.00851524754569
0.00185642426104
0.00150793998542
0.000478905740717
0.000773674393718
0.0016935673013
0.0069000497766
0.00306817471415
0.0020446712095
0.00314870009674
0.0105916437878
0.00242873192797
0.00337896804797
0.00441426103123
0.00212933599172
0.00435362977961
0.00131176630312
0.00360775363257
0.0179087515382
0.00207853583019
0.00323435421359
0.0201241784398
0.00244084584692
0.00266175770621
0.00599920075791
0.0208943452381
0.000770825466795
0.00139024051942
0.000805003315511
0.000716915612205
0.000497282887377
0.000739407584783
0.00144403006839
0.000856849568515
0.0011782580944
0.00225525322919
0.00157311574557
0.000168918918919
0.0113390703148
0.00523804660753
0.012580749354
0.0079275143875
0.00526718021735
0.00710093477951
0.0110212843701
0.00934433337898
0.0100374006545
0.00684618104668
0.00452675675627
0.00264456109863
0.00182111090209
0.00187490725066
0.00240808644578
0.0020810415843
0.00330533384964
0.00842971163585
0.00544528958557
0.00132055600515
0.0
0.0
0.0
0.0
0.0
0.0
0.0
0.0
0.0
0.0
0.00291359369493
0.00681170566113
0.000974488000347
0.0032564680206
0.00137319156321
0.00362043203193
0.000717932757972
0.00176754849205
0.00236864926672
0.00166859953872
0.00187222893807
0.00300743103584
0.00167297425478
0.0070503125033
0.00528990072564
0.012764055229
0.00935077709232
0.00552900329469
0.00289533046103
0.00538026124275
0.00272335130159
0.0319691768963
0.00284670555401
0.00252053135994
0.00178477515639
0.00484324900734
0.00105058826844
0.00098878494706
0.00566383065217
0.003305036282
0.0011877123321
0.00258597688494
0.00141026812526
0.00111856205748
0.00164104184731
0.00546534501006
0.0134292536941
0.00468160615107
0.00417776109449
0.00434177438869
0.00941394437444
0.0039283455952
0.00126783944998
0.00224007200176
0.00200939613136
0.00259666314911
0.00246511509037
0.00199466739389
0.00168799424314
0.00657579983935
0.00287858895873
0.00206464339858
0.0011599936601
0.00192458521379
0.00193558327013
0.00141903876752
0.00204334050852
0.0108195752539
0.00123931529088
0.00158366588327
0.00459917237971
0.00187878434703
0.0024286994596
0.00223861152609
0.00342205295688
0.00388380599103
0.00197708173062
0.00144707881991
0.00187618150699
0.0025372278313
0.00592300244017
0.00491356972195
0.00186583031133
0.00244090693832
0.00179337900074
0.00108306620773
0.00133656561028
0.00420170719131
0.00222339858935
0.00212001769292
0.00365868872635
0.00155675505278
0.00463602232884
0.00148520182323
0.00186052327743
0.0013424049012
0.00247890283446
0.0201685000748
0.00400471553218
0.00142878282666
0.00490626891172
0.0168234574841
0.00664482662369
0.00580528271963
0.00460726672245
0.0023290212113
0.00119679721959
0.00157786885057
0.00367497865967
0.000645404457431
0.000637105494372
0.00187157382549
0.00111793769061
0.00115435256418
0.00339038873482
0.00303245920387
0.00106820443801
0.00204149020515
0.000936475735783
0.00259972036705
0.00120861623807
0.00312084736112
0.00115761011905
0.00144489058653
0.00146696782375
0.00511803615298
0.00766515843804
0.00617069841349
0.000521872751334
0.0030443176795
0.0104041514505
0.0036649591561
0.00972130725393
0.0
0.0
0.00673529353085
0.00183190639182
0.00749512963777
0.00197233291091
0.00333288695822
0.00139849409903
0.00666275812226
0.00224049393162
0.00512268318448
0.00313910971999
0.00791981679534
0.00198973299511
0.00971978460311
0.00605068763617
0.00735543508479
0.00699319547543
0.0
0.0
0.0
0.0
0.0
0.00963768115942
0.0
0.00872537508154
0.00486946003925
0.00582552778705
0.00630271286597
0.00112798245196
0.00215568021663
0.00218280257053
0.0040942423766
0.00199443958244
0.00142876160342
0.00649096748715
0.00355309384505
0.00410067633258
0.00141020243095
0.00136976066328
0.00135951932595
0.00373031469359
0.00370774469472
0.00198208521903
0.00148171595481
0.00109123078706
0.00129223399739
0.00368017405146
0.00319709419241
0.00783784222485
0.00194189463795
0.000622029441567
0.00533841029528
0.00352171051908
0.00331650574766
0.00499571238257
0.000849204925376
0.00804151014029
0.00464321746798
0.00104515988125
0.00375347017329
0.00586500114213
0.0017727309682
0.00617141475694
0.00567774830288
0.00685550061668
0.00190442811479
0.00286039642581
0.00989747441315
0.00127231296109
0.00783734132884
0.00613526956225
0.00108197230733
0.00122848148663
0.00133010251059
0.0026881565867
0.00177537166891
0.00172326053937
0.00362048082407
0.00161183815871
0.00127880588535
0.00391389317969
0.00192599403175
0.0045489620132
0.00672318596536
0.00551847732048
0.00165734777315
0.00232315153344
0.00228626138372
0.00294991649631
0.0176156213143
0.00720916928329
0.00759561711632
0.00723558543092
0.00257103353754
0.0140222762745
0.0082295046953
0.0060305204739
0.00425496664003
0.0114773574868
0.00402538114636
0.00323784160757
0.00335292664076
0.00361223635286
0.00367660707045
0.00353181135763
0.00122977127666
0.00401901008729
0.00154034273021
0.00090815930913
0.00119271320393
0.00198863485577
0.00194790852424
0.00265007401232
0.000669728047661
0.00250991534189
0.0011408827408
0.000748573131035
0.000191115255047
0.00253611345064
0.000393077191351
0.00107499752071
0.00179224514241
0.00175477198455
0.001103895391
0.000876322971884
0.0027771743167
0.00049552643343
0.00227110926931
0.0101021684737
0.00594967707003
0.00104986030518
0.0056507982866
0.00222270817461
0.00232781051444
0.0025490642052
0.00154222330359
0.0098556763285
0.00372233263191
0.00221933208635
0.00162059129204
0.00284126334658
0.0369359387591
0.00254950169511
0.00403298889781
0.00568677817418
0.00420821501383
0.0133989482402
0.000784944123943
0.00058475696677
0.0067796209363
0.00205535475284
0.00141068134132
0.00443549702378
0.0128469793995
0.00242242682037
0.00103103076431
0.00122482210384
0.000574579159971
0.00314672806043
0.00132869628083
0.00224850868478
0.0010174876514
0.00187751771008
0.00289153917695
0.00178072276687
0.00156967341548
0.00150148049611
0.00132730937737
0.00359322025014
0.0
0.0
0.00346205984976
0.0
0.0
0.0
0.0
0.0
0.0
0.0
0.0
0.00225467648152
0.00181150507047
0.0341426620567
0.002694218444
0.00407934420903
0.0031197970713
0.0037719098867
0.00257585235653
0.00213833797576
0.00185269854427
0.0174173055822
0.00130539093499
0.00142302073562
0.0017940853353
0.00218624720988
0.00189542116419
0.00231404535886
0.00194169831997
0.00217413439469
0.00144580200573
0.00315934137241
0.00109282548452
0.00210122289778
0.0058946064539
0.00281501632473
0.00394687723193
0.00219417915028
0.00155003620076
0.00238059914215
0.00415604005174
0.00054000315256
0.0033821034521
0.00137721930889
0.00117069323599
0.00161414085862
0.00123065547725
0.000544633265195
0.00203137206589
0.00288657523581
0.000961330871559
0.00939987441699
0.00283139338923
0.00630986116645
0.00117991474591
0.00262780775083
0.00256657744894
0.00105622141879
0.00325102678881
0.00249646063951
0.0013311021745
0.010497502722
0.00218772729716
0.00519252488876
0.00279166144275
0.00132102801652
0.00353332009913
0.00455603608996
0.0131734207
0.00739007072115
0.00285254273768
0.0030265389344
0.0073646361903
0.000859138844016
0.00124310411148
0.000854320503744
0.00339745018483
0.00344620452006
0.00160195585739
0.00248298991373
0.00195088359262
0.0476488298012
0.00415144193205
0.00790928954561
0.00220073905425
0.0131370454222
0.00274828875222
0.00261336894101
0.0177118450909
0.00682069768073
0.0162627122349
0.00272037438055
0.000536685606813
0.0015149477445
0.0113447699113
0.0007659999084
0.0034101943645
0.016273488249
0.00356799421838
0.00518555492212
0.000306239454263
0.0103823742277
0.00184807523113
0.00192328831611
0.00167972625231
0.000213873973326
0.00173473181347
0.000390783836051
0.00172652344007
0.000383748110329
0.00153361469936
0.00133627863498
0.00114943020303
0.000732629480821
0.00113440134503
0.00200418644578
0.00171534666428
0.00258173244932
0.00257074278572
0.00258282662057
0.00760559904602
0.0146798503455
0.00111308523223
0.00159342923773
0.00156104598898
0.00262854033153
0.00554368405511
0.00379407596372
0.00616489361702
0.00696461609621
0.003699669967
0.00476895510077
0.00516650654284
0.00297846767594
0.0118099876911
0.00791666666667
0.0157443138257
0.00284828095784
0.00271538910263
0.00329219220752
0.00190932188864
0.00291854376649
0.00315076648001
0.00446557385358
0.00238857007354
0.00603163862321
0.0020163536528
0.0102931398679
0.00109828570048
0.00277689730139
0.00282777876009
0.00265571290936
0.00206410060204
0.0126784959934
0.00172035464266
0.00268397051902
0.00122986569763
0.00199708301972
0.0017196134778
0.00110529980734
0.00149463804777
0.00175523899225
0.0206751689084
0.00800765600947
0.00154411697547
0.00105288439903
0.00186020848588
0.00174072678827
0.00362620330772
0.00321188240585
0.00201299607844
0.00165002253662
0.00278838240405
0.000985313387091
0.00182624586418
0.00210770957332
0.0147337170502
0.0
0.0
0.0
0.00285486104359
0.00293566362715
0.00170135800272
0.00253528214728
0.000916178447074
0.00140270753103
0.00128836268255
0.00183933884434
0.00276924165925
0.00170737691504
0.000954813719336
0.00143792114821
0.0
0.0
0.00363718644338
0.001066988175
0.00296112838794
0.00153635585241
0.0040343289996
0.00262152516248
0.00931782244144
0.00428330468567
0.00249686112088
0.00420936481029
0.00314126785571
0.00249686565599
0.00323898559138
0.0143325202847
0.00363817911457
0.0123026043345
0.00524948825667
0.0032209666327
0.00274047212328
0.00885758372606
0.00296729723459
0.00397638979993
0.00154391795601
0.00105758730459
0.00471341146337
0.00759737791724
0.0043393937152
0.0027602145896
0.000907512577486
0.00120435582508
0.00112673084144
0.000478384779078
0.00530908003757
0.00176116132866
0.00378544407185
0.000814060212233
0.0
0.00951605007658
0.00276573865895
0.0750334741697
0.00141031208806
0.00240980300387
0.00232557840726
0.0018335244193
0.00428052756187
0.00827933061164
0.00298414218141
0.0026503178629
0.00278608351464
0.0028972834847
0.00332456675472
0.0112760309927
0.0134024928447
0.00482631208542
0.00339260900502
0.0140333355096
0.00605285918053
0.00534978478334
0.00023743872549
0.00138639932038
0.00158338400647
0.00260201638034
0.00367629860572
0.00129910509975
0.00111559170988
0.00223106271391
0.0426849483745
0.00136352486165
0.00843007410558
0.00709268865204
0.00418106903595
0.0027039111735
0.00160036424963
0.000934238856144
0.00690738012832
0.00151504539044
0.00276090481929
0.00135958054548
0.00120414112032
0.000467502093687
0.000456813095862
0.0026495508093
0.000928548622514
0.038293182176
0.00863796074476
0.0145133724723
0.0196878669276
0.00531266422272
0.00202356022231
0.0149083400483
0.00556295259277
0.0182385982562
0.00537306912358
0.00374782025849
0.00406056911935
0.00333758630755
0.00296800858539
0.00209813811042
0.00222565581887
0.00289441097252
0.00409222137639
0.00277594226381
0.00285833126984
0.00326999426562
0.0
0.0
0.0
0.0
0.0
0.0018123995522
0.0
0.0
0.0
0.0
0.0104054955315
0.00758726632049
0.00230152577205
0.0137852732627
0.00100720949958
0.00308566531982
0.00126545475649
0.00339741110669
0.00110706623698
0.0025295140215
0.00924760007209
0.00121234342074
0.00176427818224
0.00193226441572
0.00135644868607
0.000982147844709
0.00165262274229
0.00481443470871
0.00328626956559
0.00309975918769
0.00374969584727
0.0184796424933
0.00320789334289
0.00167719752161
0.00124147270803
0.0220476959928
0.00177360839782
0.00152320629669
0.007504444117
0.00645202721818
0.0022456674343
0.00542582342502
0.0115314723312
0.00631942964777
0.00311074878388
0.00315228242954
0.00698846102167
0.0142750615805
0.00170352097966
0.00214653437619
0.00103457892059
0.00243269598895
0.00268535426037
0.00264378704569
0.00186935699666
0.0024444681179
0.00304051392965
0.00181302512806
0.00522036536463
0.00177375976865
0.00169743509443
0.00180369513895
0.00238434296492
0.00214189479982
0.0135780893531
0.00209478872269
0.00528264145272
0.00143961047262
0.00131890749527
0.00211406098337
0.00151270466484
0.00118377999623
0.000854413461306
0.00282451181856
0.00276742288004
0.00588922220198
0.00157349857469
0.00152557469299
0.000823497362392
0.00153965017517
0.00243236085539
0.00146854520161
0.000877505717795
0.00741013260047
0.00304483958071
0.00462945703748
0.00326446037971
0.00173788716516
0.00172567501342
0.00564089074735
0.00179628874669
0.000539752426585
0.00210690666253
0.0016368286445
0.000996773092754
0.00196178044397
0.000817037020932
0.000794499041952
0.00175580421432
0.00139843215764
0.000825618673438
0.00102688929579
0.00942862925003
0.00164402347708
0.00267914674721
0.00588219930896
0.00110861546653
0.00536286101513
0.00809636157242
0.00537306243708
0.00189302275133
0.00137034599659
0.00233117382457
0.000804723776426
0.00128411364378
0.00172394605206
0.00171404646171
0.00126038614988
0.000674842134366
0.00183642826032
0.000834370843559
0.00155815697776
0.0113272890508
0.00643275333081
0.0194629014396
0.00454847063144
0.0217621822891
0.00391835016835
0.00338719766472
0.0256455399061
0.0172237270376
0.00668266265803
0.00348623853211
0.00246883020398
0.00199484194031
0.00158537143561
0.00350744594023
0.00288044918333
0.00136017747934
0.00237845262664
0.00359716214648
0.00222511783593
0.00184853459254
0.00160011071135
0.000700769171123
0.00139415981076
0.00062856211227
0.0019678377459
0.00231249476194
0.00307156218143
0.000649103600582
0.000653984738979
0.00140309632732
0.00353995098242
0.0
0.0
0.00624689040058
0.00139728100816
0.00292517763678
0.00734199968869
0.00106467738727
0.00204448257285
0.00261217845553
0.00069501978569
0.000806129887985
0.00128679284502
0.0081763816234
0.00104014536569
0.00092587460522
0.00127182963899
0.00114670395773
0.000949332241933
0.00199959569615
0.00169540709744
0.00226969223669
0.00133852835639
0.00105870876744
0.00409686153982
0.00468833224653
0.00129149387859
0.00312254368809
0.00451188591919
0.00482364883766
0.00295002651668
0.0100018085311
0.00193328798524
0.00457539417608
0.00148751610249
0.00414309909216
0.00501431017275
0.00320483283284
0.00597199606249
0.00118658531438
0.00234613798995
0.00123172858934
0.0
0.00163509774539
0.00197734749316
0.0
0.0
0.0
0.0078897645736
0.00315137609357
0.00398384164877
0.00219149076699
0.00181055601397
0.00365367001935
0.00242799122859
0.0037501471872
0.00198315676171
0.0
0.00168241779311
0.00470018534056
0.00319635605611
0.00372333178403
0.00171017668363
0.00657985802887
0.00085301329269
0.00153602653116
0.00152581026174
0.000662757528484
0.00180177121835
0.00799695588768
0.00651149627031
0.00147858933608
0.0081072538541
0.00298584352413
0.00258914211481
0.00251194881212
0.00120393837729
0.00161333955879
0.00381234609234
0.000988895311989
0.000893288473971
0.00533323650462
0.00271731420959
0.00162955837595
0.00137339582095
0.0
0.000279840427437
0.00221797373648
0.0003688267268
0.00135341052402
0.00219271638155
0.000886394486314
0.00236239661543
0.00148834841497
0.00125370192521
0.0009560301105
0.0042356523301
0.00319942976892
0.00244698775186
0.0
0.00186536470002
0.0067922721211
0.000981660330657
0.0216138614137
0.00352174028993
0.00146941813762
0.000812403281954
0.00173983804995
0.0010920138166
0.00258273350565
0.00299476929526
0.00313534014119
0.00104267089671
0.00150445970267
0.00391971465902
0.00119491713207
0.00103210722823
0.00157774619622
0.00092681758463
0.00111431863031
0.00402878114495
0.00117855804321
0.0293813736214
0.00700183628594
0.00357523517753
0.00354882478226
0.00175120484458
0.030384610786
0.00352640037707
0.0282431563551
0.00418790588038
0.00329847747811
0.00653622854679
0.00301907893326
0.00522859438847
0.00736893137207
0.00387241276745
0.00249226403017
0.00476103808027
0.00177982324591
0.00286250153733
0.00220784874854
0.00118754644891
0.00173981152419
0.00208311535468
0.00296047506766
0.00389933123405
0.00413558082696
0.00181564688723
0.00401225616926
0.00397084633664
0.0029800146677
0.00433705236822
0.00252947118341
0.00343247105185
0.00277265616163
0.00841823375337
0.00269751741951
0.00738858507996
0.00409022025504
0.0023103780899
0.00207061882196
0.00351305692369
0.00244896738133
0.00297232857481
0.00486948472505
0.00325035627818
0.00224029135778
0.003843250792
0.00265934800146
0.00280739306674
0.00100323721246
0.00660424466726
0.00561893657865
0.0024600201423
0.000517926321386
0.00332975175137
0.0055052540137
0.00205194007027
0.000918337724068
0.0115904015015
0.015379252389
0.00415820200855
0.000947106160784
0.00784496647203
0.00488567562571
0.00673703277638
0.0104933938831
0.0398012965091
0.00298504237448
0.00293088307744
0.00337881422802
0.0027051930267
0.00172196908563
0.0149422909889
0.000857871983449
0.00243084444748
0.00127322661509
0.00171223572586
0.0015620318826
0.00190983092397
0.00191305666642
0.00349346011081
0.00303553815196
0.00358252940207
0.00310384655972
0.00138827327748
0.00325998097215
0.00127583168324
0.00112777777463
0.0308193157449
0.000967132409432
0.00191379098039
0.000767586037696
0.00125663974379
0.000990646500464
0.00218460763715
0.00178898029044
0.00130339413534
0.0016853809478
0.000358290388503
0.00136422973443
0.000906606115275
0.000623325837999
0.00146876631084
0.000817454612517
0.00419947231688
0.00118153175405
0.00145134871279
0.0220111849469
0.00534388667176
0.0
0.00463605466775
0.0101635573739
0.00430046179332
0.00259704994356
0.00545799070989
0.00710259059233
0.00560720352438
0.00126634528247
0.00143791267777
0.00148486255512
0.00199792079433
0.000701706029028
0.000768212167897
0.00458913449404
0.00109111177618
0.000839184531894
0.000928824742217
0.000635949053119
0.000482734090867
0.00113063918722
0.00292287492544
0.000622536854636
0.00415296999234
0.000600308148904
0.00692559074912
0.00378146000021
0.00335260206963
0.00219072615223
0.0188480312448
0.00303708802321
0.00452341621173
0.00682688575085
0.00260128570804
0.00450706109679
0.00192236864794
0.00255127033133
0.0147126665602
0.0
0.0
0.00230290561069
0.00313830819466
0.000888133458786
0.00537247887568
0.00146900662558
0.00182791592553
0.00115558042027
0.00171230652099
0.00984987031725
0.00117290140265
0.00137352294956
0.00216005821726
0.00944484890725
0.000951420363805
0.00229559806498
0.00948740252775
0.00102705367081
0.00512373554089
0.00190126504855
0.0025095894037
0.00659263071193
0.00347726862324
0.00276353444218
0.00256153563508
0.00518531680483
0.00632015745831
0.00135430054368
0.00168670719336
0.00420509631053
0.00345243814642
0.00781936568868
0.00327040190942
0.00226768554162
0.0221624423834
0.00680339299698
0.00164151521682
0.0129502598251
0.0116382385439
0.00259549006481
0.00499586949897
0.0157735850611
0.0234479960174
0.00651731944633
0.00214401248659
0.00157747271272
0.00769272239873
0.00228369873711
0.000842063439003
0.000640397395604
0.0017507550349
0.00515085834176
0.00109446261036
0.00072050253965
0.000539256715461
0.0011435353093
0.00163106320494
0.000861981052659
0.00235524970698
0.00304067647864
0.00415228910422
0.00358851051415
0.00768801102022
0.00613627114225
0.0232880368111
0.00101165303944
0.00534932089621
0.00338304213754
0.00404600167277
0.00399392594289
0.0033685349043
0.0122255172783
0.00549077344246
0.00480457748047
0.00551010014051
0.00421545432732
0.00618717641349
0.00566272198945
0.0043281330649
0.00872529915345
0.00716383091732
0.00110976757949
0.00154833024621
0.00103999934522
0.000805376132376
0.000828645259631
0.0014780508812
0.0011548135442
0.00101955489861
0.00602841741465
0.000981493930217
0.00748493338207
0.00277650985406
