0.000149179512680259
0.000621581302834411
0.000248632521133764
0.000198906016907011
0.000745897563401293
0.000969666832421681
0.000323222277473894
0.000944803580308304
0.00106911984087519
0.00034808552958727
0.000422675285927399
0.000223769269020388
0.000447538538040776
0.000870213823968175
0.000149179512680259
0.000447538538040776
0.000994530084535057
0.00146693187468921
0.00124316260566882
0.000895077076081551
0.00101939333664843
0.00106911984087519
0.00069617105917454
0.000795624067628046
0.00114370959721532
0.00116857284932869
0.00159124813525609
0.00151665837891596
0.00124316260566882
0.00154152163102934
0.000571854798607658
0.000820487319741422
0.00111884634510194
0.00161611138736947
0.00134261561412233
0.00139234211834908
0.000248632521133764
0.00146693187468921
0.00131775236200895
0.00139234211834908
0.00104425658876181
0.000845350571854799
0.00114370959721532
0.00164097463948284
0.00101939333664843
0.00161611138736947
0.00101939333664843
0.000795624067628046
0.00121829935355545
0.00111884634510194
0.00104425658876181
0.000372948781700646
0.000447538538040776
0.00034808552958727
0.00124316260566882
0.000770760815514669
0.00104425658876181
0.000969666832421681
0.000820487319741422
0.00146693187468921
0.00104425658876181
0.000745897563401293
0.00149179512680259
0.000820487319741422
0.00111884634510194
0.00144206862257583
0.00181501740427648
0.000447538538040776
0.00119343610144207
0.00156638488314272
0.00106911984087519
0.00141720537046246
0.000870213823968175
0.00144206862257583
0.00156638488314272
0.000969666832421681
0.00129288910989557
0.0013674788662357
0.00101939333664843
0.000721034311287917
0.000447538538040776
0.000273495773247141
0.000372948781700646
0.000174042764793635
0.000994530084535057
0.000447538538040776
0.000323222277473894
0.000174042764793635
0.00119343610144207
0.00129288910989557
0.000994530084535057
0.00069617105917454
0.000845350571854799
0.00116857284932869
0.00104425658876181
0.00106911984087519
0.00111884634510194
0.00129288910989557
0.000770760815514669
0.00159124813525609
0.00131775236200895
0.000969666832421681
0.000770760815514669
0.00104425658876181
0.00119343610144207
0.00144206862257583
0.00111884634510194
0.00131775236200895
0.000522128294380905
0.00109398309298856
0.000944803580308304
0.00154152163102934
0.000820487319741422
0.00144206862257583
0.000820487319741422
0.000994530084535057
0.00131775236200895
0.000969666832421681
0.0013674788662357
0.00134261561412233
0.000870213823968175
0.00101939333664843
0.00111884634510194
0.00109398309298856
0.00121829935355545
0.00166583789159622
0.000969666832421681
0.00121829935355545
0.00154152163102934
0.000895077076081551
0.00121829935355545
0.00101939333664843
0.00119343610144207
0.00218796618597713
0.00131775236200895
0.000820487319741422
0.00119343610144207
0.000895077076081551
0.00186474390850323
0.00111884634510194
0.00216310293386375
0.00119343610144207
0.00114370959721532
0.000994530084535057
0.000770760815514669
0.00114370959721532
0.000745897563401293
0.00151665837891596
0.000944803580308304
0.000944803580308304
0.000795624067628046
0.00069617105917454
0.00104425658876181
0.000870213823968175
0.000944803580308304
0.000969666832421681
0.00121829935355545
0.000795624067628046
0.000994530084535057
0.00069617105917454
0.000895077076081551
0.000721034311287917
0.00149179512680259
0.00164097463948284
0.000845350571854799
0.00131775236200895
0.000770760815514669
0.00106911984087519
0.00191447041272999
0.0013674788662357
0.00106911984087519
0.000919940328194928
0.00106911984087519
0.000721034311287917
0.000895077076081551
0.000845350571854799
0.000944803580308304
0.000770760815514669
0.00104425658876181
0.000745897563401293
0.00144206862257583
0.00114370959721532
0.00109398309298856
0.000770760815514669
0.00124316260566882
0.000944803580308304
0.00116857284932869
0.00116857284932869
0.0013674788662357
0.000969666832421681
0.000795624067628046
0.00101939333664843
0.00104425658876181
0.000174042764793635
0.00141720537046246
0.00141720537046246
0.00139234211834908
0.00198906016907011
0.0013674788662357
0.00176529090004973
0.00164097463948284
0.00116857284932869
0.00121829935355545
0.00119343610144207
0.000994530084535057
0.00183988065638986
0.000919940328194928
0.000969666832421681
0.00069617105917454
0.00139234211834908
0.0013674788662357
0.00171556439582297
0.00183988065638986
0.00116857284932869
0.000944803580308304
0.000845350571854799
0.00164097463948284
0.00186474390850323
0.0017901541521631
0.00198906016907011
0.000770760815514669
0.00106911984087519
0.00141720537046246
0.00159124813525609
0.00141720537046246
0.00109398309298856
0.00166583789159622
0.00149179512680259
0.000895077076081551
0.00134261561412233
0.00106911984087519
0.00121829935355545
0.00174042764793635
0.00156638488314272
0.00114370959721532
0.0013674788662357
0.00159124813525609
0.00156638488314272
0.00174042764793635
0.00188960716061661
0.00161611138736947
0.00193933366484336
0.00141720537046246
0.00154152163102934
0.00161611138736947
0.00156638488314272
0.000919940328194928
0.0017901541521631
0.00164097463948284
0.0013674788662357
0.00131775236200895
0.00129288910989557
0.000770760815514669
0.000919940328194928
0.00141720537046246
0.00156638488314272
0.00156638488314272
0.0017901541521631
0.00129288910989557
0.00106911984087519
0.000895077076081551
0.00109398309298856
0.00111884634510194
0.000870213823968175
0.00106911984087519
0.000895077076081551
0.00124316260566882
0.000994530084535057
0.000919940328194928
0.00156638488314272
0.00106911984087519
0.00161611138736947
0.00144206862257583
0.00121829935355545
0.00146693187468921
0.00166583789159622
0.00111884634510194
0.000845350571854799
0.0012680258577822
0.00154152163102934
0.00159124813525609
0.00114370959721532
0.00166583789159622
0.000895077076081551
0.00144206862257583
0.00146693187468921
0.00121829935355545
0.00101939333664843
0.00131775236200895
0.00181501740427648
0.00159124813525609
0.00121829935355545
0.00104425658876181
0.00116857284932869
0.00156638488314272
0.0012680258577822
0.00141720537046246
0.00116857284932869
0.000994530084535057
0.00191447041272999
0.00109398309298856
0.000795624067628046
0.000895077076081551
0.000745897563401293
0.00164097463948284
0.000969666832421681
0.00124316260566882
0.0013674788662357
0.0012680258577822
0.00176529090004973
0.00131775236200895
0.00156638488314272
0.0012680258577822
0.00111884634510194
0.00146693187468921
0.0012680258577822
0.00131775236200895
0.0012680258577822
0.000497265042267529
0.000671307807061164
0.00121829935355545
0.00114370959721532
0.00144206862257583
0.00139234211834908
0.00146693187468921
0.00164097463948284
0.000919940328194928
0.00106911984087519
0.000994530084535057
0.00144206862257583
0.00124316260566882
0.00176529090004973
0.00231228244654401
0.00144206862257583
0.0016907011437096
0.00218796618597713
0.00161611138736947
0.00149179512680259
0.00176529090004973
0.00231228244654401
0.0013674788662357
0.00144206862257583
0.0016907011437096
0.0012680258577822
0.00121829935355545
0.00129288910989557
0.00129288910989557
0.00124316260566882
0.00106911984087519
0.00144206862257583
0.00149179512680259
0.00233714569865738
0.0013674788662357
0.00166583789159622
0.00171556439582297
0.00156638488314272
0.00201392342118349
0.00216310293386375
0.000845350571854799
0.00124316260566882
0.000969666832421681
0.000770760815514669
0.00109398309298856
0.00144206862257583
0.00129288910989557
0.0013674788662357
0.000870213823968175
0.00106911984087519
0.00183988065638986
0.00121829935355545
0.00134261561412233
0.000919940328194928
0.00236200895077076
0.002113376429637
0.0013674788662357
0.00174042764793635
0.00203878667329687
0.00114370959721532
0.000845350571854799
0.00119343610144207
0.00106911984087519
0.00159124813525609
0.00104425658876181
0.000795624067628046
0.000745897563401293
0.00134261561412233
0.00106911984087519
0.00131775236200895
0.00101939333664843
0.00101939333664843
0.00129288910989557
0.00144206862257583
0.00114370959721532
0.00134261561412233
0.00119343610144207
0.00139234211834908
0.000994530084535057
0.0013674788662357
0.0013674788662357
0.00149179512680259
0.00156638488314272
0.00141720537046246
0.00198906016907011
0.00228741919443063
0.00121829935355545
0.00188960716061661
0.0012680258577822
0.000721034311287917
0.000845350571854799
0.00181501740427648
0.000621581302834411
0.00146693187468921
0.000969666832421681
0.00134261561412233
0.00104425658876181
0.00111884634510194
0.00111884634510194
0.00104425658876181
0.002113376429637
0.00188960716061661
0.00203878667329687
0.00106911984087519
0.00171556439582297
0.00124316260566882
0.00154152163102934
0.000944803580308304
0.00106911984087519
0.00144206862257583
0.00154152163102934
0.00144206862257583
0.00164097463948284
0.00206364992541024
0.00156638488314272
0.00134261561412233
0.00151665837891596
0.00144206862257583
0.00139234211834908
0.00141720537046246
0.00183988065638986
0.0013674788662357
0.00119343610144207
0.000944803580308304
0.00151665837891596
0.00151665837891596
0.00206364992541024
0.00196419691695674
0.00213823968175037
0.00106911984087519
0.0012680258577822
0.00119343610144207
0.00183988065638986
0.00159124813525609
0.00154152163102934
0.000969666832421681
0.00146693187468921
0.0012680258577822
0.00159124813525609
0.00154152163102934
0.00114370959721532
0.00144206862257583
0.000870213823968175
0.00151665837891596
0.000895077076081551
0.00149179512680259
0.00106911984087519
0.00134261561412233
0.00111884634510194
0.00101939333664843
0.00131775236200895
0.00144206862257583
0.00121829935355545
0.00116857284932869
0.00119343610144207
0.0017901541521631
0.00129288910989557
0.00159124813525609
0.00121829935355545
0.000944803580308304
0.00131775236200895
0.00181501740427648
0.00149179512680259
0.00139234211834908
0.00139234211834908
0.00154152163102934
0.00183988065638986
0.00129288910989557
0.00124316260566882
0.00129288910989557
0.00134261561412233
0.00121829935355545
0.000944803580308304
0.00193933366484336
0.00144206862257583
0.00141720537046246
0.0013674788662357
0.00114370959721532
0.000944803580308304
0.000994530084535057
0.00109398309298856
0.0012680258577822
0.00116857284932869
0.00134261561412233
0.002113376429637
0.00174042764793635
0.000820487319741422
0.00201392342118349
0.00161611138736947
0.000994530084535057
0.00134261561412233
0.00149179512680259
0.00116857284932869
0.00134261561412233
0.00144206862257583
0.0012680258577822
0.000895077076081551
0.00139234211834908
0.00104425658876181
0.00124316260566882
0.00121829935355545
0.00144206862257583
0.00116857284932869
0.00164097463948284
0.00141720537046246
0.00146693187468921
0.00134261561412233
0.00104425658876181
0.00134261561412233
0.00146693187468921
0.00181501740427648
0.00181501740427648
0.00171556439582297
0.00186474390850323
0.00166583789159622
0.00186474390850323
0.00181501740427648
0.0013674788662357
0.000895077076081551
0.000969666832421681
0.00159124813525609
0.00139234211834908
0.00131775236200895
0.00124316260566882
0.00161611138736947
0.00111884634510194
0.0013674788662357
0.000571854798607658
0.000944803580308304
0.00149179512680259
0.000994530084535057
0.00116857284932869
0.0012680258577822
0.00139234211834908
0.00139234211834908
0.00166583789159622
0.00124316260566882
0.00129288910989557
0.00116857284932869
0.00141720537046246
0.00161611138736947
0.00176529090004973
0.00134261561412233
0.00116857284932869
0.00174042764793635
0.0013674788662357
0.00114370959721532
0.00146693187468921
0.00188960716061661
0.00149179512680259
0.00171556439582297
0.0016907011437096
0.00149179512680259
0.00166583789159622
0.0016907011437096
0.00144206862257583
0.00171556439582297
0.00156638488314272
0.00149179512680259
0.00146693187468921
0.0017901541521631
0.00124316260566882
0.00139234211834908
0.00171556439582297
0.000944803580308304
0.000820487319741422
0.000820487319741422
0.00119343610144207
0.000770760815514669
0.000770760815514669
0.000895077076081551
0.00174042764793635
0.00181501740427648
0.000895077076081551
0.00144206862257583
0.00164097463948284
0.00116857284932869
0.00174042764793635
0.00141720537046246
0.000845350571854799
0.00164097463948284
0.00141720537046246
0.00166583789159622
0.0012680258577822
0.00164097463948284
0.00114370959721532
0.0013674788662357
0.00131775236200895
0.00174042764793635
0.00119343610144207
0.0012680258577822
0.00111884634510194
0.000745897563401293
0.00106911984087519
0.000994530084535057
0.000919940328194928
0.000895077076081551
0.00111884634510194
0.000969666832421681
0.00121829935355545
0.000870213823968175
0.00109398309298856
0.000919940328194928
0.0012680258577822
0.00186474390850323
0.00146693187468921
0.00161611138736947
0.00164097463948284
0.000969666832421681
0.0016907011437096
0.00156638488314272
0.00131775236200895
0.0012680258577822
0.00146693187468921
0.0016907011437096
0.0017901541521631
0.00131775236200895
0.00159124813525609
0.00146693187468921
0.00156638488314272
0.00213823968175037
0.0016907011437096
0.00293386374937842
0.00228741919443063
0.00144206862257583
0.00241173545499751
0.00303331675783192
0.0026355047240179
0.00129288910989557
0.00156638488314272
0.000845350571854799
0.000895077076081551
0.00116857284932869
0.00131775236200895
0.00119343610144207
0.000919940328194928
0.00144206862257583
0.00119343610144207
0.00246146195922427
0.00238687220288414
0.0017901541521631
0.00146693187468921
0.00236200895077076
0.00208851317752362
0.00231228244654401
0.00243659870711089
0.00246146195922427
0.00231228244654401
0.00266036797613128
0.000944803580308304
0.00106911984087519
0.000944803580308304
0.0016907011437096
0.000919940328194928
0.000795624067628046
0.0012680258577822
0.000795624067628046
0.000919940328194928
0.00109398309298856
0.00193933366484336
0.0025360517155644
0.0016907011437096
0.00183988065638986
0.00206364992541024
0.00109398309298856
0.00156638488314272
0.00119343610144207
0.00233714569865738
0.00119343610144207
0.00134261561412233
0.00111884634510194
0.00109398309298856
0.000795624067628046
0.00124316260566882
0.000870213823968175
0.000969666832421681
0.00106911984087519
0.000944803580308304
0.00261064147190452
0.0017901541521631
0.0022128294380905
0.000870213823968175
0.00104425658876181
0.000795624067628046
0.00111884634510194
0.00114370959721532
0.000994530084535057
0.00119343610144207
0.0012680258577822
0.0013674788662357
0.000895077076081551
0.000994530084535057
0.00151665837891596
0.000646444554947787
0.00144206862257583
0.00251118846345102
0.00141720537046246
0.00285927399303829
0.000795624067628046
0.00231228244654401
0.00251118846345102
0.00256091496767777
0.00139234211834908
0.00231228244654401
0.00131775236200895
0.00248632521133764
0.00154152163102934
0.00109398309298856
0.00114370959721532
0.00119343610144207
0.00121829935355545
0.00139234211834908
0.000820487319741422
0.000919940328194928
0.00109398309298856
0.00104425658876181
0.000770760815514669
0.00104425658876181
0.00131775236200895
0.00119343610144207
0.000820487319741422
0.00186474390850323
0.0022128294380905
0.00193933366484336
0.00218796618597713
0.00154152163102934
0.00226255594231725
0.00226255594231725
0.00166583789159622
0.00243659870711089
0.00151665837891596
0.00233714569865738
0.00139234211834908
0.00134261561412233
0.00256091496767777
0.00171556439582297
0.00228741919443063
0.00121829935355545
0.00154152163102934
0.00248632521133764
0.00246146195922427
0.000944803580308304
0.00116857284932869
0.000944803580308304
0.00156638488314272
0.000795624067628046
0.00101939333664843
0.00161611138736947
0.00116857284932869
0.00201392342118349
0.00121829935355545
0.00101939333664843
0.00154152163102934
0.00144206862257583
0.00146693187468921
0.0013674788662357
0.00231228244654401
0.002113376429637
0.00129288910989557
0.00124316260566882
0.00149179512680259
0.00183988065638986
0.0013674788662357
0.00121829935355545
0.00141720537046246
0.000944803580308304
0.00146693187468921
0.00119343610144207
0.0017901541521631
0.0013674788662357
0.00119343610144207
0.00144206862257583
0.00149179512680259
0.00174042764793635
0.00156638488314272
0.00149179512680259
0.00124316260566882
0.00201392342118349
0.00134261561412233
0.00206364992541024
0.00216310293386375
0.00191447041272999
0.00228741919443063
0.00226255594231725
0.00144206862257583
0.0017901541521631
0.000845350571854799
0.00159124813525609
0.00164097463948284
0.00151665837891596
0.00129288910989557
0.00106911984087519
0.00149179512680259
0.00208851317752362
0.00151665837891596
0.00149179512680259
0.00119343610144207
0.00101939333664843
0.00154152163102934
0.00139234211834908
0.00208851317752362
0.00124316260566882
0.00124316260566882
0.00124316260566882
0.00124316260566882
0.00119343610144207
0.00144206862257583
0.00121829935355545
0.000795624067628046
0.00171556439582297
0.00131775236200895
0.00149179512680259
0.0013674788662357
0.0012680258577822
0.00121829935355545
0.000919940328194928
0.00134261561412233
0.00119343610144207
0.00141720537046246
0.00166583789159622
0.00186474390850323
0.0016907011437096
0.00156638488314272
0.000969666832421681
0.00149179512680259
0.00166583789159622
0.00131775236200895
0.00101939333664843
0.00146693187468921
0.00154152163102934
0.00191447041272999
0.00183988065638986
0.00154152163102934
0.00149179512680259
0.00164097463948284
0.00156638488314272
0.00131775236200895
0.0017901541521631
0.00144206862257583
0.00121829935355545
0.00193933366484336
0.00121829935355545
0.00223769269020388
0.00121829935355545
0.00131775236200895
0.0013674788662357
0.00141720537046246
0.00121829935355545
0.000944803580308304
0.00139234211834908
0.00191447041272999
0.00111884634510194
0.00166583789159622
0.00151665837891596
0.00161611138736947
0.00146693187468921
0.00141720537046246
0.00144206862257583
0.00188960716061661
0.00141720537046246
0.00154152163102934
0.00146693187468921
0.00216310293386375
0.00141720537046246
0.00231228244654401
0.002113376429637
0.00104425658876181
0.000820487319741422
0.00119343610144207
0.00139234211834908
0.00134261561412233
0.00114370959721532
0.00171556439582297
0.00129288910989557
0.0013674788662357
0.00139234211834908
0.00156638488314272
0.00139234211834908
0.00188960716061661
0.00131775236200895
0.00119343610144207
0.0012680258577822
0.0012680258577822
0.00176529090004973
0.00139234211834908
0.00114370959721532
0.000969666832421681
0.00196419691695674
0.00186474390850323
0.00174042764793635
0.0016907011437096
0.00149179512680259
0.002113376429637
0.00156638488314272
0.0013674788662357
0.00119343610144207
0.00119343610144207
0.00161611138736947
0.00119343610144207
0.00151665837891596
0.00156638488314272
0.0013674788662357
0.0013674788662357
0.00119343610144207
0.00154152163102934
0.00101939333664843
0.0012680258577822
0.0012680258577822
0.00109398309298856
0.00104425658876181
0.0013674788662357
0.00124316260566882
0.00131775236200895
0.00106911984087519
0.00121829935355545
0.0016907011437096
0.00159124813525609
0.0016907011437096
0.00176529090004973
0.000969666832421681
0.00218796618597713
0.00164097463948284
0.00146693187468921
0.00171556439582297
0.00131775236200895
0.00149179512680259
0.00141720537046246
0.00154152163102934
0.00149179512680259
0.0017901541521631
0.00141720537046246
0.00193933366484336
0.00149179512680259
0.002113376429637
0.0013674788662357
0.00146693187468921
0.00183988065638986
0.0016907011437096
0.00206364992541024
0.00149179512680259
0.00114370959721532
0.00101939333664843
0.00129288910989557
0.00134261561412233
0.00141720537046246
0.00101939333664843
0.00106911984087519
0.00129288910989557
0.00144206862257583
0.00124316260566882
0.00106911984087519
0.00121829935355545
0.0017901541521631
0.00151665837891596
0.0013674788662357
0.00109398309298856
0.00104425658876181
0.00151665837891596
0.000969666832421681
0.00139234211834908
0.00154152163102934
0.000870213823968175
0.000969666832421681
0.00114370959721532
0.00139234211834908
0.00116857284932869
0.000994530084535057
0.00104425658876181
0.000969666832421681
0.00144206862257583
0.00106911984087519
0.000919940328194928
0.000969666832421681
0.000994530084535057
0.00109398309298856
0.00114370959721532
0.00201392342118349
0.00111884634510194
0.000770760815514669
0.000994530084535057
0.000895077076081551
0.00104425658876181
0.000944803580308304
0.000770760815514669
0.000895077076081551
0.00116857284932869
0.00129288910989557
0.00111884634510194
0.00119343610144207
0.00121829935355545
0.000745897563401293
0.000845350571854799
0.000820487319741422
0.00119343610144207
0.00109398309298856
0.00121829935355545
0.000845350571854799
0.00109398309298856
0.000994530084535057
0.00104425658876181
0.00183988065638986
0.00101939333664843
0.00101939333664843
0.00104425658876181
0.00109398309298856
0.000895077076081551
0.00101939333664843
0.00124316260566882
0.000870213823968175
0.00114370959721532
0.000870213823968175
0.000944803580308304
0.00174042764793635
0.00114370959721532
0.000994530084535057
0.000919940328194928
0.00101939333664843
0.00101939333664843
0.00109398309298856
0.00109398309298856
0.00116857284932869
0.00131775236200895
0.0013674788662357
0.00116857284932869
0.00109398309298856
0.00111884634510194
0.00106911984087519
0.00106911984087519
0.00174042764793635
0.00146693187468921
0.0016907011437096
0.00159124813525609
0.00129288910989557
0.00116857284932869
0.00181501740427648
0.00114370959721532
0.000895077076081551
0.00129288910989557
0.000895077076081551
0.00116857284932869
0.00124316260566882
0.00106911984087519
0.00121829935355545
0.00106911984087519
0.000895077076081551
0.00131775236200895
0.000969666832421681
0.000621581302834411
0.00101939333664843
0.00121829935355545
0.00141720537046246
0.00119343610144207
0.00111884634510194
0.00114370959721532
0.0013674788662357
0.00114370959721532
0.00121829935355545
0.00121829935355545
0.00101939333664843
0.00119343610144207
0.00124316260566882
0.00161611138736947
0.00139234211834908
0.00114370959721532
0.00164097463948284
0.00104425658876181
0.00149179512680259
0.00171556439582297
0.0013674788662357
0.00129288910989557
0.00193933366484336
0.000870213823968175
0.00161611138736947
0.000969666832421681
0.000770760815514669
0.00131775236200895
0.000820487319741422
0.00104425658876181
0.00121829935355545
0.00146693187468921
0.00154152163102934
0.000944803580308304
0.00146693187468921
0.0013674788662357
0.0017901541521631
0.000919940328194928
0.00119343610144207
0.00114370959721532
0.000721034311287917
0.00124316260566882
0.000770760815514669
0.000895077076081551
0.0013674788662357
0.00114370959721532
0.00139234211834908
0.000845350571854799
0.000895077076081551
0.00176529090004973
0.00139234211834908
0.00161611138736947
0.00109398309298856
0.000969666832421681
0.00129288910989557
0.000944803580308304
0.000770760815514669
0.00124316260566882
0.00106911984087519
0.00116857284932869
0.00149179512680259
0.000845350571854799
0.00111884634510194
0.000895077076081551
0.00131775236200895
0.00106911984087519
0.00201392342118349
0.0022128294380905
0.00111884634510194
0.00111884634510194
0.00164097463948284
0.000895077076081551
0.00151665837891596
0.00176529090004973
0.00141720537046246
0.00161611138736947
0.00161611138736947
0.000795624067628046
0.00144206862257583
0.00171556439582297
0.000919940328194928
0.000745897563401293
0.00186474390850323
0.000919940328194928
0.00151665837891596
0.00171556439582297
0.000745897563401293
0.00174042764793635
0.00146693187468921
0.00116857284932869
0.00109398309298856
0.00101939333664843
0.00124316260566882
0.00121829935355545
0.00156638488314272
0.00109398309298856
0.00134261561412233
0.00129288910989557
0.000969666832421681
0.0016907011437096
0.000671307807061164
0.00166583789159622
0.00139234211834908
0.00116857284932869
0.00176529090004973
0.00106911984087519
0.000919940328194928
0.00121829935355545
0.00129288910989557
0.00176529090004973
0.00119343610144207
0.00109398309298856
0.00144206862257583
0.000969666832421681
0.00156638488314272
0.000969666832421681
0.000994530084535057
0.00129288910989557
0.00121829935355545
0.00149179512680259
0.00111884634510194
0.00161611138736947
0.00149179512680259
0.000919940328194928
0.00106911984087519
0.000944803580308304
0.00166583789159622
0.00146693187468921
0.000795624067628046
0.00109398309298856
0.00069617105917454
0.00104425658876181
0.00101939333664843
0.00111884634510194
0.000671307807061164
0.00161611138736947
0.00151665837891596
0.00106911984087519
0.000745897563401293
0.000969666832421681
0.000944803580308304
0.00106911984087519
0.0013674788662357
0.00121829935355545
0.00121829935355545
0.00109398309298856
0.00129288910989557
0.00106911984087519
0.00116857284932869
0.00111884634510194
0.00106911984087519
0.00154152163102934
0.000969666832421681
0.00114370959721532
0.00174042764793635
0.00156638488314272
0.00104425658876181
0.00119343610144207
0.00134261561412233
0.00111884634510194
0.00116857284932869
0.00106911984087519
0.00151665837891596
0.000795624067628046
0.00119343610144207
0.00116857284932869
0.00101939333664843
0.00141720537046246
0.000919940328194928
0.000646444554947787
0.000994530084535057
0.00111884634510194
0.000646444554947787
0.00114370959721532
0.00109398309298856
0.000621581302834411
0.000895077076081551
0.00101939333664843
0.00146693187468921
0.000944803580308304
0.00121829935355545
0.00171556439582297
0.00111884634510194
0.00114370959721532
0.00116857284932869
0.00131775236200895
0.000895077076081551
0.00109398309298856
0.00101939333664843
0.0013674788662357
0.00146693187468921
0.00121829935355545
0.00164097463948284
0.000969666832421681
0.000745897563401293
0.00151665837891596
0.00119343610144207
0.00121829935355545
0.000795624067628046
0.00101939333664843
0.00106911984087519
0.00069617105917454
0.000646444554947787
0.000745897563401293
0.00124316260566882
0.00119343610144207
0.000621581302834411
0.00146693187468921
0.00188960716061661
0.00186474390850323
0.00201392342118349
0.00186474390850323
0.00149179512680259
0.00183988065638986
0.00146693187468921
0.0017901541521631
0.00141720537046246
0.00198906016907011
0.00139234211834908
0.0016907011437096
0.00188960716061661
0.000969666832421681
0.000795624067628046
0.00111884634510194
0.00124316260566882
0.000994530084535057
0.000721034311287917
0.000546991546494282
0.000522128294380905
0.000870213823968175
0.000845350571854799
0.000745897563401293
0.00134261561412233
0.0016907011437096
0.00151665837891596
0.0016907011437096
0.00114370959721532
0.000820487319741422
0.00106911984087519
0.00106911984087519
0.00154152163102934
0.000944803580308304
0.00166583789159622
0.00144206862257583
0.00171556439582297
0.00139234211834908
0.00129288910989557
0.00139234211834908
0.00156638488314272
0.00183988065638986
0.00154152163102934
0.000895077076081551
0.00193933366484336
0.00111884634510194
0.00101939333664843
0.00161611138736947
0.00161611138736947
0.00171556439582297
0.00176529090004973
0.00149179512680259
0.00196419691695674
0.00174042764793635
0.00256091496767777
0.00196419691695674
0.0016907011437096
0.00183988065638986
0.000721034311287917
0.000919940328194928
0.000472401790154152
0.00106911984087519
0.0017901541521631
0.0025360517155644
0.00106911984087519
0.00261064147190452
0.00176529090004973
0.00166583789159622
0.0013674788662357
0.00146693187468921
0.00149179512680259
0.00159124813525609
0.00171556439582297
0.0013674788662357
0.00193933366484336
0.00139234211834908
0.00111884634510194
0.00119343610144207
0.00156638488314272
0.00131775236200895
0.00124316260566882
0.00156638488314272
0.00149179512680259
0.00154152163102934
0.00208851317752362
0.000745897563401293
0.00119343610144207
0.00275982098458478
0.00144206862257583
0.00121829935355545
0.00275982098458478
0.00164097463948284
0.00129288910989557
0.00166583789159622
0.00129288910989557
0.00156638488314272
0.00203878667329687
0.000770760815514669
0.0016907011437096
0.0013674788662357
0.00134261561412233
0.00166583789159622
0.000919940328194928
0.000745897563401293
0.000820487319741422
0.000770760815514669
0.00114370959721532
0.00106911984087519
0.000870213823968175
0.000919940328194928
0.00174042764793635
0.00176529090004973
0.0013674788662357
0.0016907011437096
0.00181501740427648
0.00164097463948284
0.0017901541521631
0.00159124813525609
0.0022128294380905
0.00183988065638986
0.00174042764793635
0.00154152163102934
0.00141720537046246
0.0012680258577822
0.000895077076081551
0.00104425658876181
0.0012680258577822
0.000646444554947787
0.00111884634510194
0.0013674788662357
0.00134261561412233
0.000969666832421681
0.00119343610144207
0.00134261561412233
0.00141720537046246
0.00134261561412233
0.00151665837891596
0.000820487319741422
0.000944803580308304
0.000721034311287917
0.000969666832421681
0.00146693187468921
0.00114370959721532
0.000919940328194928
0.000870213823968175
0.000969666832421681
0.00139234211834908
0.00121829935355545
0.00139234211834908
0.00104425658876181
0.00131775236200895
0.00134261561412233
0.00129288910989557
0.00141720537046246
0.0013674788662357
0.00119343610144207
0.00114370959721532
0.00131775236200895
0.00104425658876181
0.000969666832421681
0.00134261561412233
0.0012680258577822
0.00101939333664843
0.000895077076081551
0.00114370959721532
0.00139234211834908
0.000969666832421681
0.000969666832421681
0.00146693187468921
0.000944803580308304
0.000671307807061164
0.00106911984087519
0.000919940328194928
0.00069617105917454
0.00109398309298856
0.000621581302834411
0.00124316260566882
0.00129288910989557
0.00114370959721532
0.00116857284932869
0.00141720537046246
0.00159124813525609
0.00141720537046246
0.00154152163102934
0.00121829935355545
0.00151665837891596
0.00106911984087519
0.00106911984087519
0.00129288910989557
0.000770760815514669
0.000895077076081551
0.000994530084535057
0.00121829935355545
0.000845350571854799
0.00154152163102934
0.000845350571854799
0.00106911984087519
0.00116857284932869
0.00104425658876181
0.00109398309298856
0.00109398309298856
0.00141720537046246
0.0012680258577822
0.00106911984087519
0.00131775236200895
0.00159124813525609
0.00129288910989557
0.00111884634510194
0.000770760815514669
0.00121829935355545
0.000795624067628046
0.000969666832421681
0.000944803580308304
0.0013674788662357
0.000870213823968175
0.00146693187468921
0.00069617105917454
0.000795624067628046
0.00141720537046246
0.00159124813525609
0.000969666832421681
0.00109398309298856
0.00104425658876181
0.00111884634510194
0.000770760815514669
0.00119343610144207
0.00134261561412233
0.00069617105917454
0.00119343610144207
0.00111884634510194
0.000870213823968175
0.000497265042267529
0.00114370959721532
0.00149179512680259
0.00109398309298856
0.000795624067628046
0.00131775236200895
0.00069617105917454
0.000745897563401293
0.00109398309298856
0.000745897563401293
0.00124316260566882
0.00114370959721532
0.00121829935355545
0.00111884634510194
0.00116857284932869
0.000497265042267529
0.000745897563401293
0.00111884634510194
0.000845350571854799
0.000621581302834411
0.000745897563401293
0.000795624067628046
0.000870213823968175
0.00121829935355545
0.000671307807061164
0.000721034311287917
0.000944803580308304
0.000994530084535057
0.00139234211834908
0.00106911984087519
0.000745897563401293
0.00166583789159622
0.00121829935355545
0.00144206862257583
0.00106911984087519
0.00069617105917454
0.00116857284932869
0.00124316260566882
0.00109398309298856
0.000795624067628046
0.000845350571854799
0.000770760815514669
0.00119343610144207
0.00121829935355545
0.00144206862257583
0.00121829935355545
0.000870213823968175
0.000845350571854799
0.000745897563401293
0.00134261561412233
0.00144206862257583
0.00146693187468921
0.00124316260566882
0.00114370959721532
0.00141720537046246
0.00121829935355545
0.00154152163102934
0.000820487319741422
0.00154152163102934
0.00151665837891596
0.00146693187468921
0.00111884634510194
0.00111884634510194
0.00109398309298856
0.000870213823968175
0.00134261561412233
0.000969666832421681
0.000969666832421681
0.000969666832421681
0.00104425658876181
0.00139234211834908
0.00154152163102934
0.000845350571854799
0.00129288910989557
0.000795624067628046
0.0012680258577822
0.00154152163102934
0.000745897563401293
0.0013674788662357
0.00129288910989557
0.00111884634510194
0.000770760815514669
0.00109398309298856
0.000870213823968175
0.00101939333664843
0.000646444554947787
0.00111884634510194
0.00131775236200895
0.000994530084535057
0.00119343610144207
0.00121829935355545
0.000944803580308304
0.00109398309298856
0.000919940328194928
0.000770760815514669
0.000895077076081551
0.000596718050721034
0.00139234211834908
0.00069617105917454
0.000944803580308304
0.000447538538040776
0.00111884634510194
0.000596718050721034
0.000621581302834411
0.000671307807061164
0.000745897563401293
0.000745897563401293
0.000745897563401293
0.00129288910989557
0.00069617105917454
0.00146693187468921
0.000646444554947787
0.000820487319741422
0.000671307807061164
0.000919940328194928
0.000546991546494282
0.000944803580308304
0.00114370959721532
0.00141720537046246
0.000671307807061164
0.0013674788662357
0.00106911984087519
0.000447538538040776
0.00149179512680259
0.000745897563401293
0.000820487319741422
0.000721034311287917
0.000994530084535057
0.00106911984087519
0.000795624067628046
0.000944803580308304
0.000969666832421681
0.000721034311287917
0.000721034311287917
0.000870213823968175
0.000944803580308304
0.00109398309298856
0.00104425658876181
0.00104425658876181
0.00101939333664843
0.00109398309298856
0.000646444554947787
0.000845350571854799
0.00069617105917454
0.00119343610144207
0.00139234211834908
0.00141720537046246
0.000745897563401293
0.00141720537046246
0.000795624067628046
0.0013674788662357
0.000721034311287917
0.00154152163102934
0.00101939333664843
0.00109398309298856
0.00131775236200895
0.000919940328194928
0.000596718050721034
0.000646444554947787
0.000596718050721034
0.00114370959721532
0.000870213823968175
0.000621581302834411
0.00109398309298856
0.000969666832421681
0.000671307807061164
0.000870213823968175
0.000994530084535057
0.00111884634510194
0.000944803580308304
0.000994530084535057
0.00104425658876181
0.000870213823968175
0.000944803580308304
0.00141720537046246
0.000845350571854799
0.00069617105917454
0.000919940328194928
0.00121829935355545
0.00111884634510194
0.000646444554947787
0.000721034311287917
0.00104425658876181
0.000944803580308304
0.00129288910989557
0.000944803580308304
0.000969666832421681
0.0012680258577822
0.00119343610144207
0.00116857284932869
0.000969666832421681
0.000845350571854799
0.000497265042267529
0.000745897563401293
0.000646444554947787
0.000671307807061164
0.000546991546494282
0.000646444554947787
0.000721034311287917
0.00114370959721532
0.000745897563401293
0.000621581302834411
0.00114370959721532
0.000646444554947787
0.000969666832421681
0.000944803580308304
0.000895077076081551
0.000870213823968175
0.000745897563401293
0.000870213823968175
0.00104425658876181
0.000994530084535057
0.00104425658876181
0.000795624067628046
0.000870213823968175
0.00101939333664843
0.00109398309298856
0.00134261561412233
0.000671307807061164
0.000671307807061164
0.00124316260566882
0.000770760815514669
0.00109398309298856
0.00069617105917454
0.00131775236200895
0.00124316260566882
0.000646444554947787
0.000671307807061164
0.000795624067628046
0.000497265042267529
0.000546991546494282
0.000447538538040776
0.000447538538040776
0.000646444554947787
0.000721034311287917
0.000969666832421681
0.000596718050721034
0.00069617105917454
0.00114370959721532
0.000795624067628046
0.000795624067628046
0.000671307807061164
0.00114370959721532
0.00111884634510194
0.000770760815514669
0.000745897563401293
0.000596718050721034
0.000795624067628046
0.00069617105917454
0.000820487319741422
0.000671307807061164
0.000447538538040776
0.000621581302834411
0.000671307807061164
0.000522128294380905
0.000497265042267529
0.00111884634510194
0.000870213823968175
0.000745897563401293
0.000721034311287917
0.000596718050721034
0.000745897563401293
0.000646444554947787
0.000895077076081551
0.00069617105917454
0.000745897563401293
0.000994530084535057
0.000621581302834411
0.00069617105917454
0.000621581302834411
0.000969666832421681
0.00104425658876181
0.00121829935355545
0.00069617105917454
0.00129288910989557
0.000198906016907011
0.000447538538040776
0.000522128294380905
0.000372948781700646
0.000472401790154152
0.000546991546494282
0.000323222277473894
0.000546991546494282
0.000621581302834411
0.000298359025360517
0.000497265042267529
0.000621581302834411
0.000546991546494282
0.000646444554947787
0.000546991546494282
0.000745897563401293
0.000671307807061164
0.00069617105917454
0.000372948781700646
0.000497265042267529
0.000621581302834411
0.00069617105917454
0.000472401790154152
0.000621581302834411
0.000522128294380905
0.000770760815514669
0.000621581302834411
0.000472401790154152
0.000646444554947787
0.000596718050721034
0.000497265042267529
0.000497265042267529
0.000646444554947787
0.000646444554947787
0.000472401790154152
0.000721034311287917
0.000447538538040776
0.000422675285927399
0.000721034311287917
0.000546991546494282
0.000671307807061164
0.000422675285927399
0.000596718050721034
0.000522128294380905
0.000596718050721034
0.000546991546494282
0.00069617105917454
0.000596718050721034
0.000497265042267529
0.000571854798607658
0.000522128294380905
0.000596718050721034
0.000646444554947787
0.000646444554947787
0.000372948781700646
0.000497265042267529
0.000646444554947787
0.000571854798607658
0.000323222277473894
0.000546991546494282
0.000621581302834411
0.000323222277473894
0.000472401790154152
0.000472401790154152
0.000522128294380905
0.000546991546494282
0.000522128294380905
0.000497265042267529
0.000596718050721034
0.000571854798607658
0.000671307807061164
0.000571854798607658
0.000546991546494282
0.000546991546494282
0.000546991546494282
0.000298359025360517
0.000596718050721034
0.000397812033814023
0.000248632521133764
0.000372948781700646
0.000298359025360517
0.000522128294380905
0.000646444554947787
0.000273495773247141
0.000596718050721034
0.000273495773247141
0.000621581302834411
0.000323222277473894
0.000596718050721034
0.000497265042267529
0.000546991546494282
0.000522128294380905
0.000472401790154152
0.000497265042267529
0.000621581302834411
0.000646444554947787
0.000422675285927399
0.000596718050721034
0.000596718050721034
0.000671307807061164
0.000596718050721034
0.000671307807061164
0.000571854798607658
0.000571854798607658
0.000472401790154152
0.000646444554947787
0.000671307807061164
0.000646444554947787
0.000671307807061164
0.000770760815514669
0.000571854798607658
0.000596718050721034
0.000721034311287917
0.000596718050721034
0.000795624067628046
0.000323222277473894
0.000522128294380905
0.000248632521133764
0.000323222277473894
0.000372948781700646
0.000298359025360517
0.000273495773247141
0.000223769269020388
0.000571854798607658
0.000273495773247141
0.000273495773247141
0.000273495773247141
0.000223769269020388
0.000149179512680259
0.000198906016907011
0.000223769269020388
0.000223769269020388
0.000198906016907011
0.000198906016907011
0.000223769269020388
0.000298359025360517
0.000273495773247141
0.000323222277473894
0.000223769269020388
0.000174042764793635
0.000149179512680259
0.000223769269020388
0.000223769269020388
0.000248632521133764
0.000298359025360517
0.000273495773247141
0.000174042764793635
0.000273495773247141
0.000149179512680259
0.000149179512680259
0.000174042764793635
0.000198906016907011
0.000223769269020388
0.000273495773247141
0.000223769269020388
0.000198906016907011
0.000198906016907011
0.000223769269020388
0.000198906016907011
0.000149179512680259
0.000323222277473894
0.000323222277473894
0.000372948781700646
0.000422675285927399
0.000372948781700646
0.000223769269020388
0.000223769269020388
0.000223769269020388
0.000248632521133764
0.000174042764793635
0.000298359025360517
0.000273495773247141
0.000174042764793635
0.000198906016907011
0.000198906016907011
0.000273495773247141
0.000298359025360517
0.00034808552958727
0.000323222277473894
0.000372948781700646
0.000273495773247141
0.000422675285927399
0.000223769269020388
0.000447538538040776
0.000422675285927399
0.000149179512680259
0.000372948781700646
0.000397812033814023
0.000323222277473894
0.00034808552958727
0.00034808552958727
0.000298359025360517
0.000248632521133764
0.000248632521133764
0.000273495773247141
0.000223769269020388
0.000248632521133764
0.000198906016907011
0.000149179512680259
0.000273495773247141
0.000149179512680259
0.000323222277473894
0.000422675285927399
0.00034808552958727
0.000372948781700646
0.000149179512680259
0.000447538538040776
0.000198906016907011
0.000298359025360517
0.000223769269020388
0.000223769269020388
0.000198906016907011
0.000198906016907011
0.000223769269020388
0.000223769269020388
0.000198906016907011
0.000223769269020388
0.000273495773247141
0.000149179512680259
0.000298359025360517
0.000298359025360517
0.000298359025360517
0.000124316260566882
0.000174042764793635
9.94530084535057e-05
0.000124316260566882
0.000198906016907011
0.000198906016907011
0.000174042764793635
0.000223769269020388
0.000174042764793635
0.000149179512680259
