0
0
3.40787863371875e-07
0
0
6.35927335633265e-07
7.87105744876021e-06
2.20008635323902e-07
1.94059094981431e-05
2.35143625726594e-06
1.09052116279e-06
0.000126145634610883
0
0
0
0
3.96373525042216e-05
1.85602168348856e-05
0.000201581498470821
3.09304274643094e-05
4.70933176723848e-06
6.28296320128433e-06
1.97494914225366e-05
6.44175178245743e-06
1.27324362092704e-06
1.4194578914019e-05
6.35927335633265e-07
1.13231757162581e-05
1.09052116279e-06
1.09052116279e-06
0
0
2.31651297731155e-06
8.49917445921999e-06
1.77263292694678e-06
4.77458249558202e-06
8.79232687499438e-06
1.50048729106851e-06
1.56685448205898e-05
1.56685448205898e-05
6.97302841338429e-06
6.28296320128433e-06
6.28296320128433e-06
4.50543230233392e-05
4.973572276697e-06
2.88148127479735e-06
2.85127444048149e-06
1.0319411147441e-06
3.24198557497572e-05
1.72371766146726e-05
0
0
0.000125529855986731
0
3.53475366990357e-06
2.31651297731155e-06
4.19169071947406e-06
1.09052116279e-06
1.55328213401737e-07
1.275567716626e-05
1.02794988979679e-05
3.90905277587728e-05
3.40787863371875e-07
3.09304274643094e-05
1.49826762197523e-05
3.40787863371875e-07
3.09304274643094e-05
3.40787863371875e-07
6.89692674034971e-06
1.95417514294352e-05
6.80727606728147e-06
6.80727606728147e-06
6.80727606728147e-06
1.63323165260771e-05
5.93004067195099e-06
5.56450679192829e-06
1.87338756739479e-05
0
1.68463733429938e-05
8.11877594113783e-06
6.80727606728147e-06
1.54390244745773e-05
1.77263292694678e-06
5.82747246365906e-06
1.3369802254788e-05
3.20465590978907e-07
3.91864655513414e-06
8.49555237437675e-06
5.78135367472054e-07
3.10933758028896e-06
2.56995685199666e-06
8.95996324885617e-06
4.973572276697e-06
1.49827311419872e-06
2.80397951595936e-06
2.11843681943084e-05
2.35143625726594e-06
2.88148127479735e-06
5.03405648165065e-06
1.14850226246055e-06
4.34426643269372e-06
0
1.97520917754904e-05
2.19795249800155e-05
2.60601735811911e-05
4.31987353116525e-05
4.93527655184971e-05
7.8002461038615e-06
1.55328213401737e-07
1.0319411147441e-06
2.57635624709138e-05
3.10933758028896e-06
1.82565166039681e-06
3.20465590978907e-07
1.36996721075494e-05
5.75256326149588e-06
6.96540303162894e-06
8.49917445921999e-06
9.09012303867935e-06
2.20008635323902e-07
1.0319411147441e-06
1.16722103045157e-05
0
5.03405648165065e-06
0.000171599374795892
1.01432772534734e-06
7.71751952564606e-06
4.77458249558202e-06
3.20465590978907e-07
7.87105744876021e-06
0
7.41732804147755e-07
1.34378684723634e-05
1.63323165260771e-05
1.16722103045157e-05
1.05383633247314e-05
8.88213111171781e-06
0
0
5.56450679192829e-06
6.44175178245743e-06
6.80727606728147e-06
1.98542294420119e-05
1.3847941282266e-05
4.33103546321664e-06
8.37054891691359e-06
5.93004067195099e-06
8.01668281284396e-06
0
0.000106382393574067
5.03405648165065e-06
1.49826762197523e-05
5.87100442468354e-06
2.51166382832187e-07
1.85582822976809e-05
1.46857152308912e-05
2.03118415926859e-05
0
8.9840289836879e-05
0.000151879551952633
1.16276846469713e-06
0.00011925452573982
0.000269479081820069
1.97316172892316e-05
1.92008971458383e-07
4.67396759178345e-06
2.96373510830386e-06
2.92608279048969e-05
7.60428160969015e-07
0
9.28986159244973e-07
0
0.00171078854861098
0.0017565290349173
0.000160304415605761
0.000132996670628614
0.0010200576914355
6.63192032332005e-06
2.726302906975e-07
2.21737905573783e-05
2.13444450562457e-05
0
1.81411312275529e-05
5.22487918227111e-06
2.59115360059448e-05
2.3538422355386e-05
0.00042154363302112
5.40055846813832e-05
2.15745222180654e-05
3.59542578398493e-06
1.46857152308912e-05
2.28132947887352e-06
6.00538143673203e-05
6.20393636021422e-05
0.00172779446729541
2.18677239288069e-05
5.44725715927326e-06
2.00597548623487e-05
1.32332336232835e-05
0.000132996670628614
0.00010868528871728
5.44725715927326e-06
5.44725715927326e-06
0.00175072409758351
0.00176582639284771
1.65386742936614e-05
2.43981175045962e-05
8.90593210265327e-05
9.11274402273886e-05
0.00086369276092968
4.12203651808302e-05
0
1.3631514534875e-07
4.33742629476319e-05
0
1.3631514534875e-07
0
1.50110473817843e-05
3.52324689612427e-05
4.84652749671781e-05
1.0036929797054e-05
0
2.726302906975e-07
3.03224770958948e-06
3.92775974440579e-06
0.00086369276092968
3.33460060056887e-06
2.43981175045962e-05
1.97316172892316e-05
5.44725715927326e-06
1.79331316764904e-06
3.03224770958948e-06
1.85582822976809e-05
5.67127802628029e-07
1.1474394155742e-05
0
6.02475155544225e-05
4.14979835275218e-05
4.39389500695269e-06
8.178908720925e-07
3.23140786757834e-06
7.02348221339675e-07
7.02348221339675e-07
1.07440166132571e-05
0
3.51306692549283e-05
4.03647723968716e-05
5.16492477919358e-05
5.44725715927326e-06
5.44725715927326e-06
4.79066470292813e-06
5.44725715927326e-06
0.000160304415605761
3.54147723261338e-06
0
3.51306692549283e-05
5.44725715927326e-06
2.84667531996959e-06
0.000127021278024667
5.00541485021483e-05
1.90252569906062e-05
2.89775511494287e-05
3.23929606071076e-05
1.51346374040424e-05
1.72931096074866e-05
2.15745222180654e-05
5.75455227637275e-06
6.78317244119388e-05
7.06232844797968e-07
1.16276846469713e-06
4.63246820881448e-06
1.89220975704317e-05
1.21438371076344e-06
8.21711445904058e-06
3.6081436678771e-07
2.34282372299693e-07
1.04041344550009e-05
1.35765219325659e-05
1.76711760170715e-05
1.31812898514292e-05
1.15590298325359e-05
2.31614697659379e-05
9.62229675888044e-06
1.0503486629163e-05
1.60309867185427e-06
4.37632509408546e-06
6.44129198227481e-06
0
9.2408477406426e-06
2.04472718023125e-07
4.00146580873106e-06
2.89775511494287e-05
3.26723550384472e-05
1.79331316764904e-06
1.75818380861101e-06
1.13402987575976e-05
4.39389500695269e-06
2.00597548623487e-05
6.68084045484043e-06
5.27581229294469e-06
1.16193590558597e-05
1.69363366638949e-05
1.56371338673252e-05
9.32109083313384e-06
1.66156343387835e-05
5.84708718070672e-06
2.57953342223211e-05
0.000131905972395227
4.84560425920817e-06
2.84594229380193e-05
3.76527170168489e-05
2.9989331976725e-07
3.96496005927405e-06
5.85814337136253e-05
0.00012933969989863
4.51569018657369e-05
0
0.000231872062238224
0.000238622059721352
0.000149566687863119
4.72105651370925e-06
0.000120180563947567
0.000261696520982072
0.00118873723443347
0.000193445534401236
8.95819015142026e-06
0
3.76527170168489e-05
0.0001062998308778
3.925876186044e-05
0.000362911005820755
4.72225346932257e-06
0
0.000112386984551726
4.7690744858512e-05
4.7690744858512e-05
2.68521357667083e-05
5.17986740568106e-05
0.000120851486822441
0.000445859545820892
3.76527170168489e-05
5.17986740568106e-05
0.0001062998308778
0
4.51569018657369e-05
3.29289416801961e-05
1.28798772432757e-05
0.000499508771662883
0
0
2.9989331976725e-07
0
1.28074275198121e-06
1.65467998024471e-06
0.000462637528142186
0.000164931839361291
0.000177714116812037
6.41051004686022e-05
5.92451917185494e-05
0.000248345731869741
5.07423105388271e-06
0.00140541549432323
0.000134867452477492
0.000190515653667644
4.0894543604625e-07
2.9989331976725e-07
8.30799503280829e-07
4.51569018657369e-05
0
0.00115746685170524
3.6304587437171e-05
0.000268756840560196
0.00025876702880614
3.6304587437171e-05
9.09854963588145e-05
8.95819015142026e-06
7.89264691569263e-05
3.83892364635942e-06
0
2.9989331976725e-07
3.6304587437171e-05
7.83529176656398e-05
4.51569018657369e-05
2.45463826447082e-05
3.82800650412146e-05
0
1.78134965379223e-05
8.95819015142026e-06
3.925876186044e-05
3.47603620639313e-07
1.65467998024471e-06
3.0471598437921e-06
0
0.000238198353691045
0.00127206380815149
0
0
3.6304587437171e-05
1.8205081034314e-06
3.40787863371875e-08
1.28074275198121e-06
1.57299416208497e-06
0.00155988714288529
4.87963976065583e-05
0.000671266960381191
0.000107659133719033
3.96677072964863e-05
1.3631514534875e-07
1.5143373419652e-06
0
0.000403314535326413
1.40763189968832e-06
5.92133080718452e-06
1.28148052817457e-05
0.000224308428062861
3.6304587437171e-05
5.85814337136253e-05
0
2.58998776162625e-07
1.635781744185e-07
0.000194249082121969
1.07162292673029e-06
1.07162292673029e-06
0.000238055862097627
0.00012933969989863
0.000156217156569668
0.000445859545820892
0.0012365470653054
0
1.17591863826132e-05
0.000523572518297761
0.00048445215389504
0.000210788753093191
0.000176436270637514
0.000377002874771224
3.40787863371875e-08
0.000445859545820892
0.00165434855030818
0.000270851509384643
0.000190305436110574
0
7.43478813504653e-05
2.47154108729075e-05
1.06641731825884e-05
3.92076436809342e-05
2.67202026873791e-05
6.86747590866317e-06
8.66950388339935e-06
4.0894543604625e-07
1.43130902616188e-06
1.02236359011563e-07
2.55006689763126e-05
8.66950388339935e-06
7.06083566248029e-06
4.26757260575936e-06
7.06083566248029e-06
3.4319633002776e-06
2.96485441133531e-06
2.91373623182953e-06
2.65814533430063e-06
4.4166107092995e-05
4.52628865037319e-06
1.73072837230841e-05
1.03940298328422e-06
0
2.98530168313763e-05
0
3.02456605103218e-06
0
9.6627720035527e-06
5.97612865386671e-06
5.18887479729223e-06
3.92076436809342e-05
2.67202026873791e-05
4.90189098816849e-06
7.40005205266374e-06
1.06641731825884e-05
1.89304912363213e-05
0
2.69413542762461e-05
8.66950388339935e-06
0.000201610099970801
1.40877120462362e-05
5.80702519185675e-05
0
9.30385865915498e-06
9.30385865915498e-06
8.66615010383863e-06
9.30385865915498e-06
7.05647535318024e-06
4.89504141075076e-06
2.09482998765399e-06
1.51309811337113e-05
1.06641731825884e-05
4.44460094188612e-06
1.42694033410262e-05
1.53354538517344e-05
2.69413542762461e-05
1.4976729109564e-05
2.88892938559581e-06
2.08868291351768e-06
0
1.09052116279e-06
2.65814533430063e-06
1.45209708582756e-05
5.18887479729223e-06
1.27849123667496e-06
9.20127231104063e-07
1.80929145062177e-05
0
6.54255752292985e-06
1.43130902616188e-06
4.0894543604625e-08
5.28863685740406e-06
9.6627720035527e-06
0
0
4.52628865037319e-06
7.84751686578609e-05
0
1.02236359011563e-07
5.97612865386671e-06
9.6627720035527e-06
3.92076436809342e-05
4.52628865037319e-06
6.57535925813974e-06
0
5.37257230058236e-07
3.68050892441625e-05
4.44449318287794e-06
1.87603718786217e-05
2.86432199164061e-05
4.26757260575936e-06
5.52705139820549e-06
2.95553603033744e-06
4.29694897159634e-06
1.33817919881166e-06
1.05186978366253e-05
6.84818703860539e-06
0.000103054249883655
4.0894543604625e-07
9.20127231104063e-07
3.92076436809342e-05
0.000103054249883655
2.29002842290208e-05
2.29051584717015e-05
2.29051584717015e-05
2.69413542762461e-05
1.05186978366253e-05
9.30385865915498e-06
1.32858582734549e-05
5.24384890564449e-05
0
2.98530168313763e-05
7.15654513080938e-05
0
0
1.51309811337113e-05
0.000154581374825483
1.4976729109564e-05
9.07598688150695e-07
0
8.07406265637664e-08
9.07598688150695e-07
0
0
7.13377008935312e-07
8.43223629751175e-07
0
0
2.65814533430063e-05
5.997866395345e-06
2.35143625726594e-06
0
1.00191631831331e-05
2.35143625726594e-06
0
7.66222395272838e-07
0
2.35143625726594e-06
0
1.37337508938866e-05
0
6.74759969476313e-06
2.57635624709138e-05
0
0
1.89497615048829e-05
0
4.17044680071841e-07
7.46325420784406e-06
0
0.000133301241629386
8.43223629751175e-07
7.13377008935312e-07
0
8.09265219257977e-05
1.79388228204444e-05
8.24731142071492e-06
7.08430590080111e-06
7.66222395272838e-07
4.67428676940584e-06
8.07406265637664e-08
9.07598688150695e-07
9.07598688150695e-07
1.27945750449853e-07
9.73290137790075e-05
3.56342585995244e-05
0
2.04472718023125e-07
2.35143625726594e-06
4.66721792340124e-07
0
2.04766775654351e-05
6.19614297039773e-09
7.13377008935312e-07
9.07598688150695e-07
0
1.02236359011563e-06
0
0
0
2.4536726162775e-05
0
4.24273832936799e-07
1.1177023451109e-05
2.35143625726594e-06
3.43316413793552e-05
1.27945750449853e-07
9.07598688150695e-07
9.07598688150695e-07
2.04766775654351e-05
0
4.67428676940584e-06
9.07598688150695e-07
7.6792359154809e-06
1.83816859996489e-05
1.18850458392774e-05
7.46325420784406e-06
2.04472718023125e-07
2.04766775654351e-05
0.000178090705067169
9.07598688150695e-07
9.07598688150695e-07
0
4.77103008720625e-06
1.00532419694703e-05
6.74759969476313e-06
0
0
8.43223629751175e-07
7.13377008935312e-07
2.04472718023125e-07
2.35143625726594e-06
1.1177023451109e-05
4.25410984901922e-06
3.56342585995244e-05
7.6792359154809e-06
1.1177023451109e-05
4.24273832936799e-07
1.07069350528473e-06
1.7069984730447e-05
4.07209104594552e-05
1.73124346544746e-05
1.79388228204444e-05
8.73100666270482e-06
4.99165016532604e-05
4.24273832936799e-07
8.24731142071492e-06
8.24731142071492e-06
3.56342585995244e-05
1.6501909225213e-05
4.92259929078646e-07
6.98856637394929e-07
2.95849207688614e-05
5.05848312195761e-05
0
0
0
8.47057511860483e-07
3.23700511223362e-06
1.58884048516597e-05
3.91569216792817e-07
3.51913901882959e-06
1.58347786300771e-06
2.95849207688614e-05
1.47153162558329e-05
1.47153162558329e-05
0
1.31292784563831e-05
3.52614007136719e-05
6.85169349746564e-06
5.3612950008577e-06
9.34080796667343e-05
5.05848312195761e-05
2.34724159385373e-06
4.91702213099823e-06
3.08003848598203e-06
0
1.02236359011563e-07
1.02236359011563e-07
1.03292976439128e-06
1.02236359011563e-07
7.04456078358417e-05
2.34724159385373e-06
1.22467982385704e-05
1.54807905816624e-06
5.71452600484848e-06
1.918604356572e-06
2.51999308522323e-06
1.27444421284002e-05
6.69426393293815e-06
8.46786163788726e-06
1.58347786300771e-06
4.91702213099823e-06
5.3612950008577e-06
1.58347786300771e-06
2.71044166938142e-05
7.35607644165361e-06
9.99097570829143e-06
1.02236359011563e-07
1.6261414670046e-05
3.49334369676136e-06
2.06396818859796e-05
3.08003848598203e-06
2.85124371438527e-06
0
1.28817812354569e-05
1.73503510797749e-05
0
0
0
0
1.31292784563831e-05
0
0
0
5.71452600484848e-06
3.63195837932323e-06
1.58347786300771e-06
6.76761222774394e-06
4.91702213099823e-06
4.91702213099823e-06
2.34724159385373e-06
4.91702213099823e-06
7.52688072917192e-06
3.46039524786481e-06
5.16397828784421e-06
1.44653099534065e-05
1.58573660947461e-05
1.02236359011563e-07
7.52688072917192e-06
1.61887503719715e-06
8.99842318687237e-06
8.99842318687237e-06
1.72160985133481e-05
1.01958845350537e-05
1.21056977753012e-05
1.88081308252645e-05
3.63195837932323e-06
1.82890982253166e-05
1.3790862099995e-05
1.89176184549247e-05
0
0
0
7.52688072917192e-06
0
2.34724159385373e-06
4.91702213099823e-06
2.88846284530753e-06
2.19849508654455e-05
3.37802690688138e-07
2.50397942491581e-06
3.74185073982319e-05
1.02236359011563e-07
1.74343944406398e-06
4.92665255985946e-06
1.33065328113163e-05
1.63382446663518e-05
4.92665255985946e-06
1.02236359011563e-07
0
3.49334369676136e-06
7.52688072917192e-06
2.50024031430824e-05
8.36793233391903e-06
0
3.63195837932323e-06
1.02236359011563e-07
1.03292976439128e-06
0
0
5.92970882267063e-06
0
9.00264167067531e-06
0
0
0
6.22765478321861e-06
5.63855535480229e-05
2.04472718023125e-07
6.22765478321861e-06
6.22765478321861e-06
6.22765478321861e-06
6.22765478321861e-06
2.7808289651145e-06
2.7808289651145e-06
8.178908720925e-07
6.22765478321861e-06
1.4722035697665e-05
2.97778934178656e-05
5.63855535480229e-05
1.01213995421447e-05
9.00264167067531e-06
9.00264167067531e-06
0.000210320637758587
0.000502389468182818
2.726302906975e-07
9.00264167067531e-06
9.00264167067531e-06
2.96797018608614e-05
0.000479488523764228
2.96797018608614e-05
7.83206075187836e-05
2.726302906975e-07
2.96797018608614e-05
0.000414057253996828
2.7808289651145e-06
6.22765478321861e-06
5.63855535480229e-05
0.000210320637758587
0.00010574392060865
5.76688629984479e-05
0.00050709234069735
6.76530606901872e-05
1.93818630534972e-05
6.22765478321861e-06
0
6.22765478321861e-06
6.22765478321861e-06
9.00264167067531e-06
0.000423667471743915
0.00024209569813938
4.80024624267069e-05
4.45036323693484e-05
9.70078187044474e-05
1.22683630813875e-06
0
0.000204677190741148
1.4722035697665e-05
1.22683630813875e-06
2.4536726162775e-06
0
6.47496940406563e-07
0.00024209569813938
1.85884289111932e-08
6.22765478321861e-06
6.22765478321861e-06
9.27029180799042e-05
5.63855535480229e-05
0
6.22765478321861e-06
1.93818630534972e-05
6.22765478321861e-06
0
1.70393931685938e-07
6.22765478321861e-06
5.63855535480229e-05
6.47496940406563e-07
5.84207765780357e-08
9.5420601744125e-07
9.00264167067531e-06
5.84207765780357e-08
1.4722035697665e-05
1.02236359011563e-07
0
2.08367436461661e-07
9.5420601744125e-07
1.70393931685938e-07
2.09830722539087e-05
1.93818630534972e-05
2.85904483349825e-05
4.91179006941856e-05
3.04664349854456e-05
0.000485827178022945
5.85056968775812e-05
1.4722035697665e-05
1.4722035697665e-05
1.4722035697665e-05
6.22765478321861e-06
6.22765478321861e-06
0
6.22765478321861e-06
6.22765478321861e-06
1.69984986249891e-05
1.4722035697665e-05
2.08367436461661e-07
6.22765478321861e-06
0
0
1.4722035697665e-05
7.52459602325101e-06
1.4722035697665e-05
1.4722035697665e-05
6.22765478321861e-06
1.4722035697665e-05
8.178908720925e-07
2.04472718023125e-06
1.4722035697665e-05
1.4722035697665e-05
6.22765478321861e-06
6.22765478321861e-06
6.22765478321861e-06
6.22765478321861e-06
6.22765478321861e-06
6.22765478321861e-06
6.22765478321861e-06
1.17464865176559e-05
1.0942891695827e-05
5.63995922185649e-06
6.317322158808e-07
0
1.02236359011563e-07
7.33125189649613e-07
1.9151474873281e-06
7.40794558534943e-06
0
0
6.51587344392238e-06
7.37333887962434e-06
2.91892515388611e-06
6.94757559455722e-07
7.70382099870276e-06
6.93181038950907e-06
9.62128636116339e-06
7.51313427732087e-06
7.39265238640422e-06
2.25435435933809e-06
1.09431351216817e-06
0
0
2.29450340226759e-06
3.55782529360238e-05
1.94126461500886e-05
1.24275798319766e-07
1.9056552405808e-06
2.65814533430063e-05
0
5.9950277978782e-06
5.19895954047377e-06
3.43703112646892e-05
6.95207241278625e-06
0
0
6.51587344392238e-06
2.48299167118719e-06
5.58775787588907e-06
8.93922424707207e-06
1.61662570767426e-06
3.7995649959871e-05
5.90217268390224e-06
2.37498111643495e-06
3.51555614349003e-07
1.43070530928391e-05
1.65070032757947e-05
7.70382099870276e-06
6.37821099624395e-06
1.29798605085206e-06
6.13418154069375e-07
0
0
4.53052407163583e-07
8.32476316631443e-06
6.12255559068677e-06
6.93181038950907e-06
7.39265238640422e-06
9.62128636116339e-06
1.12385785867791e-05
0
7.70382099870276e-06
5.45791116806268e-06
6.71533414918621e-06
0
1.04115064956221e-05
1.27083638833246e-05
7.01612233003485e-06
6.51587344392238e-06
2.91892515388611e-06
2.87209499401738e-07
2.81852795585032e-06
0
6.51587344392238e-06
1.22683630813875e-05
0
0
1.02236359011563e-07
1.11658602945029e-05
1.9151474873281e-06
1.19059741489438e-05
3.45622412191078e-06
1.80403643682359e-05
2.48299167118719e-06
2.87209499401738e-07
1.9056552405808e-06
6.37821099624395e-06
4.16249921368657e-06
2.26690055849478e-06
4.16249921368657e-06
8.1230703385224e-06
7.51313427732087e-06
1.34951993895263e-05
2.29450340226759e-06
0
1.34951993895263e-05
1.45530798565238e-05
5.9950277978782e-06
2.91892515388611e-06
2.26690055849478e-06
1.24275798319766e-07
1.12035148009079e-05
8.97401420774394e-06
1.62075785845875e-05
1.85799324270049e-05
4.62658805603042e-06
0
8.1230703385224e-06
8.178908720925e-07
2.01284323146201e-05
8.04690320779996e-06
1.61662570767426e-06
0
0
0
1.05052235717161e-06
0
1.02236359011563e-07
0
3.63976485559419e-06
0
0
0
1.02236359011563e-07
2.01265629288378e-05
6.44381659515169e-06
1.34951993895263e-05
1.22683630813875e-05
0
1.19254458821965e-05
5.58612763268998e-06
3.4479292798393e-05
9.56932320348225e-05
1.31162059750691e-05
5.76637899568293e-05
2.51251363231305e-05
2.62330377412061e-06
6.72259257222348e-05
4.55292585464825e-06
3.86737139037786e-06
5.7252361046475e-07
1.57295480175456e-05
2.2224970800291e-05
1.38548000079377e-05
2.18004378894649e-05
2.82852468871831e-05
1.54725213772082e-05
4.30416160080592e-06
0.000188728318735344
7.13883365484963e-06
7.13883365484963e-06
7.13883365484963e-06
3.66296392090266e-05
0.000151309811337113
0.00012431941255806
1.32893890700072e-05
3.55302457147004e-06
3.55302457147004e-06
6.54312697674e-05
8.07667236191344e-05
2.26659184346205e-05
3.86737139037786e-06
8.09711963371575e-05
0
0
0
1.57295480175456e-05
6.14356329540564e-05
1.58687225522464e-05
1.17571812863297e-07
6.55505455195802e-06
1.62896598691756e-06
5.7252361046475e-07
1.19254458821965e-05
2.62330377412061e-06
1.23626566216237e-05
6.14356329540564e-05
4.11285311158751e-06
3.10635709958581e-05
2.94270320021614e-06
1.86070173401044e-05
6.79136488913759e-07
3.4479292798393e-05
1.17571812863297e-07
0
1.57295480175456e-05
0
1.95656605540851e-06
5.58612763268998e-06
5.01389250010448e-06
7.71282482236668e-06
5.11181795057813e-08
1.65622901598731e-05
0
2.62330377412061e-06
1.70668803208006e-05
8.615117186041e-06
1.0881356477464e-05
0
8.55377537063406e-07
5.95867579105724e-06
1.17571812863297e-07
1.02236359011563e-07
1.62896598691756e-06
5.01389250010448e-06
2.1064949804674e-06
3.4479292798393e-05
1.96369043701281e-05
3.66296392090266e-05
3.20313934369077e-05
2.75871866823117e-06
0.000200383263662663
8.09711963371575e-05
0.000138019084665609
0.000110210795014464
0
5.11181795057813e-08
0
1.65622901598731e-05
1.95656605540851e-06
7.71282482236668e-06
7.71282482236668e-06
0.000278900787383543
1.74288324983117e-05
0
0
2.61502073904303e-05
1.94625537973969e-05
1.34240014995604e-05
0
0
0
1.54725213772082e-05
1.17571812863297e-07
5.11181795057813e-08
1.62896598691756e-06
1.35582451442501e-05
0.000200147135680595
1.70320401834624e-06
7.71282482236668e-06
1.1818148569612e-05
6.72259257222348e-05
6.72259257222348e-05
5.11181795057813e-08
0
1.15783062087227e-06
5.95131976034787e-08
1.56608881141344e-06
2.23843098615478e-05
1.50413193691959e-06
1.19065386644755e-05
1.18896933124144e-05
5.58892095929875e-07
8.178908720925e-08
1.27768886421695e-06
7.4312355691267e-06
0
2.3900844390427e-06
2.07967329633159e-06
5.59749676532378e-06
0
2.17418000409145e-05
6.014255382968e-07
2.26139413485911e-05
3.37379984738156e-06
2.3900844390427e-06
2.3900844390427e-06
0
1.30405402235188e-06
5.38277449783248e-06
0
3.5068677680157e-06
2.60806300036844e-05
7.16361452842402e-07
1.962938093022e-05
3.07866194328275e-07
1.08188513933119e-05
2.51731371519917e-06
3.09014000356079e-05
4.61087060446676e-06
7.4312355691267e-06
8.178908720925e-08
0
0
9.87341250980512e-06
1.59867954345921e-05
1.02236359011563e-07
0
1.02236359011563e-07
9.03731836482227e-07
2.726302906975e-07
1.03982779272241e-05
7.17950691022027e-06
8.56568456773687e-07
3.15591133415268e-06
1.69650722226452e-05
0
1.87198198734105e-05
7.86904431996212e-06
0
2.3900844390427e-06
9.21427019670704e-06
1.38361628954557e-05
9.63098221224497e-06
2.90924733885996e-06
1.26773085174338e-05
0
0
8.178908720925e-08
7.83812085755313e-07
9.03731836482227e-07
1.27768886421695e-06
5.95131976034787e-08
6.69167408854372e-06
9.4932307700712e-06
0
1.35730456903379e-05
2.47177957209323e-05
1.29781456327085e-05
1.19065386644755e-05
3.20942155478117e-06
8.178908720925e-08
9.17805633889452e-06
7.76962944778828e-07
1.87106296053992e-05
1.55851112365432e-05
3.5068677680157e-06
2.97100824812803e-06
3.18274793011063e-06
1.92267623687511e-06
0
0
3.18274793011063e-06
0
0
1.93398760373904e-07
7.83812085755313e-07
2.726302906975e-07
2.726302906975e-07
0
0
2.07967329633159e-06
1.52008631646085e-06
3.32488961901628e-06
1.03982779272241e-05
3.37379984738156e-06
1.86364100222262e-06
1.26773085174338e-05
5.29043894101203e-06
0
0
1.78080714625993e-05
0
6.5249697181819e-06
2.82404363008613e-06
8.178908720925e-08
0
0
6.5249697181819e-06
8.55290889663159e-06
2.06807133004417e-06
2.06807133004417e-06
4.53749818113531e-07
2.23125850410217e-06
3.18274793011063e-06
6.5249697181819e-06
2.49456715988213e-05
1.38361628954557e-05
8.40504093771864e-06
1.38361628954557e-05
0
0
2.06807133004417e-06
2.06807133004417e-06
9.21427019670704e-06
9.87341250980512e-06
3.62192252692776e-07
3.62192252692776e-07
2.65442764851839e-06
3.80832650226274e-06
0
1.71757083139425e-05
1.50920339493259e-07
6.0346186537014e-06
3.62192252692776e-07
3.62192252692776e-07
0
1.11096843459231e-05
0
0
0
9.91515649755859e-07
0
1.87769686901496e-06
8.59210966872744e-06
6.8157572674375e-08
5.89929680889262e-06
2.76575172190592e-06
3.62192252692776e-07
3.62192252692776e-07
3.25681735709606e-05
0
4.26687777827377e-06
6.34867642183493e-06
2.76575172190592e-06
3.47566669606191e-05
0
0
4.24757855755622e-06
3.62192252692776e-07
3.62192252692776e-07
2.94316273074376e-06
0
3.62192252692776e-07
5.79717959593358e-05
2.20481306020224e-05
0
0
3.39424711918388e-05
3.06207348066554e-06
4.06333317498521e-06
3.62192252692776e-07
1.50920339493259e-07
3.13122085009049e-06
6.21207590946447e-07
0
2.86096989600571e-05
4.93805763368361e-06
6.82817520903045e-05
2.15913916091287e-05
6.42643261209946e-05
6.82817520903045e-05
1.84025446220813e-07
1.84089827766527e-06
4.06333317498521e-06
2.49235337998042e-05
4.26347998236414e-05
0
0.000125955194302245
0.000147885279628451
0
1.97552376806813e-05
6.34867642183493e-06
5.40197136952993e-06
4.35438437789369e-06
2.726302906975e-07
0
2.726302906975e-07
1.87769686901496e-06
3.13122085009049e-06
4.06333317498521e-06
6.60350008894893e-06
2.94316273074376e-06
2.15913916091287e-05
2.25260777688809e-05
1.84089827766527e-06
7.14469837632139e-06
2.33836576490889e-05
6.42643261209946e-05
1.97552376806813e-05
1.97552376806813e-05
3.62192252692776e-07
1.72209332676704e-05
2.726302906975e-07
1.84089827766527e-06
0.000111642104040626
3.81478564719235e-06
0.000320204276424214
4.64493857775865e-05
4.61348127680768e-06
0
6.00936492040014e-06
2.41384026861066e-06
4.1193102119198e-06
4.26701779604415e-06
4.35438437789369e-06
0
2.86096989600571e-05
2.86096989600571e-05
3.62192252692776e-07
1.02236359011563e-07
1.02236359011563e-07
2.65442764851839e-06
3.27284697512815e-06
2.0847640745817e-05
4.06333317498521e-06
1.9084120348825e-05
3.62192252692776e-07
3.62192252692776e-07
8.38943973655164e-05
0
3.29712257812289e-06
9.69200683429613e-05
0
8.59210966872744e-06
0
4.5860309613758e-07
0
1.13199390490813e-06
1.23855328327616e-05
6.12964507887614e-07
2.19237707813619e-06
2.19237707813619e-06
4.40188862820885e-07
2.26259036481463e-05
2.8711851278401e-06
1.9488844031426e-05
3.74744275885397e-06
0
0
2.67281451615223e-06
8.55855845173944e-07
0
4.75436536478323e-05
4.3168767339404e-06
0
5.29101939913373e-05
2.19237707813619e-06
2.19237707813619e-06
4.907345232555e-06
0
1.73075783065297e-05
3.32564503123334e-05
5.48144438369108e-05
2.26259036481463e-05
7.87219964389031e-06
1.02236359011563e-07
9.23353758859409e-05
9.23353758859409e-05
4.96399128538048e-05
2.8711851278401e-06
0
4.27763483689021e-05
7.95299955533028e-05
0.000153865720312402
0
8.56754300707382e-06
7.56550590104655e-05
1.79806590599899e-06
2.95420045810394e-07
1.33705416437835e-05
2.19237707813619e-06
8.26902827730358e-07
3.57356173872677e-06
3.76284796840168e-06
6.49507896594168e-06
6.09856544081639e-05
0.000317750603807936
1.6771196209841e-06
3.72465826881654e-06
4.66344188411558e-06
2.78685384173558e-06
3.76284796840168e-06
2.95420045810394e-07
3.31761632795267e-06
8.06628518240335e-06
0
5.65754725505493e-06
2.19237707813619e-06
5.4231639053677e-06
8.26902827730358e-07
1.59314780319255e-06
8.26902827730358e-07
5.56588945531136e-06
3.49168440768253e-06
0
4.92831679337789e-08
0
0.000318568494680029
0.000319590858270144
7.56550590104655e-05
2.19237707813619e-06
0
0
1.6771196209841e-06
0
9.66668776919675e-07
1.73075783065297e-05
1.55323610495261e-05
1.52627864292765e-06
3.49168440768253e-06
7.87219964389031e-06
2.62505620883827e-05
5.74991468024227e-06
2.19237707813619e-06
1.41864785978794e-06
1.02236359011563e-07
0.000153865720312402
0.000118443799737763
4.40188862820885e-07
1.7021580905698e-06
2.89135124354996e-06
6.34765480611212e-06
3.17653598014237e-05
1.73075783065297e-05
1.55323610495261e-05
9.80639045908308e-05
1.73075783065297e-05
9.86885334601102e-07
1.55323610495261e-05
1.55323610495261e-05
0
1.81946147569021e-07
2.67281451615223e-06
2.67281451615223e-06
1.97723348001799e-07
6.18567996019376e-06
1.7021580905698e-06
2.830535454223e-06
1.98835336263933e-06
1.79806590599899e-06
5.4231639053677e-06
0
1.97723348001799e-07
3.57356173872677e-06
1.32359263675733e-06
1.32359263675733e-06
1.9488844031426e-05
6.12964507887614e-07
0.000130762976285365
0.000108953377190594
3.63080768406324e-06
6.09856544081639e-05
2.27850382410513e-05
6.14965170404196e-05
4.14786439519296e-05
2.62505620883827e-05
3.00509770852677e-05
0.000373157648674186
0
1.3631514534875e-07
2.40504428331869e-05
0
1.18599378265865e-05
4.16783556903803e-05
1.11426340730938e-06
3.26312310770876e-05
3.26312310770876e-05
2.81171519029128e-05
0
4.24371315961432e-06
5.08659964868861e-05
3.76555983831777e-05
2.74054297126589e-05
1.11426340730938e-06
4.51932715850808e-06
0
0
4.43024222383438e-07
1.02236359011563e-07
2.39486236785561e-05
1.15867873546438e-06
5.1998142452988e-05
1.11426340730938e-06
2.38551504360313e-07
2.14696353924281e-05
4.51932715850808e-06
1.97689022695303e-05
0.000136243520077171
0.000231054171366131
3.4351416627885e-05
2.39486236785561e-05
0.000105217765976262
4.31887307582751e-07
1.18599378265865e-05
1.11426340730938e-06
0.000142531115976653
5.07773916424094e-05
0.000204472718023125
1.18599378265865e-05
6.8157572674375e-08
1.30146885021719e-05
1.02236359011563e-07
2.39486236785561e-05
1.15867873546438e-06
2.80127623691681e-05
0
4.31887307582751e-07
3.76555983831777e-05
2.40504428331869e-05
2.40504428331869e-05
6.8157572674375e-08
2.38551504360313e-07
6.8157572674375e-08
0
1.97689022695303e-05
2.40504428331869e-05
4.16783556903803e-05
2.58998776162625e-07
0
6.8157572674375e-08
6.8157572674375e-08
8.0323699396751e-06
0
2.21555746084382e-05
3.00509770852677e-05
4.16783556903803e-05
1.38412979131368e-05
1.6607569655882e-05
4.24280889897984e-06
1.60093446162283e-06
2.40504428331869e-05
1.11426340730938e-06
1.11426340730938e-06
4.6347149418575e-07
4.31887307582751e-07
2.81171519029128e-05
1.18599378265865e-05
1.97689022695303e-05
4.51932715850808e-06
1.60093446162283e-06
0
6.64536333575156e-07
2.24515669282436e-05
2.49108470511552e-05
2.49108470511552e-05
0.000294531683681846
4.31887307582751e-07
0.000213673990334166
0.00040240230906951
8.97635232121519e-05
0
1.11478784981634e-05
2.24515669282436e-05
1.60093446162283e-06
4.16783556903803e-05
4.24280889897984e-06
1.80323121335184e-05
1.18599378265865e-05
1.30146885021719e-05
8.0323699396751e-06
6.64536333575156e-07
5.07773916424094e-05
1.18599378265865e-05
4.51932715850808e-06
0
0.000204472718023125
2.11288475290563e-07
6.95207241278624e-06
2.74054297126589e-05
0
0
5.50079047155496e-06
0.000105217765976262
0.000151967045073615
1.15867873546438e-06
2.04472718023125e-07
0
3.26312310770876e-05
1.11426340730938e-06
2.49108470511552e-05
2.6468342229569e-05
0.000364983801671278
1.81377373909995e-05
0
5.1998142452988e-05
6.95207241278624e-06
4.43024222383438e-07
0
0.000698937935951456
0.00835185545845149
0.00428914424465443
0.00104815574443503
9.07701112672641e-05
0.000337116025377512
0.000323536009394081
8.50262621041343e-05
0.0015049192046502
0.0018647911883709
0.000190803289587641
0.000124535596913067
0.00012227931547556
7.12488905339599e-05
9.71245410609844e-05
0.000290146786874814
3.61337371533196e-05
7.23689856976803e-05
0.000108540934483941
0.00100534892187442
0.00038604449162766
0.000237436118053085
0.000124535596913067
0.00012227931547556
0
2.36742976707203e-05
0
0.000830056671134249
7.14780698046651e-07
0.00012227931547556
6.35718495958797e-07
0.000162229887454271
0
2.726302906975e-07
0.000135807131984312
7.12488905339599e-05
0.000237436118053085
5.23705893356829e-07
0.000725269937495313
7.05640418433944e-05
0.00012227931547556
7.05640418433944e-05
0.000124535596913067
0.000170542670338541
6.83417539893296e-05
0.000269877056063275
9.83046040525575e-06
3.63343790522518e-06
5.19201988480806e-05
0.000269877056063275
7.84734334702611e-05
6.83417539893296e-05
4.84600341714806e-05
5.19201988480806e-05
0
7.34736807819282e-05
7.84734334702611e-05
8.16200459132911e-05
0.000139451918320812
0.000237436118053085
8.54276288623716e-05
9.62301340647435e-05
0
0
7.05640418433944e-05
0
2.726302906975e-07
2.726302906975e-07
0.000356629772473709
9.62301340647435e-05
0.00195373682071096
1.96100905131994e-05
0
0.000279999085956537
8.4715490861277e-05
0
0.00012227931547556
0.00015144297345776
0.000830056671134249
0.00012227931547556
0
1.22048304868589e-05
0
5.38496954807368e-05
0.000132269367623162
7.05679704275271e-05
0.00168914912358904
0.000193840136685923
7.14780698046651e-07
0
0.00117379553806557
0.000132274449843671
7.84734334702611e-05
6.80788155525868e-05
7.13522752570211e-05
6.80788155525868e-05
7.13522752570211e-05
2.04472718023125e-07
0.000130314457143696
2.04472718023125e-07
0.000118794558528039
8.86136667644165e-05
0.000121317187730401
7.34736807819282e-05
0.000124535596913067
0.00012227931547556
0.00012227931547556
0.000113351409178814
2.94740938247169e-05
0.000279999085956537
0
0.000142859554850117
5.282263212113e-05
7.14780698046651e-07
0.000121561196968213
0
0.000213548121250363
0.000124160324900611
0
0.000448232506502428
0
6.80788155525868e-05
4.84600341714806e-05
5.66577556655404e-06
0
7.66496289958622e-05
8.16200459132911e-05
5.23235440395858e-05
9.83046040525575e-06
0.00012227931547556
0.000135807131984312
1.19725035741207e-05
0.00012227931547556
0.000118794558528039
1.30693462103455e-05
9.71245410609844e-05
6.64714731105165e-06
0.000448232506502428
0.000389663617628546
6.13418154069375e-07
0.00149460226681941
0.00014825474867646
0.000229933184346594
0.000261691148606001
0
0.000312826233228776
4.89738960292481e-05
1.13250712204212e-05
0.000158397844130819
9.48985068066953e-05
4.89738960292481e-05
3.1974320029396e-05
6.50564031176905e-05
3.69213128689243e-06
0.000792469064647719
0.000147556625728019
9.35162523751845e-06
0.00374183596588807
0.000128690707780332
3.85582348256654e-05
3.23157464631411e-05
2.63691142784232e-05
2.11706007608054e-05
0.000144921334583462
0.000130705356587068
6.63746729707065e-05
0.00992619625400528
0.000667980704679242
0.000426876057613841
1.0288257211688e-05
1.07847038824856e-05
0.000155133390745711
1.0288257211688e-05
0.000242297543580061
0.000406159737030234
8.97009907002452e-05
5.19151498177004e-05
4.84600341714806e-05
0
8.21354401903006e-06
2.40298563928704e-06
0
1.04836354035844e-05
1.04836354035844e-05
0.000121337518753556
1.86070173401044e-06
1.92822325805351e-06
0.000431096647165422
1.04836354035844e-05
1.04836354035844e-05
0.00013999871852358
0
8.2449068696817e-05
8.28447552334431e-05
2.93254769514664e-05
9.99996798547407e-06
0
2.90000039832317e-05
2.12748994705013e-07
0.000330357075044959
0.00014302954968089
0.000444622457196398
2.77741494718121e-05
8.2449068696817e-05
0.000237648457400832
0.00020472878355283
0.000312826233228776
6.63746729707065e-05
0.00217346411977821
0
0.000415751577484902
1.30158791907911e-05
0.00166410913840137
9.36190026835612e-05
0.000151009281669561
5.76403198456567e-05
2.90000039832317e-05
0.00205125833684666
0.000358917072441308
0.00077746085923389
0.000862451450109057
6.2995189771342e-06
6.26244282343691e-05
0.00014825474867646
0
6.85695069875843e-05
0.00885443972069459
0.00014825474867646
0.000342160923384956
0.000157700621027912
0.000204812167160956
9.85563222581852e-05
0.00913048907176769
7.81260838508489e-05
0.00262104249393642
0.00220048834209962
4.49752594888749e-05
0.000554694552669784
5.51502315935604e-05
7.4194695182356e-05
0.000214115298217822
2.11706007608054e-05
0.00014827001680138
2.90000039832317e-05
0.000236354151150866
0.00196383694039624
0.00205125833684666
2.12748994705013e-07
7.74075289658973e-08
0.0014130737324058
1.60681477579838e-05
8.23002690043078e-07
7.17699240261169e-05
0.000264570657728755
0.00010099195216846
0.000144657541667889
5.00293466462747e-05
0.000465103529263549
0.00025604530763862
6.863396395082e-05
0.000143568841469287
0.000143568841469287
0.000229933184346594
0.00220048834209962
0.0022821440172718
0
0.000134171088817161
4.67628555995434e-05
2.90000039832317e-05
3.28769975086376e-05
1.0288257211688e-05
0.000191503380935009
0.000153291862648407
0.00802474833111226
0.000358917072441308
0.0098889140617524
4.84600341714806e-05
7.25250426843167e-05
0.000290146786874814
0.000120218632299136
2.92301759307463e-05
0
0.000290760205028884
0
0.000972598925390208
0.000604026853575227
6.04573950061483e-05
3.85582348256654e-05
0.000110965762503331
6.04573950061483e-05
0.000204812167160956
0.000157700621027912
0.000110467496891232
0.000659708373401285
0.00509636907553772
1.60681477579838e-05
7.17699240261169e-05
5.59869734624663e-05
0.00985149555435417
0.00276101700438123
0.00255097584689076
0.000136297230344233
9.99996798547407e-06
0.000144657541667889
0
0
0.000771480825540252
0
0.000364337654334687
0
5.09239259449949e-07
2.04472718023125e-07
0.000141369635101278
0.000217539360074747
7.99855775848162e-08
0.000290146786874814
5.09239259449949e-07
0.000116637337192373
0.00011546762247613
0.000127543510429679
0.00137917231063809
2.68549199576041e-06
0.000193840136685923
4.97550280522938e-06
5.09239259449949e-07
1.93869007701478e-06
2.50183472476763e-05
3.0607591410392e-06
1.14220963352163e-05
4.50590518447902e-06
4.34072808617757e-06
1.01248063454948e-05
7.52448801657149e-06
2.45932950569843e-05
3.07051973746657e-05
4.57500951624069e-05
9.11982041886425e-06
5.57952262441424e-06
2.89840392287453e-05
0.000300450040016752
0.000527158330957203
0.000527158330957203
0.000514625577176683
1.90605976280195e-05
1.1464269562955e-05
1.37000837470274e-05
0.00018867461219401
0.000215389931363448
0.000134586378349423
0.00018193064467222
0
0.000319087715428758
1.20824594549929e-05
0.000185913286435126
0.000516963395458092
1.5147408566222e-05
2.3325418009918e-05
0.000522429265212698
1.69998596738976e-06
1.7321762399762e-06
0.000293139199092325
2.45759768621236e-07
0.000180156989138548
0.000161146620096261
2.45268618522496e-05
3.50940936988789e-06
1.58288377036673e-06
1.01876478661148e-06
0.000314454971552151
0.000154119623087884
2.43636105760337e-07
0.000154966062084064
0.000164496311007706
3.40034301505555e-05
0
1.27903881266435e-06
1.05664846039296e-05
0.000192613300377784
2.20538431582085e-06
3.13631930069477e-05
1.86522712945549e-05
9.95760829861808e-06
2.65041849016823e-05
0
0
2.89840392287453e-05
0
0.000287693114258537
0.000119154703709068
0.00011546762247613
5.66427704645131e-05
0.00010340423290351
1.58288377036673e-06
2.15184460132586e-06
0.000129190209938942
0.000154966062084064
2.3434549322644e-05
0
4.58381805317209e-07
9.57896169782504e-07
2.86691134825336e-07
2.45932950569843e-05
2.45932950569843e-05
4.59726784680856e-06
7.34543063914164e-06
9.48166573714106e-06
0
2.45932950569843e-05
0.000471685311664148
0.000247382092806248
3.06523810111731e-06
1.57482784747079e-05
0.000200082786898804
0.000325341328417218
0.000189625905950685
8.70717115670033e-06
0.000192613300377784
2.62473042042455e-06
1.41754473713478e-06
0.000287693114258537
1.65736286504017e-05
2.41291752218969e-05
0.000111250146484299
0.00274822260911897
0.000222190944776268
0.000184002994090487
0.000133240650005836
0.000108438161113476
5.0145277297609e-05
2.00621658156542e-05
1.90605976280195e-05
1.25853884102041e-05
1.14220963352163e-05
0.000277763330613363
0.000250501145383118
0
2.3582225296867e-05
1.09184890771223e-06
2.68549199576041e-06
0
4.19213407360203e-06
0.000184720906231478
0.000169388523207205
1.29324967931575e-06
2.7010119648414e-06
2.7010119648414e-06
2.51056915371984e-06
2.41629284856849e-05
1.58288377036673e-06
0.00023785606987344
0.000287236191579108
7.99855775848162e-08
3.73286317214905e-06
1.61624316050565e-06
4.15800471927752e-06
0.000170441490864473
9.71245410609844e-05
0
4.89448932073115e-05
5.18240062869779e-05
8.83299269891352e-06
3.04670788698138e-05
0.00158686222184939
0.000146171807704846
3.68444459589187e-07
9.69285677516495e-05
1.94257771568558e-05
2.14477077156704e-06
3.365854229789e-05
1.94257771568558e-05
8.88210288605e-06
2.96386251439064e-05
4.82319243491206e-05
0
6.935826299836e-06
0.000403567285020092
7.92093925341779e-06
0.000154501255154251
0.000248860461905551
2.02766428020099e-05
1.2883912224909e-05
1.44169474797357e-05
2.02766428020099e-05
0
1.44169474797357e-05
6.84042114819439e-06
2.02766428020099e-05
1.89633660352463e-05
0
8.92390768865437e-05
3.40787863371875e-08
0
0.000303333839455046
0.00222985354459524
5.1419733776003e-05
2.14477077156704e-06
5.77893986546372e-05
4.9845930241477e-05
3.85282276020071e-05
3.85282276020071e-05
0.000670874987833873
1.79974432277353e-05
2.04472718023125e-07
1.3631514534875e-07
1.17339279112237e-05
0.000120414819013761
1.31466934364901e-05
0.000576613064825213
6.42044334592613e-05
4.0894543604625e-07
2.14477077156704e-06
2.14477077156704e-06
1.2883912224909e-05
1.28722352741563e-05
5.77893986546372e-05
0
0
2.16090486092621e-07
0.000277128690494009
0.000277128690494009
0.000160647398793502
2.14477077156704e-06
2.55278339447039e-05
7.22414447649713e-06
7.22414447649713e-06
0.000129705173282822
2.95199470576685e-05
3.68444459589187e-07
4.27347980668331e-05
8.76507043979581e-05
0.00010467531559378
1.79974432277353e-05
1.2883912224909e-05
1.24784539165196e-05
6.83958858655442e-08
0
2.37188352906825e-05
7.22414447649713e-06
6.02681823426281e-05
0.000267309908946653
8.08048166718249e-05
3.85668627897476e-05
7.22414447649713e-06
0.000277128690494009
6.42044334592613e-05
5.3021547060452e-05
2.96386251439064e-05
0.000120414819013761
9.87616683694686e-05
0.000228267878450023
4.74754740311229e-05
0.000166780810936335
9.22225773706042e-05
1.10239461776393e-05
1.10239461776393e-05
2.02766428020099e-05
2.02766428020099e-05
2.02766428020099e-05
1.44169474797357e-05
0.000403567285020092
0.000303333839455046
0.000154501255154251
7.22043699756013e-05
2.62283637019336e-07
2.21626503900734e-05
2.14477077156704e-06
0.00067128393326992
0
3.68444459589187e-07
0.000120414819013761
9.41647534528402e-06
2.41398664363858e-05
1.67063017655916e-05
9.71245410609844e-05
0.000503600173093583
0.000252687427258873
0
3.68444459589187e-07
9.41647534528402e-06
8.12765275922249e-05
2.02766428020099e-05
2.14477077156704e-06
1.3631514534875e-07
0.00015533924555928
0.00015533924555928
7.9402773769744e-05
7.22414447649713e-06
0
7.80019722822086e-05
2.27086097915639e-05
5.92344336199069e-05
0.00010467531559378
0
0
0
6.83958858655442e-08
6.83958858655442e-08
0
0.000598380619835559
9.69285677516495e-05
4.9868624006751e-07
7.22414447649713e-06
2.66708463832149e-05
7.22414447649713e-06
0.00042051488689748
0.000483732380055879
1.27795448764453e-07
4.23274201074312e-06
0.00101531248433705
0.000192511009300786
0.00107258131208898
0.00049200133543867
2.52096885698951e-06
0.00155120861700888
4.89231047387683e-07
4.21010768992281e-06
0
6.38733823919857e-07
5.65870444868568e-06
5.65870444868568e-06
0.00130535370926667
6.00424477781453e-07
2.61208705085794e-05
0
8.35780546914645e-06
2.95830547487649e-05
9.5088655370584e-06
8.50902046466549e-06
0
2.89994818595488e-05
2.06959757028419e-05
2.33403355608271e-05
1.05026025815432e-05
0.000787557880545733
0.00218049706499861
0.00213653543062363
9.58075530461058e-05
5.40646653199653e-05
0.000290555732310861
5.62741178289085e-05
0.000267876526964019
6.81154598195284e-06
8.92505857408133e-06
4.89231047387683e-07
1.2158341004688e-05
2.08197570496498e-06
1.43428817316628e-05
2.17728962393027e-05
7.4240216390347e-05
5.62741178289085e-05
2.54898747905949e-06
0.000181167827701418
4.27347980668331e-05
2.76695560716572e-05
7.35559781542929e-06
1.36337614878203e-06
7.06235949008985e-06
2.52096885698951e-06
0.000294892003611628
0.000211790863626345
0.00137272431383499
0.000663698285394192
4.0894543604625e-07
0.000151863681463751
0.000211790863626345
5.70550788210536e-05
7.26108939514457e-06
8.50902046466549e-06
3.26099409930601e-05
1.49203487151194e-05
0.000240469504890145
8.79347717788215e-06
1.75443734736554e-05
7.06235949008985e-06
7.06235949008985e-06
7.40194487386011e-05
1.31963275341098e-05
2.62178985593503e-06
0.000167209270587699
7.29837878233536e-05
1.0140005311771e-05
0.000188114900581275
1.14335147226815e-05
0
1.97761377980793e-06
8.24909896493582e-07
7.06235949008985e-06
0
1.64661888635603e-06
0
0
8.506065069762e-05
2.41508268758747e-05
0
8.58212662985576e-07
3.15670784509647e-06
3.15670784509647e-06
1.64661888635603e-06
0.000236050471513122
1.6967918716533e-05
0.000240469504890145
7.06235949008985e-06
5.70550788210536e-05
0.000788657307179576
8.52223292216131e-05
0.000294892003611628
0.000787557880545733
0.000248420637749063
0.000996256342507118
0
0.00014910783733198
7.28063467277458e-05
0.000860291252604603
0.000634430526539289
4.23274201074312e-06
8.50902046466549e-06
6.5863221395918e-06
7.93537700841781e-07
0.00216413924755676
0.000937714699910916
0.00123921838007931
2.94416211398969e-05
2.98938923999982e-05
0.00212654924274015
9.58075530461058e-05
0.00106468944274641
7.05057852079094e-05
2.08562172383588e-05
0.000126977557892361
0
0
4.49964441847825e-05
0.00106468944274641
2.06959757028419e-05
9.58075530461058e-05
1.44514643203348e-05
2.50235342042232e-05
4.21010768992281e-06
7.05057852079094e-05
1.02846830306259e-05
0.000537284775295679
0
4.98865732564081e-05
2.02686582957762e-05
0.000168895050887995
7.29259813164784e-05
2.74453374933658e-06
9.94040657809447e-06
5.4564468927332e-07
4.79122808770126e-05
1.527563965845e-06
0.00039064456615612
5.4049448286966e-06
5.4049448286966e-06
5.4049448286966e-06
0
2.04472718023125e-07
1.83744239357294e-06
4.338718410679e-06
0
0
0
1.06591750407036e-05
1.08754140112217e-05
2.74453374933658e-06
1.12514469446023e-05
8.84390155192904e-05
0.00018286019131795
2.54062265837362e-06
3.62231925661395e-06
2.9079751381008e-05
8.84390155192904e-05
3.67111808643338e-07
1.40600292140137e-06
0.000137884080242812
7.29259813164784e-05
0
0
2.54062265837362e-06
0
5.4049448286966e-06
9.01384190508174e-06
3.62231925661395e-06
5.4049448286966e-06
3.62231925661395e-06
3.62231925661395e-06
4.0894543604625e-07
5.4049448286966e-06
2.04472718023125e-07
0
0
3.62231925661395e-06
2.54062265837362e-06
4.67966380772536e-06
3.62231925661395e-06
1.76041273421814e-06
2.40772561206547e-06
0.000157362034594835
0
7.48370147964638e-05
4.0981455693536e-05
0
8.1572555961789e-06
7.29259813164784e-05
0
0.000146686055823134
2.9079751381008e-05
2.09615157787013e-05
0.000117727622426842
1.8730165681641e-06
1.36073566435896e-05
3.08682784339422e-06
1.36073566435896e-05
0.00018286019131795
7.02567944213598e-05
4.0981455693536e-05
0
4.0894543604625e-07
5.03002886336888e-05
0.000146686055823134
5.71022899606296e-07
3.62231925661395e-06
0
2.53546170348675e-05
5.88346654475232e-06
2.40772561206547e-06
3.41580285665106e-05
0.000100077799865216
3.82623034757691e-06
0.000222164851022331
5.88346654475232e-06
0.000273623446396557
3.62231925661395e-06
3.62231925661395e-06
5.71022899606296e-07
0.000790082582441355
5.4049448286966e-06
5.4049448286966e-06
1.527563965845e-06
4.79122808770126e-05
9.38987483846229e-06
1.23017359716382e-05
0.000128938869497853
0.000328517727466694
0
0
0
3.82623034757691e-06
3.82623034757691e-06
0
0
0
0
5.4564468927332e-07
1.1728405148344e-05
5.25038880288984e-05
1.68343343800492e-05
2.02686582957762e-05
1.06591750407036e-05
5.4564468927332e-07
1.23017359716382e-05
4.36522294723963e-05
0.000111599583009492
0.000111599583009492
4.28375793203756e-05
2.96338669247156e-05
9.57981596906435e-05
0.000244775285133118
6.13418154069375e-07
5.88346654475232e-06
1.36073566435896e-05
0
5.71022899606296e-07
0
0.000456927781408115
0.00039064456615612
0.000137884080242812
0.000655580428525743
0.000117727622426842
9.94040657809447e-06
9.94040657809447e-06
5.4049448286966e-06
5.4049448286966e-06
2.04472718023125e-07
9.57981596906435e-05
3.69130794833428e-06
1.92231794365786e-05
0
1.02236359011563e-06
8.91848630957124e-06
0
3.36984147662728e-06
5.04376466499601e-06
5.22548544175097e-06
2.55590897528906e-07
3.06709077034688e-07
4.91927280777301e-06
1.53354538517344e-07
5.7289987820419e-06
3.06709077034688e-07
1.02236359011563e-06
4.62059189566831e-07
5.68091689482968e-06
0
2.98189380450391e-06
3.23066894476538e-05
0
1.14126417687084e-06
1.59609377246336e-06
1.32798120153742e-06
1.59609377246336e-06
1.32798120153742e-06
7.49733299418125e-07
2.41959382994031e-06
6.1169460524338e-06
3.61558419685427e-06
5.7289987820419e-06
7.23909289419097e-06
3.19402913312529e-06
1.32798120153742e-06
4.20707190958351e-06
2.28600715354334e-07
1.27086238530275e-06
2.76038169331219e-05
0
2.9985440371073e-05
5.22601887015678e-06
9.50905322204863e-08
1.59609377246336e-06
2.5777511673362e-06
1.14483836251365e-06
1.14483836251365e-06
2.23071055020334e-06
1.29172596136706e-06
0
1.36955103970271e-05
4.15193213541401e-07
2.3676217494607e-06
9.61532956503745e-06
4.34896431842018e-05
1.47369969608022e-06
1.43985554358137e-07
3.98829901996796e-06
1.32798120153742e-06
3.94855297960746e-05
2.5777511673362e-06
3.25356294213986e-05
3.89280441425024e-06
1.52944529011403e-06
6.15973013602835e-06
2.76702829017629e-06
3.36984147662728e-06
6.07373997929115e-06
2.19058438575441e-05
6.07373997929115e-06
1.59609377246336e-06
2.05843071078866e-06
4.78466160174113e-05
5.65621679573743e-06
2.1154142290109e-06
1.22737855684267e-05
7.50168136428312e-06
3.2660317366701e-05
5.22548544175097e-06
1.43985554358137e-07
3.19402913312529e-06
1.47369969608022e-06
5.82880608420329e-06
2.7808289651145e-05
6.79355079915375e-06
0
0
2.55590897528906e-07
0
4.93540435963163e-06
1.59609377246336e-06
1.0939576790593e-08
0
4.38512386451306e-06
0
4.0552390468783e-06
5.13262812257995e-05
1.03168944813914e-05
1.02475718085049e-06
3.36984147662728e-06
9.03087837935469e-07
0
7.08959144280884e-06
5.62162305650618e-05
7.59589949804665e-07
1.01615127131688e-06
6.62233430579345e-06
0
7.59231923144484e-06
3.36984147662728e-06
6.90436211191419e-06
4.65113109808923e-06
6.720089135331e-06
7.02022998546063e-07
3.96506679033177e-06
1.47369969608022e-06
1.37173980696735e-05
0
1.30309743644297e-06
9.1091029000889e-06
1.32798120153742e-06
3.06709077034688e-07
3.06709077034688e-07
0
0
0
0
2.18785808284744e-05
3.14538772616846e-06
2.76038169331219e-05
1.59609377246336e-06
4.44728161700297e-06
0
6.56951508117216e-06
1.81346453299447e-06
1.59609377246336e-06
3.36984147662728e-06
2.94279522551918e-06
3.19402913312529e-06
3.32927148953732e-06
5.22548544175097e-06
2.23071055020334e-06
7.76996328487875e-05
4.75368358287666e-06
4.86520301827926e-05
2.07969112984992e-07
1.09733692005744e-05
0
7.31504750984133e-06
0
1.80753882732443e-05
2.34657587466395e-05
1.32486628197653e-05
0.00012565341247496
0.0005888814279066
1.7620791458281e-05
0.000519870286282754
0.000602172154578103
3.40935628933781e-05
4.99784685861411e-05
8.77988948764096e-05
4.49562919724716e-05
2.57062991374083e-05
8.85982629472496e-05
4.99784685861411e-05
1.80010906736282e-06
8.26850097639044e-05
3.96294530719114e-05
3.93674646000243e-05
3.96294530719114e-05
0.00046898503801254
4.91059327133757e-06
1.10667344225818e-05
2.50197189968876e-05
3.29900060055661e-05
1.63281749044805e-06
2.57062991374083e-05
1.80010906736282e-06
0
3.65132470922567e-05
7.99799334845398e-05
1.80010906736282e-06
3.24950849120397e-05
8.80913907625405e-06
5.87466568146805e-05
0
0
0
6.16302767835481e-07
0
0.000165867722890213
4.21232655136271e-05
0.000374156386750685
1.80010906736282e-06
7.31504750984133e-06
1.21709598293797e-06
1.80010906736282e-06
0.000166252459588893
0.000238936737905823
0.000562464574896431
1.80010906736282e-06
5.08620346857915e-05
3.36765861460869e-05
0
3.36765861460869e-05
1.63281749044805e-06
2.92022614459145e-05
0.000450862343240991
0.000129938385084144
1.80010906736282e-06
1.04281086191794e-05
1.44615594178625e-05
1.63281749044805e-06
1.63281749044805e-06
1.80010906736282e-06
1.63281749044805e-06
2.57062991374083e-05
7.31504750984133e-06
1.80010906736282e-06
1.21709598293797e-06
3.92159809005143e-05
0.000156320875944676
1.80010906736282e-06
7.99633806255709e-05
6.67062057328655e-06
1.09733692005744e-05
7.48642778255336e-05
0.000487165393219457
1.22807130147263e-05
6.98866377483437e-06
0.000471514087761326
2.0859712492633e-05
2.24919989825438e-06
1.63281749044805e-06
0
2.07969112984992e-07
5.70266547724378e-05
3.15978506918403e-05
7.48642778255336e-05
2.82513138735284e-05
0.000258657988299253
2.39395865605732e-05
3.06947628539048e-06
0.000115703459484021
3.36765861460869e-05
3.93674646000243e-05
2.82325805454188e-05
0
5.51377286635008e-05
9.1460646771744e-05
3.96294530719114e-05
0.000237188352906825
4.70766286050251e-05
0.000389616494405942
0
1.63281749044805e-06
1.81622246181204e-06
0
0
0.000516293613008391
1.26773085174338e-05
1.26773085174338e-05
3.01425456084822e-06
3.53499776672223e-05
1.81646681685844e-05
1.63281749044805e-06
5.75937111832432e-05
3.81369031939062e-05
8.37460459890732e-05
2.06159586332667e-05
1.81646681685844e-05
3.96224096321e-05
1.17478065059463e-06
1.63281749044805e-06
1.63281749044805e-06
1.63281749044805e-06
0
0
2.34804622942506e-05
3.53499776672223e-05
0
8.06844818617369e-06
0
0.000151514284055136
1.51602459935868e-05
0.000131884903124916
1.14028650660255e-05
1.75300353396218e-06
5.28325000996151e-06
1.14028650660255e-05
0
1.98338536482431e-06
0.00013740566651154
2.92775605488392e-06
5.59470555791238e-06
2.96485441133531e-05
6.56455096705133e-06
1.68090593081998e-05
0
9.19838881628899e-06
5.84791973546138e-05
7.34721157129077e-06
5.11181795057813e-08
6.7415848820995e-06
5.94261606234279e-06
5.24613194818188e-06
4.97438253441649e-06
1.01912382697496e-05
2.64660168351839e-05
3.58053724730977e-06
3.6985757512174e-06
2.19890581041249e-06
0
4.50215002060975e-06
2.30295206582293e-06
0.00014722035697665
7.04900946819616e-06
2.19890581041249e-06
1.14028650660255e-05
5.28325000996151e-06
1.23383289955318e-06
4.09747799622451e-06
4.93120430543136e-07
4.06156130341004e-06
9.23473447062283e-06
4.97438253441649e-06
8.06844818617369e-06
4.06156130341004e-06
0
4.17124344767175e-05
0
1.02236359011563e-07
4.52778298107469e-06
6.7415848820995e-06
4.06156130341004e-06
4.93120430543136e-07
4.52778298107469e-06
2.22186725732673e-06
3.6985757512174e-06
2.77977648173874e-06
1.15348634495869e-06
3.950062439413e-06
2.5977201087686e-06
1.16921580043331e-05
5.24613194818188e-06
1.35049238836209e-06
2.92775605488392e-06
1.10895141233376e-05
2.53546170348675e-05
1.1450472209295e-05
6.05614191435889e-06
1.28120349081747e-05
5.11181795057813e-08
4.82223564821545e-06
0
5.11181795057813e-08
6.05614191435889e-06
3.04153882998972e-05
2.20339901173444e-05
2.96485441133531e-05
2.53546170348675e-05
4.72331978633419e-05
3.78274528342781e-06
1.10895141233376e-05
5.84791973546138e-05
1.16549449273181e-05
4.50215002060975e-06
2.22186725732673e-06
7.06985189857328e-06
2.5977201087686e-06
5.74573227375485e-05
2.92775605488392e-06
3.30170662123832e-06
5.65552263154858e-06
0
5.11181795057813e-08
3.04153882998972e-05
6.66231534741674e-06
9.29095750865062e-06
1.00524929851552e-06
2.19890581041249e-06
0
0
1.51898044896634e-05
9.15141719144804e-06
3.40787863371875e-08
0
0
0
2.76688156878113e-06
2.37931890063273e-06
7.15654513080938e-05
1.27430787026037e-05
3.74499647394662e-06
1.04595659604137e-06
0
0
6.91117786918163e-05
2.37931890063273e-06
2.76688156878113e-06
1.50774287551814e-07
5.2902764807585e-07
0
5.2902764807585e-07
0
1.32833922425975e-05
0
3.38224708206978e-06
2.40408985461768e-06
8.68497869803224e-07
1.60282643432047e-07
0
2.40408985461768e-06
2.55853042039192e-06
2.04472718023125e-07
5.2902764807585e-07
5.85619601214326e-07
0
2.40408985461768e-06
2.32628648744125e-05
4.19169071947406e-08
2.86261805232375e-05
2.04472718023125e-07
3.74499647394662e-06
5.85619601214326e-07
3.96362499552519e-06
3.38224708206978e-06
4.31061314063997e-06
4.19169071947406e-08
5.2902764807585e-07
1.04595659604137e-06
0
1.27430787026037e-05
7.94582480206494e-06
0
7.90656854482941e-06
6.65594461166318e-06
2.85995728554434e-06
0
2.04472718023125e-07
5.2902764807585e-07
0
0
5.561657930229e-05
2.39862226911743e-06
1.11636861150421e-05
4.31061314063997e-06
5.2902764807585e-07
0
0
5.2902764807585e-07
8.64764370238514e-06
2.04472718023125e-07
6.13418154069375e-07
2.76688156878113e-06
0
0
0
4.29916996869135e-07
5.31629066860125e-05
3.25216479460883e-06
0
0
5.43897429941513e-05
1.01092285470243e-06
3.59893772355321e-07
7.90656854482941e-06
1.11636861150421e-05
1.69869642665365e-06
0
1.50774287551814e-07
2.85995728554434e-06
0
5.2902764807585e-07
2.40408985461768e-06
1.03359835484217e-06
1.03359835484217e-06
0
2.04472718023125e-07
0
2.86261805232375e-05
6.62491606394925e-05
6.29146824686539e-08
0
0.00014165871319275
1.57443992877806e-05
4.87764238644016e-05
3.42799673709245e-05
7.39428582670207e-05
8.18022992767053e-05
7.19949038913519e-07
0.00025518195209286
2.29398916029753e-05
2.65847235216517e-05
1.6296364958177e-05
0
0.000246185152499843
2.15637802175468e-05
8.44135356995663e-07
1.43130902616188e-05
1.53506480957297e-06
7.8075657661538e-05
1.15719461831075e-05
0
1.66880721892687e-05
1.02236359011563e-07
5.06856443584617e-06
8.44135356995663e-07
0
0
2.29398916029753e-05
8.44135356995663e-07
1.31313622671639e-05
1.02236359011563e-07
7.51680658637392e-06
0.000253546170348675
0
1.50443934418938e-05
0.000122264525149786
8.44135356995663e-07
0
7.98535996746011e-06
0.000249047770552166
5.76015367478186e-05
8.44135356995663e-07
3.8338634629336e-05
1.55585486570568e-05
1.55585486570568e-05
0.000149225384477806
0
1.02236359011563e-07
1.55585486570568e-05
1.02236359011563e-07
1.91181991351622e-05
8.44135356995663e-07
9.95673950149326e-06
8.44135356995663e-07
5.63609032705435e-06
0.000256408788400999
2.90386547234519e-05
2.29593651951681e-05
4.87764238644016e-05
0
1.03868017260306e-05
4.0894543604625e-07
1.03868017260306e-05
8.44135356995663e-07
0.000134951993895263
1.8709253699116e-05
0.000124728357994106
9.20127231104064e-06
8.44135356995663e-07
1.50680165189549e-05
3.81097573142667e-05
1.91181991351622e-05
1.55585486570568e-05
0
8.44135356995663e-07
6.426291317231e-05
2.29593651951681e-05
7.55114160418734e-08
2.65847235216517e-05
7.59490484531931e-06
0
0
4.29976915614344e-05
