3128
3128
208.533333333333
164.631578947368
164.631578947368
10.6757679180887
17.0928961748634
6.84463894967177
51.2786885245902
26.2857142857143
240.615384615385
16.6382978723404
10.4266666666667
10.4266666666667
6.75593952483801
6.39672801635992
9.25443786982249
7.85929648241206
12.9256198347107
10.9370629370629
14.8952380952381
15.1111111111111
14.6168224299065
16.6382978723404
12.5622489959839
9.28189910979228
10.6757679180887
10.8611111111111
240.615384615385
240.615384615385
164.631578947368
22.0281690140845
49.6507936507937
17.2817679558011
8.43126684636119
7.76178660049628
31.5959595959596
15.1844660194175
18.508875739645
18.508875739645
15.1844660194175
15.1111111111111
15.1111111111111
13.3675213675214
16.4631578947368
16.1237113402062
16.1237113402062
15.1111111111111
9.93015873015873
7.82
3128
36.8
13.1428571428571
12.9792531120332
8.4769647696477
49.6507936507937
31.28
240.615384615385
41.7066666666667
53.0169491525424
16.9081081081081
10.496644295302
208.533333333333
10.9370629370629
18.2923976608187
208.533333333333
10.9370629370629
208.533333333333
48.1230769230769
17.5730337078652
17.1868131868132
17.1868131868132
17.1868131868132
17.8742857142857
17
16.9081081081081
10.4266666666667
3128
18.4
16.8172043010753
17.1868131868132
9.62461538461539
8.43126684636119
37.2380952380952
54.8771929824561
42.8493150684931
49.6507936507937
7.78109452736318
8.38605898123324
50.4516129032258
8.45405405405405
15.3333333333333
16.4631578947368
7.02921348314607
13.6593886462882
7.93908629441624
26.2857142857143
16.1237113402062
16.8172043010753
8.40860215053763
16.3769633507853
38.6172839506173
17.9770114942529
8.73743016759776
10.4615384615385
11.3745454545455
9.68421052631579
15.2585365853659
41.7066666666667
15.1111111111111
44.6857142857143
50.4516129032258
48.1230769230769
42.8493150684931
37.6867469879518
17.5730337078652
17.7727272727273
17.2817679558011
9.2
6.84463894967177
15.1111111111111
17.5730337078652
164.631578947368
16.8172043010753
15.1844660194175
15.0384615384615
16.9081081081081
7.76178660049628
42.8493150684931
17.0928961748634
3128
12.21875
17
17.8742857142857
17.5730337078652
17.4748603351955
17.9770114942529
10.3234323432343
3128
16.9081081081081
16.6382978723404
17.1868131868132
11.8037735849057
18.4
10.3234323432343
10.3576158940397
17
51.2786885245902
6.38367346938776
12.0772200772201
16.8172043010753
18.2923976608187
14.9665071770335
9.2
1.85637982195846
14.6168224299065
14.4147465437788
7.91898734177215
14.6168224299065
14.0900900900901
8.61707988980716
1.50819672131148
1.62324857291126
1.38101545253863
9.14619883040936
1.78538812785388
1.40647482014388
10.4266666666667
1.41346588341618
11.5424354243542
1.30659983291562
3128
1.98729351969504
1.93564356435644
1.6198860693941
1.61821003621314
2.01806451612903
1.51918406993686
391
14.7547169811321
14.6854460093897
1.27257933279089
1.52288218111003
1.51550387596899
14.8952380952381
15.1844660194175
2.00899165061015
15.4851485148515
1.52288218111003
14.0269058295964
14.6168224299065
13.9642857142857
13.5411255411255
1.60574948665298
1.69081081081081
1.52510970258411
1.52214111922141
1.52288218111003
9.47878787878788
1.61821003621314
1.61570247933884
1.52214111922141
1.52214111922141
1.87417615338526
1.81228273464658
1.52066115702479
1.52510970258411
1.61320268179474
1.61320268179474
1.75041969781757
1.59591836734694
312.8
347.555555555556
1.8028818443804
3128
347.555555555556
284.363636363636
1.89346246973366
1.89690721649485
1.86412395709178
1.85858585858586
312.8
391
1.51844660194175
1.4257064721969
1.75041969781757
1.51330430575714
1.52510970258411
1.38101545253863
1.52214111922141
1.51770984958758
1.51844660194175
1.85637982195846
1.80913823019086
11.0140845070423
1.29470198675497
15.3333333333333
1.40710751237067
1.51918406993686
446.857142857143
1.80913823019086
1.51697381183317
1.51697381183317
1.52066115702479
3128
1.52510970258411
1.52585365853659
1.52734375
1.52214111922141
1.52214111922141
1.52140077821012
1.52214111922141
1.6198860693941
1.4250569476082
3128
1.52510970258411
1.52214111922141
1.52066115702479
1.61737331954498
1.60081883316274
1.74748603351955
1.86301369863014
14.9665071770335
11.0921985815603
14.4147465437788
1.52288218111003
1.40900900900901
1.89805825242718
12.8724279835391
8.61707988980716
11.1714285714286
12.512
1.41602535083748
1.4115523465704
9.22713864306785
9.2
10.9754385964912
12.9792531120332
12.8724279835391
12.3149606299213
13.0333333333333
13.0878661087866
1.41410488245931
10.7123287671233
10.1889250814332
10.3920265780731
14.283105022831
8.8361581920904
1.51992225461613
1.80392156862745
1.42635658914729
1.86301369863014
1.89575757575758
1.51770984958758
1.78845054316752
1.41410488245931
1.51918406993686
1.52288218111003
12.9792531120332
12.9256198347107
14.348623853211
13.0878661087866
14.6168224299065
14.4814814814815
15.1111111111111
14.283105022831
11.5851851851852
15.1111111111111
1.79152348224513
1.9003645200486
1.6745182012848
347.555555555556
1.27673469387755
1.09985935302391
1.45488372093023
1.36118363794604
1.24028548770817
1.26486049332794
1.96235884567127
2.00384368994234
1.88433734939759
1.96112852664577
1.908480780964
1.85308056872038
1.59918200408998
1.36534264513313
625.6
1.6745182012848
1.52214111922141
1.17638209853328
2.00127959053103
1.36355710549259
782
1.45556072591903
1.4468085106383
1.4468085106383
1.58620689655172
1.44747801943545
1.90499390986602
1.70184983677911
1.6745182012848
1.44747801943545
1.52214111922141
1.03064250411862
1.36118363794604
1.36593886462882
1.51257253384913
1.83891828336273
260.666666666667
84.5405405405405
347.555555555556
1.03064250411862
136
136
1.98982188295165
1.96112852664577
1.96235884567127
1.95989974937343
1.95867251095805
1.91549295774648
1.65677966101695
1.78030734206033
1.9131498470948
1.91432068543452
1042.66666666667
347.555555555556
115.851851851852
1.36118363794604
1.03064250411862
1.54012801575579
1.36653560506772
1.96359070935342
1.76523702031603
1.36653560506772
1.45353159851301
1.36534264513313
1.34306569343066
148.952380952381
260.666666666667
347.555555555556
1.36653560506772
1.45285647933117
1.36118363794604
1.35940895262929
1.3605915615485
1.69815418023887
1.35881841876629
1.36534264513313
1.17638209853328
100.903225806452
136
148.952380952381
1.59347936831381
1.99235668789809
2.0259067357513
1.24028548770817
1.02759526938239
1.36653560506772
1.35822839774208
284.363636363636
136
120.307692307692
2.01806451612903
1.98225602027883
2
1.45420734542073
1.09754385964912
1.86079714455681
142.181818181818
82.3157894736842
2.00641436818473
1.908480780964
1.84651711924439
1.65765765765766
1.4488188976378
1.36653560506772
1.09985935302391
260.666666666667
100.903225806452
312.8
1.17726759503199
115.851851851852
115.851851851852
1.96359070935342
1.45488372093023
1.2663967611336
1.70184983677911
1.62072538860104
782
1.84869976359338
1.99872204472843
2.02328589909444
1.96235884567127
1.96235884567127
1.91784181483752
284.363636363636
1.70184983677911
2.0259067357513
2.00641436818473
1.90731707317073
1.77828311540648
1.90383444917833
13.1428571428571
15.4088669950739
9.83647798742138
6.57142857142857
15.1844660194175
15.2585365853659
240.615384615385
240.615384615385
195.5
5.80333951762523
15.2585365853659
42.8493150684931
37.6867469879518
42.8493150684931
41.1578947368421
30.6666666666667
34.7555555555556
21.8741258741259
7.57384987893462
14.7547169811321
45.3333333333333
30.368932038835
18.508875739645
5.14473684210526
4.14854111405836
30.970297029703
6.44948453608247
13.8407079646018
14.8952380952381
14.824644549763
9.83647798742138
6.57142857142857
15.0384615384615
15.1844660194175
15.4088669950739
12.8196721311475
6.90507726269316
15.2585365853659
15.2585365853659
11.4578754578755
14.6168224299065
9.06666666666667
6.44948453608247
15.3333333333333
15.3333333333333
13.719298245614
15.3333333333333
13.5411255411255
13.3106382978723
37.2380952380952
8.2532981530343
15.4088669950739
36.3720930232558
44.6857142857143
26.2857142857143
15.2585365853659
14.6854460093897
12.8724279835391
30.6666666666667
3128
26.2857142857143
21.8741258741259
6.55765199161426
14.824644549763
12.4126984126984
260.666666666667
5.79259259259259
156.4
15.0384615384615
240.615384615385
5.77121771217712
14.824644549763
13.8407079646018
3128
24.8253968253968
14.7547169811321
7.48325358851675
173.777777777778
195.5
14.8952380952381
13.8407079646018
9.83647798742138
14.7547169811321
42.2702702702703
6.44948453608247
28.962962962963
42.2702702702703
42.2702702702703
31.5959595959596
37.2380952380952
37.6867469879518
13.3675213675214
35.9540229885057
41.7066666666667
13.5411255411255
13.9022222222222
15.1111111111111
13.3675213675214
240.615384615385
260.666666666667
9.83647798742138
13.3675213675214
15.1111111111111
15.1111111111111
15.1111111111111
15.2585365853659
13.9022222222222
15.3333333333333
6.55765199161426
7.4653937947494
156.4
10.1889250814332
11.2114695340502
11.6282527881041
35.1460674157303
4.6
8.56986301369863
14.6854460093897
18.508875739645
43.4444444444444
17.5730337078652
18.508875739645
625.6
43.4444444444444
18.2923976608187
18.4
625.6
43.4444444444444
52.1333333333333
39.1
10.7123287671233
521.333333333333
52.1333333333333
10.7123287671233
8.66481994459834
18.4
43.4444444444444
10.7123287671233
43.4444444444444
39.5949367088608
28.697247706422
51.2786885245902
48.875
3128
3128
21.2789115646259
3128
8.52316076294278
8.36363636363636
3128
15.64
18.4
18.2923976608187
3128
15.2585365853659
12.6129032258065
19.3086419753086
18.9575757575758
18.4
20.0512820512821
17.5730337078652
18.508875739645
18.508875739645
17.7727272727273
13.9022222222222
18.7305389221557
43.4444444444444
782
10.7123287671233
17.5730337078652
38.6172839506173
21.4246575342466
17
18.2923976608187
18.508875739645
28.697247706422
44.056338028169
1042.66666666667
1042.66666666667
6.99776286353468
44.6857142857143
28.697247706422
12.4126984126984
12.6129032258065
10.7123287671233
10.2222222222222
17.7727272727273
18.508875739645
18.508875739645
21.4246575342466
3128
20.0512820512821
18.508875739645
19.1901840490798
21.1351351351351
10.1558441558442
8.36363636363636
1564
21.4246575342466
18.9575757575758
18.508875739645
18.508875739645
28.697247706422
34
34.3736263736264
51.2786885245902
43.4444444444444
43.4444444444444
18.4
18.2923976608187
782
10.7123287671233
12.6129032258065
12.512
18.7305389221557
19.1901840490798
12.6129032258065
12.4126984126984
8.56986301369863
20.993288590604
12.663967611336
10.3576158940397
12.6129032258065
10.3576158940397
18.1860465116279
12.4126984126984
19.3086419753086
19.3086419753086
18.7305389221557
20.8533333333333
17.4748603351955
18.2923976608187
17.6723163841808
24.2480620155039
13.0878661087866
446.857142857143
11.3333333333333
12.8196721311475
25.8512396694215
36.8
20.7152317880795
18.9575757575758
22.0281690140845
17.6723163841808
14.283105022831
14.283105022831
15.64
24.4375
31.9183673469388
26.2857142857143
35.5454545454545
20.0512820512821
24.2480620155039
23.3432835820896
23.8778625954198
23.5187969924812
25.8512396694215
1042.66666666667
1042.66666666667
14.0900900900901
1042.66666666667
21.4246575342466
23.3432835820896
32.9263157894737
26.9655172413793
19.6729559748428
19.55
34.3736263736264
36.3720930232558
35.1460674157303
35.9540229885057
22.0281690140845
23.8778625954198
35.5454545454545
22.0281690140845
25.024
22.3428571428571
16.2916666666667
521.333333333333
16.2072538860104
13.0333333333333
21.7222222222222
23.5187969924812
14.5488372093023
782
12.8724279835391
36.3720930232558
15.64
446.857142857143
11.3333333333333
17.9770114942529
24.4375
13.0878661087866
13.0878661087866
782
19.6729559748428
27.6814159292035
22.0281690140845
22.1843971631206
23.8778625954198
23.8778625954198
23.3432835820896
23.8778625954198
16.1237113402062
15.4851485148515
33.6344086021505
32.5833333333333
22.5035971223022
521.333333333333
16.1237113402062
29.2336448598131
23
23
24.2480620155039
21.5724137931034
18.7305389221557
33.2765957446809
27.6814159292035
26.2857142857143
26.9655172413793
24.4375
10.2222222222222
782
782
16.1237113402062
11.3333333333333
23.3432835820896
23.8778625954198
18.7305389221557
17.0928961748634
27.2
18.6190476190476
17.5730337078652
1042.66666666667
17.8742857142857
34.3736263736264
31.9183673469388
36.3720930232558
34.3736263736264
521.333333333333
391
13.0333333333333
16.1237113402062
24.8253968253968
22.3428571428571
12.3149606299213
27.6814159292035
521.333333333333
14.0900900900901
3128
3128
4.67563527653214
3.44493392070485
6.66950959488273
5.54609929078014
1042.66666666667
6.12133072407045
6.65531914893617
4.19865771812081
1564
6.65531914893617
6.65531914893617
6.65531914893617
6.65531914893617
4.96507936507937
4.96507936507937
223.428571428571
6.65531914893617
6.2685370741483
3.23809523809524
4.19865771812081
2.53279352226721
6.66950959488273
6.66950959488273
5.20465890183028
6.53027139874739
240.615384615385
6.66950959488273
6.66950959488273
4.80491551459293
5.54609929078014
4.80491551459293
3.87608426270136
240.615384615385
4.80491551459293
4.52677279305355
4.96507936507937
6.65531914893617
4.19865771812081
5.20465890183028
3.55051078320091
3.87128712871287
6.85964912280702
2.98188751191611
3.86172839506173
6.65531914893617
195.5
6.65531914893617
6.65531914893617
6.66950959488273
4.85714285714286
6.19405940594059
3.86650185414091
4.19302949061662
3.54246885617214
184
4.19865771812081
5.52650176678445
6.2685370741483
164.631578947368
240.615384615385
173.777777777778
260.666666666667
6.19405940594059
3.80998781973203
6.65531914893617
6.65531914893617
3.25155925155925
4.19865771812081
2.3448275862069
6.65531914893617
3.86172839506173
6.65531914893617
195.5
223.428571428571
6.65531914893617
4.19865771812081
260.666666666667
4.20430107526882
284.363636363636
6.66950959488273
4.20430107526882
6.2685370741483
2.34658664666167
1042.66666666667
4.20995962314939
284.363636363636
223.428571428571
2.74145486415425
3.86172839506173
3.2448132780083
2.98188751191611
2.53484602917342
5.86866791744841
2.74626865671642
6.2685370741483
6.2685370741483
6.2685370741483
6.65531914893617
6.65531914893617
125.12
6.65531914893617
6.65531914893617
4.79019908116386
6.2685370741483
4.20995962314939
6.65531914893617
4.19865771812081
136
6.2685370741483
4.77557251908397
6.2685370741483
6.2685370741483
6.65531914893617
6.2685370741483
223.428571428571
208.533333333333
6.2685370741483
6.2685370741483
6.65531914893617
6.65531914893617
6.65531914893617
6.65531914893617
6.65531914893617
6.65531914893617
6.65531914893617
25.8512396694215
30.970297029703
29.7904761904762
18.6190476190476
446.857142857143
521.333333333333
18.6190476190476
19.9235668789809
26.0666666666667
3128
1564
30.6666666666667
30.0769230769231
26.7350427350427
23.3432835820896
30.368932038835
29.5094339622642
31.5959595959596
25.024
30.368932038835
28.4363636363636
27.4385964912281
3128
3128
27.2
21.2789115646259
31.9183673469388
22.5035971223022
26.9655172413793
16.5502645502646
782
27.2
26.9655172413793
24.8253968253968
13.4827586206897
3128
1564
30.6666666666667
21.8741258741259
26.7350427350427
24.2480620155039
25.6393442622951
28.4363636363636
30.6666666666667
26.5084745762712
23.5187969924812
30.368932038835
31.9183673469388
30.368932038835
23.6969696969697
25.024
521.333333333333
446.857142857143
9.80564263322884
18.1860465116279
27.4385964912281
29.2336448598131
29.5094339622642
30.368932038835
31.5959595959596
31.5959595959596
11.7593984962406
30.368932038835
21.4246575342466
28.4363636363636
25.2258064516129
22.1843971631206
31.5959595959596
30.970297029703
30.6666666666667
26.7350427350427
22.8321167883212
28.697247706422
3128
30.6666666666667
18.1860465116279
782
782
521.333333333333
26.2857142857143
19.9235668789809
26.7350427350427
29.2336448598131
30.6666666666667
21.8741258741259
22.8321167883212
26.9655172413793
23.6969696969697
28.962962962963
26.0666666666667
28.962962962963
29.2336448598131
25.024
12.3636363636364
27.2
12.3636363636364
16.7272727272727
30.970297029703
27.2
26.7350427350427
26.0666666666667
22.5035971223022
30.970297029703
31.28
30.0769230769231
30.0769230769231
23.1703703703704
1564
29.2336448598131
625.6
30.970297029703
31.5959595959596
25.6393442622951
347.555555555556
782
782
18.7305389221557
446.857142857143
521.333333333333
15.4851485148515
29.7904761904762
3128
21.5724137931034
391
521.333333333333
23.3432835820896
26.7350427350427
15.64
18.1860465116279
446.857142857143
6.77056277056277
9.65432098765432
11.1714285714286
3.80535279805353
10.9370629370629
8.76190476190476
10.8989547038328
6.71244635193133
9.80564263322884
69.5111111111111
7.66666666666667
53.9310344827586
7.72345679012346
9.01440922190202
10.5319865319865
10.8611111111111
10.9370629370629
10.7862068965517
8.43126684636119
7.30841121495327
10.2222222222222
10.2222222222222
10.2222222222222
11.0140845070423
5.68727272727273
4.58651026392962
10.3920265780731
9.71428571428571
9.71428571428571
3.22474226804124
3.49497206703911
11.0530035335689
7.66666666666667
6.40983606557377
8.16710182767624
3128
3128
7.72345679012346
7.83959899749373
8.2532981530343
62.56
69.5111111111111
54.8771929824561
53.9310344827586
6.77056277056277
6.71244635193133
6.78524945770065
7.83959899749373
10.3234323432343
10.3920265780731
49.6507936507937
68
5.89077212806026
11.1714285714286
48.875
5.75
7.72345679012346
5.7394495412844
9.53658536585366
9.65432098765432
10.1558441558442
10.4615384615385
625.6
2.98473282442748
521.333333333333
6.71244635193133
6.72688172043011
61.3333333333333
71.0909090909091
38.6172839506173
47.3939393939394
60.1538461538462
62.56
44.056338028169
54.8771929824561
10.1558441558442
7.32552693208431
11.1714285714286
10.9754385964912
11.0140845070423
10.9754385964912
9.68421052631579
8.43126684636119
6.40983606557377
5.08617886178862
4.16511318242344
521.333333333333
625.6
2.77059344552702
2.98473282442748
9.53658536585366
10.4615384615385
10.4615384615385
10.2222222222222
6.72688172043011
42.8493150684931
6.78524945770065
11.0921985815603
10.9754385964912
10.8989547038328
1564
1564
1564
10.7862068965517
48.875
625.6
54.8771929824561
74.4761904761905
8.98850574712644
5.90188679245283
10.4615384615385
10.3576158940397
9.80564263322884
9.80564263322884
625.6
2.77059344552702
5.86866791744841
21.7222222222222
25.6393442622951
28.1801801801802
16.2072538860104
31.28
17.7727272727273
391
347.555555555556
25.2258064516129
30.6666666666667
284.363636363636
31.5959595959596
31.28
30.970297029703
14.824644549763
26.0666666666667
29.2336448598131
30.368932038835
17.5730337078652
31.5959595959596
31.5959595959596
19.9235668789809
30.6666666666667
22.1843971631206
15.0384615384615
27.9285714285714
31.28
25.2258064516129
21.2789115646259
21.5724137931034
22.3428571428571
29.5094339622642
29.2336448598131
31.9183673469388
30.6666666666667
347.555555555556
260.666666666667
260.666666666667
36.8
35.5454545454545
312.8
240.615384615385
312.8
24.6299212598425
347.555555555556
35.5454545454545
36.3720930232558
25.4308943089431
28.697247706422
25.8512396694215
15.0384615384615
24.6299212598425
25.6393442622951
1042.66666666667
31.5959595959596
36.3720930232558
36.8
30.970297029703
25.2258064516129
16.6382978723404
3128
284.363636363636
347.555555555556
391
24.6299212598425
25.2258064516129
21.7222222222222
33.2765957446809
19.0731707317073
1042.66666666667
31.9183673469388
31.28
24.0615384615385
31.28
23.5187969924812
23.1703703703704
36.3720930232558
30.6666666666667
32.2474226804124
20.993288590604
27.9285714285714
28.697247706422
30.368932038835
30.970297029703
284.363636363636
1042.66666666667
30.368932038835
1042.66666666667
1042.66666666667
21.2789115646259
391
347.555555555556
312.8
1042.66666666667
21.1351351351351
31.28
30.970297029703
22.5035971223022
35.5454545454545
17.5730337078652
30.970297029703
14.8952380952381
29.2336448598131
1042.66666666667
3128
34.7555555555556
1042.66666666667
30.368932038835
32.5833333333333
347.555555555556
11.5
3128
30.368932038835
28.1801801801802
27.6814159292035
27.6814159292035
30.0769230769231
32.2474226804124
30.368932038835
30.368932038835
20.8533333333333
36.8
23.3432835820896
36.8
3128
12.512
27.6814159292035
27.6814159292035
36.3720930232558
36.8
13.4827586206897
13.4827586206897
120.307692307692
115.851851851852
62.56
6.92035398230088
97.75
13.4827586206897
13.4827586206897
13.4827586206897
1564
4.36871508379888
391
391
391
115.851851851852
86.8888888888889
100.903225806452
13.719298245614
10.1889250814332
13.4827586206897
13.5411255411255
13.4827586206897
13.4827586206897
10.7491408934708
3128
12.8196721311475
13.6
13.5411255411255
15.3333333333333
3.92471769134253
3128
13.3675213675214
13.4827586206897
13.4827586206897
8.64088397790055
1564
13.4827586206897
11.9846743295019
14.9665071770335
86.8888888888889
782
8.45405405405405
13.1428571428571
13.719298245614
13.4827586206897
97.75
125.12
74.4761904761905
5.83582089552239
15.2585365853659
13.3675213675214
8.8361581920904
10.3576158940397
10.4266666666667
8.8361581920904
9.86750788643533
8.61707988980716
13.719298245614
15.1111111111111
10.3920265780731
9.99361022364217
7.44761904761905
12.1240310077519
10.1229773462783
14.824644549763
13.6
13.3106382978723
13.4248927038627
521.333333333333
391
521.333333333333
100.903225806452
125.12
13.719298245614
13.5411255411255
8.64088397790055
10.3576158940397
4.37482517482518
8.61707988980716
9.96178343949045
15.0384615384615
10.4266666666667
14.824644549763
14.824644549763
13.4827586206897
10.5675675675676
521.333333333333
8.61707988980716
6.38367346938776
13.6593886462882
13.9642857142857
4.9105180533752
13.4827586206897
3128
13.4827586206897
86.8888888888889
13.1983122362869
13.2542372881356
13.4248927038627
782
15.2585365853659
15.2585365853659
13.4827586206897
1042.66666666667
1042.66666666667
120.307692307692
125.12
14.8952380952381
13.719298245614
4.90282131661442
13.4827586206897
13.4827586206897
12.0307692307692
1564
7.41232227488152
5.56583629893238
3.92471769134253
13.719298245614
3128
100.903225806452
34.3736263736264
7.48325358851675
8.38605898123324
8.02051282051282
7.59223300970874
7.59223300970874
7.1743119266055
7.36
7.19080459770115
7.82
4.07822685788787
782
46.6865671641791
62.56
59.0188679245283
782
7.44761904761905
8.16710182767624
3128
4.5597667638484
7.59223300970874
7.59223300970874
46.6865671641791
6.54393305439331
8.4769647696477
8.5
5.02893890675241
7.36
3.77322074788902
1042.66666666667
8.86118980169972
8.86118980169972
6.75593952483801
7.19080459770115
3.45253863134658
4.14304635761589
5.51675485008818
8.64088397790055
6.40983606557377
6.07378640776699
6.8
7.55555555555556
53.0169491525424
8.40860215053763
7.59223300970874
55.8571428571429
115.851851851852
69.5111111111111
74.4761904761905
8.02051282051282
8.8112676056338
94.7878787878788
62.56
69.5111111111111
94.7878787878788
69.5111111111111
53.0169491525424
72.7441860465116
72.7441860465116
3128
8.38605898123324
7.59223300970874
74.4761904761905
55.8571428571429
68
55.8571428571429
74.4761904761905
107.862068965517
46.6865671641791
6.59915611814346
60.1538461538462
8.91168091168091
8.43126684636119
6.8
7.59223300970874
7.01345291479821
6.96659242761693
94.7878787878788
46.6865671641791
7.61070559610706
8.4769647696477
8.45405405405405
100.903225806452
107.862068965517
3.77322074788902
6.13333333333333
4.95721077654517
7.59223300970874
107.862068965517
1042.66666666667
8.64088397790055
8.91168091168091
7.1743119266055
82.3157894736842
111.714285714286
8.43126684636119
7.61070559610706
8.4769647696477
8.45405405405405
6.13333333333333
8.4769647696477
7.57384987893462
8.45405405405405
8.45405405405405
6.40983606557377
69.5111111111111
62.56
62.56
78.2
63.8367346938776
82.3157894736842
104.266666666667
7.57384987893462
7.55555555555556
74.4761904761905
68
78.2
115.851851851852
7.59223300970874
7.59223300970874
7.82
8.02051282051282
7.48325358851675
8.04113110539846
6.65531914893617
8.02051282051282
4.49425287356322
5.55595026642984
4.97297297297297
6.13333333333333
8.8112676056338
7.80049875311721
347.555555555556
347.555555555556
8.96275071633238
446.857142857143
8.93714285714286
5.65641952983725
8.29708222811671
8.8361581920904
8.8361581920904
8.78651685393258
3128
8
3.53047404063205
5.10277324632953
4.50071942446043
8.29708222811671
8.31914893617021
5.68727272727273
3128
446.857142857143
391
5.79259259259259
3.98471337579618
4.50071942446043
8.29708222811671
625.6
7.02921348314607
8.31914893617021
8.98850574712644
8.06185567010309
5.0048
3.91979949874687
5.79259259259259
5.8796992481203
8.27513227513228
8.93714285714286
8.29708222811671
3.93954659949622
5.66666666666667
7.27441860465116
8.93714285714286
782
3.18858307849134
391
5.79259259259259
3.98471337579618
3.95949367088608
347.555555555556
8.27513227513228
5.10277324632953
8.96275071633238
8.96275071633238
521.333333333333
625.6
521.333333333333
446.857142857143
8.98850574712644
8.96275071633238
5.65641952983725
3.18858307849134
625.6
782
782
3.19183673469388
625.6
8.68888888888889
8.8112676056338
5.65641952983725
8.78651685393258
8.8361581920904
5.52650176678445
8.31914893617021
8.96275071633238
8.29708222811671
8.29708222811671
5.06148867313916
8.27513227513228
8.78651685393258
8.93714285714286
8.98850574712644
8.31914893617021
8.31914893617021
3128
4.91823899371069
8.93714285714286
8.73743016759776
8.73743016759776
8.29708222811671
8.27513227513228
4.4180790960452
6.43621399176955
3.53846153846154
3128
8.73743016759776
8.93714285714286
8.31914893617021
5.65641952983725
5.52650176678445
8.86118980169972
8.93714285714286
3.18858307849134
3.19183673469388
4.91823899371069
5.66666666666667
8.93714285714286
8.31914893617021
2.88560885608856
7.27441860465116
2.8962962962963
3.95448798988622
4.50071942446043
3128
3.49888143176734
6.6271186440678
5.8796992481203
5.13628899835796
3.98471337579618
3.5067264573991
3128
8.8361581920904
8.29708222811671
8.73743016759776
8.76190476190476
6.75593952483801
7.59223300970874
4.8646967340591
4.50071942446043
3.95448798988622
446.857142857143
284.363636363636
0.764231614952358
0.781609195402299
1.00546448087432
0.727103672710367
0.725249246464178
0.727272727272727
0.727441860465116
0.400512163892446
0.486167236555797
0.563299117594093
0.722068328716528
0.725922487816199
0.725585710971932
0.521159613462179
0.375780874579529
0.423848238482385
0.453925409955014
0.454123112659698
0.562185478073329
0.664542171234332
0.45261177832441
0.521681120747165
0.725922487816199
0.725585710971932
0.595242626070409
0.673702347620073
391
0.563400576368876
0.452677279305355
0.725585710971932
0.400563452426687
0.454255010165553
391
521.333333333333
0.521594130398533
0.521159613462179
0.521681120747165
0.425867937372362
0.662992793556592
0.725585710971932
0.725585710971932
0.725585710971932
0.725922487816199
0.71957671957672
0.725417439703154
0.609034267912773
0.671821305841924
0.668518914297927
0.725417439703154
0.609034267912773
0.724745134383689
0.725417439703154
0.873011442924923
0.725417439703154
1042.66666666667
0.724409448818898
0.724745134383689
0.724913093858633
0.724745134383689
0.521681120747165
0.725081131200742
0.484961240310078
1042.66666666667
1042.66666666667
0.725585710971932
391
521.333333333333
521.333333333333
0.485111662531017
0.484961240310078
0.611176240719031
0.673557278208441
0.355494942607114
0.454386984311447
0.65894248999368
0.520552504576469
0.725585710971932
0.725754060324826
0.563400576368876
0.725585710971932
0.377595364558184
0.400204708290686
1042.66666666667
0.657280941374238
0.725585710971932
0.425925925925926
0.522116508095476
0.398420583365176
0.452677279305355
0.483761212496134
0.667235494880546
0.724409448818898
0.724745134383689
0.723739009717723
0.724241722620977
0.723739009717723
0.724241722620977
625.6
0.723739009717723
625.6
0.724577252721798
0.42598393027373
0.725249246464178
0.724409448818898
0.725922487816199
0.725585710971932
0.725585710971932
0.454189051836794
0.425925925925926
0.454386984311447
391
0.425867937372362
0.425867937372362
0.452677279305355
0.725417439703154
391
0.484961240310078
0.723571593800601
0.68476357267951
0.666240681576145
446.857142857143
0.723739009717723
0.873011442924923
0.670956670956671
0.771013063840276
0.724577252721798
0.724913093858633
0.725081131200742
0.671821305841924
0.725585710971932
0.521594130398533
0.672398968185727
0.725585710971932
0.724577252721798
0.672688172043011
0.65439330543933
0.671244635193133
0.666240681576145
0.665673547563311
625.6
0.611056847040438
1.08648836401528
1.09217877094972
1.09256025148446
0.638628011433238
1.01525478740669
1.02022178734507
1.01624431448993
0.797959183673469
0.797755674572813
1.02022178734507
1.01723577235772
0.549157303370786
0.657557284002523
0.954240390482001
1.06648482782134
1.06757679180887
1.11714285714286
0.960392999692969
1.07454482995534
1.07380707174734
1.06976744186047
1.06903622693096
1.01955671447197
1.08648836401528
1.0145961725592
0.907192575406032
1.00288554023726
0.763671875
1.01558441558442
1.01591425787593
1.0668485675307
1.01558441558442
1.01426718547341
0.902481246393537
1.01723577235772
1.01328150307742
0.585767790262172
0.654119615223756
0.719907940161105
0.647484992755123
0.507051385962068
0.706732941708089
0.706732941708089
0.59831675592961
0.656591099916037
0.657695542472666
0.656866862662747
0.706732941708089
0.706732941708089
1.01922450309547
1564
0.720073664825046
1.06830601092896
0.791497975708502
0.651259629398293
1564
1.03200263939294
0.706573300203298
1.0771349862259
1.08197855413352
1.08235294117647
0.715625714939373
0.720073664825046
1.07307032590051
1.07086614173228
1.01525478740669
1.0145961725592
1.05747126436782
0.868888888888889
1.08235294117647
0.956574923547401
0.995544239338001
1.01756668835394
1.01988914248451
1.02155453951666
1.03200263939294
0.954531583765639
0.949605343047966
0.953949374809393
0.898334290637565
0.913551401869159
1.01426718547341
1.08648836401528
1564
1.02289077828646
1.05497470489039
1.08648836401528
1.07787732598208
1.088
1.09179755671902
1.083477658469
1.05568680391495
1.06867099419201
1.00385109114249
1.1529671949871
1.06794127688631
1.08160442600277
1.07602339181287
1.08085694540428
1.07086614173228
1.06903622693096
1.08272758740048
1.03200263939294
0.763112954379117
1.00352903432788
0.954531583765639
0.706573300203298
0.706413730803975
0.954240390482001
0.548868222495175
0.656866862662747
0.656453305351521
0.59831675592961
0.706732941708089
0.802256988971531
0.715789473684211
0.79250063339245
0.798162796631794
1.08048359240069
1.08724365658672
1.08724365658672
1.09217877094972
1.1529671949871
1.15339233038348
1564
1.07454482995534
1.07528360261258
1.03200263939294
1.01756668835394
1.01558441558442
1.07380707174734
1.0668485675307
1.10647329324372
0.949605343047966
0.861945439515018
0.585767790262172
0.715953307392996
0.642563681183237
1.01295336787565
0.801434793748399
0.538011695906433
0.726259577432087
0.654119615223756
1.07343857240906
1.07233459033253
1.07676419965577
1.07454482995534
1.08460471567268
1.07676419965577
1.09179755671902
1.088
1.01822916666667
1.07196710075394
1.1235632183908
0.548868222495175
0.656453305351521
0.706573300203298
0.820566631689402
0.955114503816794
1.04197201865423
1.06575809199319
0.651259629398293
0.802256988971531
1564
1564
0.891930424864557
0.925717667949097
0.710586097228532
0.792701469842879
0.96573016363075
1564
0.970223325062035
0.657419083648592
0.924896510940272
0.914352528500438
0.96573016363075
0.888383981823346
0.888131743327655
0.888131743327655
0.88914155770324
0.92874109263658
0.803699897225077
0.926814814814815
0.96573016363075
0.926814814814815
0.965432098765432
0.929016929016929
0.969922480620155
0.927914565410857
0.880135059088351
0.884365281311846
0.883366280711663
0.891676168757127
0.898592358517667
0.902220940294203
0.871551964335469
0.880878625739228
0.935686509123542
0.976279650436954
0.983647798742138
0.983647798742138
0.981795354676711
0.891422057566258
0.889394370201877
0.890153671030165
0.89294890094205
0.89396970563018
0.889647326507395
0.891676168757127
0.597745079304414
0.977194626679163
0.889394370201877
0.892694063926941
0.982412060301508
0.890660592255125
0.891930424864557
0.983338572775857
0.881872004510854
0.880878625739228
0.976584452076179
0.797552269250382
0.891930424864557
0.891168091168091
0.965134217834002
0.928189910979229
0.873743016759777
0.873255164712451
0.956867543591312
0.970825574177529
0.929845422116528
0.971428571428571
0.971730351040696
0.891930424864557
1042.66666666667
0.925717667949097
0.966924265842349
0.81479551966658
0.925717667949097
0.899108939350388
0.896275071633238
0.871794871794872
0.902481246393537
0.646280991735537
3128
0.935686509123542
0.654119615223756
0.927089508002371
0.887627695800227
0.888131743327655
0.885617214043035
0.88712422007941
0.873743016759777
0.873987147247835
0.969321351100093
0.971428571428571
0.962757771622038
0.92162639952858
0.92434988179669
0.927639383155397
0.868647597889475
0.891676168757127
0.891676168757127
0.880630630630631
0.883116883116883
0.884365281311846
0.92162639952858
0.891676168757127
0.979336255479023
0.972334473111595
0.966028412600371
0.969621822690639
0.969321351100093
0.978723404255319
0.972636815920398
0.884115319389486
0.81479551966658
0.92626591649393
0.925443786982248
0.927089508002371
0.969922480620155
0.969621822690639
0.887375886524823
0.807642654273173
0.894480983700315
0.89243937232525
0.889394370201877
0.88787964802725
0.961278426551936
0.891676168757127
0.891422057566258
0.889647326507395
0.969922480620155
0.975062344139651
0.972636815920398
1042.66666666667
0.891422057566258
0.925717667949097
0.92874109263658
0.842672413793103
0.945015105740181
0.972334473111595
0.972032318210068
0.88112676056338
0.874231414197876
0.874231414197876
0.873987147247835
0.964539007092199
0.873743016759777
0.9559902200489
0.97597503900156
0.924896510940272
0.966326845844918
0.871309192200557
0.881375035221189
0.967821782178218
0.716609392898053
3128
0.902741702741703
0.880878625739228
0.88361581920904
0.879640044994376
0.725754060324826
0.595016168917634
0.600268662444828
0.657142857142857
1.18619643534319
1.36773065150853
1.18574677786202
1.18619643534319
1.63427377220481
1.28039295947605
1.40394973070018
1.18709677419355
1.39207832665777
1.75041969781757
1.64631578947368
1.71868131868132
1.73681288173237
1.65153115100317
1.64631578947368
1.64891934633632
1.65153115100317
782
1.64891934633632
1.64458464773922
1.65153115100317
1.65065963060686
0.599004212945232
1.28144203195412
0.599233716475096
1042.66666666667
1.74748603351955
1.78640776699029
1.51844660194175
1.36773065150853
1.62916666666667
1.52958435207824
1.65327695560254
1.65327695560254
1.50892426435118
1.65065963060686
1564
0.536535162950257
0.724241722620977
0.657280941374238
1.10102076733545
0.639411283728536
0.583582089552239
0.705298759864712
1.36773065150853
1.36773065150853
1.64631578947368
1.53033268101761
1.62916666666667
0.536351165980796
0.504190844616377
0.594789884008367
0.787710904054394
0.787710904054394
0.583690987124464
1.36773065150853
1.40143369175627
1.63342036553525
1.63342036553525
1.38713968957871
1.10179640718563
0.600268662444828
1.28936521022259
1.52808988764045
1.63256784968685
1.65065963060686
1.64631578947368
1.64891934633632
0.599348534201954
782
0.786127167630058
1.63342036553525
1.63086548488008
1.38837106080781
1.38652482269504
1.38529672276351
1.63342036553525
0.787710904054394
0.583582089552239
1.1866464339909
1.28039295947605
0.657280941374238
0.724577252721798
0.653027139874739
0.594112060778727
0.722735674676525
0.657557284002523
1.64544976328248
1.64544976328248
1.65153115100317
1.65153115100317
1.65153115100317
1.64891934633632
1.75041969781757
1.74748603351955
1.71868131868132
1.70184983677911
1.52659834065398
1.54698318496538
1.36773065150853
0.706254233461278
782
0.600268662444828
0.657280941374238
1.6437204414083
1.63427377220481
1.5431672422299
0.545994065281899
0.722068328716528
0.652210175145955
1.40394973070018
0.600268662444828
1.6437204414083
0.657004830917874
1.65153115100317
1.36773065150853
0.536535162950257
1.49521988527725
1.49521988527725
1.53785644051131
1.63342036553525
1.02658352477847
1.28144203195412
1.54774863928748
1.28091728091728
1.63256784968685
782
0.785929648241206
1042.66666666667
0.599348534201954
0.599348534201954
782
1.64631578947368
0.657142857142857
1.27829995913363
1.63342036553525
1.52214111922141
1.63342036553525
1.83245459871119
1.82923976608187
86.8888888888889
1.69539295392954
1.84216725559482
1.81543818920488
1.82497082847141
1.8196625945317
104.266666666667
1.80704794916233
94.7878787878788
1.26281792490916
72.7441860465116
89.3714285714286
1.35352661185634
1.35352661185634
1.83675866118614
1.33961456102784
1.45556072591903
1.22378716744914
1.45759552656104
1.45759552656104
1.45827505827506
1.45827505827506
72.7441860465116
1.46031746031746
1.46031746031746
1.36355710549259
1.35763888888889
1.83352872215709
1.76823063877897
1.64718272775145
1.53785644051131
1.78947368421053
1.25320512820513
1.52883675464321
1.55235732009926
1.45218198700093
1.4589552238806
94.7878787878788
1.37012702584319
1.43617998163453
1.45963602426505
1.46168224299065
1.53333333333333
1.52883675464321
120.307692307692
1.35704989154013
1.33276523221133
1.45759552656104
1.45759552656104
111.714285714286
1.45827505827506
104.266666666667
1.79770114942529
1.81860465116279
1.84216725559482
1.80704794916233
1.07936507936508
1.46579194001874
1.81860465116279
1.79049799656554
1.45827505827506
1.45827505827506
1.46099953292854
1.45963602426505
1.55312810327706
1.35704989154013
1.36177622986504
1.45827505827506
1.45827505827506
1.46579194001874
1.45827505827506
115.851851851852
1.55004955401388
1.46510538641686
1.36952714535902
1.16109873793615
1.37012702584319
0.94530069507404
120.307692307692
1.34076296613802
1.45827505827506
1.65240359218172
120.307692307692
1.41282746160795
1.59754851889683
1.00870686875202
1.45353159851301
1.6437204414083
111.714285714286
130.333333333333
130.333333333333
120.307692307692
1.55235732009926
1.51403678606002
1.55312810327706
1.45827505827506
1.79049799656554
1.79976985040276
1.53634577603143
1.79770114942529
1.83352872215709
1.81860465116279
1.82178217821782
1.50384615384615
1.46510538641686
1.46510538641686
1.83675866118614
1.83460410557185
1.69539295392954
1.45827505827506
1.45623836126629
1.71303395399781
1.72913211719182
1.82284382284382
1.83891828336273
1.45759552656104
1.45827505827506
1.60574948665298
1.53785644051131
1.68807339449541
1.35469900389779
1.15937731653076
1.08011049723757
0.94530069507404
78.2
1.52510970258411
1.68807339449541
1.46031746031746
1.53785644051131
1.35940895262929
1.46031746031746
1.26281792490916
1.35469900389779
1.4589552238806
1.79873490511788
625.6
5.55595026642984
5.72893772893773
4.44318181818182
5.81412639405204
5.65641952983725
5.70802919708029
4.8646967340591
5.77121771217712
4.90282131661442
6.20634920634921
5.68727272727273
5.68727272727273
5.68727272727273
391
625.6
5.63603603603604
5.66666666666667
782
782
3.54246885617214
4.43687943262411
5.14473684210526
5.65641952983725
5.15321252059308
5.54609929078014
5.57575757575758
5.62589928057554
5.64620938628159
5.52650176678445
5.54609929078014
5.57575757575758
5.62589928057554
5.83582089552239
5.81412639405204
3128
2.11494252873563
5.62589928057554
3128
5.68727272727273
5.10277324632953
5.64620938628159
5.68727272727273
5.64620938628159
5.64620938628159
1042.66666666667
5.68727272727273
1564
782
3128
5.64620938628159
5.62589928057554
4.782874617737
5.64620938628159
2.31875463306153
3.37796976241901
2.77304964539007
2.11494252873563
2.30508474576271
3.75510204081633
2.11494252873563
5.6976320582878
5.81412639405204
1042.66666666667
5.21333333333333
5.52650176678445
3.71496437054632
3.76413959085439
3.68
3.71055753262159
3.38162162162162
3.71055753262159
5.57575757575758
5.53628318584071
3.75510204081633
3128
1042.66666666667
4.11578947368421
5.21333333333333
5.60573476702509
5.64620938628159
1042.66666666667
4.57309941520468
3.68867924528302
3.37796976241901
2.77797513321492
2.52258064516129
5.67695099818512
5.85767790262172
3.68867924528302
4.11578947368421
5.64620938628159
5.64620938628159
5.60573476702509
6.07378640776699
5.68727272727273
5.68727272727273
4.90282131661442
5.77121771217712
5.11111111111111
5.1702479338843
5.21333333333333
4.11038107752957
446.857142857143
625.6
4.55312954876274
5.67695099818512
5.67695099818512
5.54609929078014
5.54609929078014
782
3.54246885617214
4.8646967340591
5.16171617161716
4.87227414330218
5.20465890183028
5.72893772893773
4.43687943262411
4.8646967340591
5.1702479338843
3.37432578209277
5.20465890183028
5.20465890183028
3.06066536203523
3.37796976241901
3.06066536203523
3.4
625.6
3.68867924528302
3.71055753262159
2.97621313035205
5.60573476702509
3.87128712871287
4.46219686162625
6.20634920634921
5.83582089552239
4.84210526315789
3.76413959085439
5.70802919708029
5.70802919708029
5.68727272727273
5.68727272727273
625.6
3.06066536203523
2.51446945337621
2.53279352226721
521.333333333333
156.4
28.962962962963
6.84463894967177
28.1801801801802
26.2857142857143
26.5084745762712
164.631578947368
173.777777777778
15.7979797979798
13.4827586206897
26.7350427350427
173.777777777778
156.4
27.4385964912281
25.6393442622951
521.333333333333
208.533333333333
8.27513227513228
14.0269058295964
20.4444444444444
27.4385964912281
27.2
27.4385964912281
27.2
173.777777777778
195.5
28.1801801801802
24.2480620155039
26.7350427350427
28.1801801801802
27.9285714285714
27.2
26.2857142857143
23
27.6814159292035
25.4308943089431
14.0269058295964
24.4375
25.8512396694215
18.508875739645
27.4385964912281
27.9285714285714
26.9655172413793
26.9655172413793
27.6814159292035
26.9655172413793
3128
27.6814159292035
23.5187969924812
22.0281690140845
15.7979797979798
22.0281690140845
27.6814159292035
18.7305389221557
25.024
27.2
19.1901840490798
27.9285714285714
31.28
23.6969696969697
26.0666666666667
26.9655172413793
27.6814159292035
28.1801801801802
26.0666666666667
18.7305389221557
26.0666666666667
27.4385964912281
27.6814159292035
10.3576158940397
26.7350427350427
27.6814159292035
28.4363636363636
25.024
29.2336448598131
26.5084745762712
18.7305389221557
27.9285714285714
27.6814159292035
25.4308943089431
20.0512820512821
28.4363636363636
16.4631578947368
3128
164.631578947368
13.9642857142857
26.2857142857143
27.4385964912281
20.5789473684211
136
25.8512396694215
10.255737704918
25.4308943089431
19.55
27.2
26.9655172413793
28.1801801801802
184
521.333333333333
28.697247706422
28.962962962963
19.9235668789809
20.3116883116883
27.6814159292035
13.3675213675214
28.1801801801802
28.1801801801802
18.508875739645
28.1801801801802
27.9285714285714
15.8781725888325
18.4
27.6814159292035
28.4363636363636
23.8778625954198
20.7152317880795
28.4363636363636
27.2
625.6
625.6
136
391
6.84463894967177
104.266666666667
16.7272727272727
20.993288590604
25.4308943089431
27.4385964912281
21.1351351351351
16.7272727272727
26.9655172413793
24.0615384615385
27.4385964912281
28.1801801801802
25.4308943089431
27.9285714285714
23.1703703703704
26.5084745762712
27.6814159292035
13.6593886462882
26.0666666666667
2.84622383985441
2.79036574487065
1.89117291414752
1.76324689966178
5.08617886178862
1.76324689966178
2.19508771929825
3.05170731707317
4.79019908116386
4.37482517482518
3.57077625570776
5.11111111111111
4.51370851370851
3.85696670776819
2.8488160291439
5.19601328903654
3.13741223671013
2.84622383985441
5.35616438356164
5.11947626841244
5.19601328903654
5.07792207792208
2.81801801801802
3.05767350928641
3.0546875
3.05767350928641
4.85714285714286
4.31448275862069
4.60677466863034
5.34700854700855
5.36535162950257
5.06969205834684
5.35616438356164
5.07792207792208
1042.66666666667
2.84622383985441
3.06066536203523
5.07792207792208
3.128
2.58085808580858
5.21333333333333
3.87608426270136
3128
3128
2.58726220016543
4.25
3.29957805907173
2.8104222821204
3.46784922394678
5.07792207792208
5.08617886178862
5.06969205834684
5.07792207792208
5.38382099827883
5.06148867313916
4.1762349799733
5.07792207792208
5.39310344827586
5.37457044673539
3128
5.37457044673539
5.06969205834684
3.12487512487512
3.83333333333333
5.2927241962775
5.07792207792208
4.13756613756614
4.80491551459293
5.06969205834684
5.06969205834684
5.07792207792208
5.06969205834684
5.35616438356164
5.08617886178862
5.07792207792208
5.06969205834684
2.59369817578773
3.14371859296482
5.07792207792208
4.71084337349398
5.07792207792208
1.89117291414752
2.19971870604782
5.18739635157546
5.31972789115646
3.10625620655412
4.26158038147139
5.11947626841244
3.74162679425837
5.06969205834684
1042.66666666667
2.79036574487065
3.05767350928641
2.03645833333333
2.19971870604782
1.89346246973366
2.58940397350993
2.84363636363636
2.57660626029654
2.82310469314079
5.37457044673539
3.0546875
3.0546875
1042.66666666667
2.81294964028777
2.03778501628664
3.05767350928641
2.38233054074638
4.03612903225806
3.3135593220339
1042.66666666667
5.06969205834684
2.83847549909256
2.15873015873016
3128
4.76829268292683
2.36075471698113
2.36075471698113
4.90282131661442
5.16171617161716
5.32879045996593
5.06969205834684
5.20465890183028
3.42982456140351
4.71794871794872
4.6966966966967
5.32879045996593
5.37457044673539
5.06148867313916
5.06969205834684
5.06969205834684
5.06969205834684
3128
3128
2.58726220016543
5.16171617161716
2.53896103896104
17.1868131868132
13.3675213675214
18.0809248554913
10.025641025641
12.7673469387755
18.2923976608187
16.3769633507853
17.7727272727273
18.2923976608187
6.84463894967177
13.3675213675214
14.348623853211
17.4748603351955
24.8253968253968
27.2
17.0928961748634
17.1868131868132
14.1538461538462
27.9285714285714
11.3745454545455
8.86118980169972
625.6
32.5833333333333
28.962962962963
29.5094339622642
29.7904761904762
17.0928961748634
18.8433734939759
14.4814814814815
31.5959595959596
16.4631578947368
9.74454828660436
16.8172043010753
17.3777777777778
16.1237113402062
17.0928961748634
16.4631578947368
18.2923976608187
17.7727272727273
24.6299212598425
27.9285714285714
16.1237113402062
14.5488372093023
28.4363636363636
29.7904761904762
17.1868131868132
14.5488372093023
12.1712062256809
16.7272727272727
14.1538461538462
12.21875
30.970297029703
32.5833333333333
14.5488372093023
16.1237113402062
30.970297029703
30.0769230769231
31.5959595959596
24.0615384615385
23.1703703703704
28.4363636363636
31.28
32.9263157894737
29.5094339622642
28.962962962963
17.4748603351955
18.1860465116279
23
14.283105022831
8.8361581920904
8.88636363636364
625.6
7.78109452736318
521.333333333333
625.6
8.8361581920904
10.0903225806452
15.2585365853659
27.2
23
19.55
14.2181818181818
18.1860465116279
11.3745454545455
11.8484848484848
16.8172043010753
30.0769230769231
22.3428571428571
31.28
31.9183673469388
17.4748603351955
16.6382978723404
14.6854460093897
17.5730337078652
625.6
10.0903225806452
7.80049875311721
8.86118980169972
19.55
16.4631578947368
12.0307692307692
521.333333333333
18.508875739645
9.99361022364217
7.78109452736318
12.0307692307692
26.2857142857143
26.2857142857143
31.9183673469388
31.5959595959596
33.6344086021505
34.3736263736264
19.4285714285714
16.3769633507853
1042.66666666667
1042.66666666667
29.7904761904762
31.5959595959596
31.9183673469388
25.8512396694215
28.4363636363636
1564
28.4363636363636
391
31.5959595959596
29.2336448598131
32.2474226804124
27.6814159292035
29.7904761904762
27.2
521.333333333333
27.6814159292035
23
782
28.4363636363636
26.2857142857143
26.9655172413793
27.6814159292035
35.1460674157303
25.6393442622951
23
1564
19.4285714285714
26.2857142857143
23.3432835820896
32.2474226804124
32.5833333333333
25.6393442622951
28.4363636363636
16.3769633507853
1042.66666666667
34.3736263736264
27.9285714285714
30.0769230769231
33.2765957446809
30.970297029703
30.368932038835
1564
625.6
28.4363636363636
3128
25.024
35.9540229885057
16.5502645502646
19.6729559748428
32.5833333333333
28.4363636363636
14.0269058295964
1564
28.4363636363636
31.28
625.6
625.6
31.9183673469388
446.857142857143
3128
625.6
22.3428571428571
32.5833333333333
16.6382978723404
1042.66666666667
1042.66666666667
34.7555555555556
26.5084745762712
27.9285714285714
33.2765957446809
19.6729559748428
19.3086419753086
19.0731707317073
25.8512396694215
30.368932038835
26.9655172413793
28.4363636363636
27.6814159292035
27.4385964912281
27.4385964912281
625.6
782
1042.66666666667
23
26.2857142857143
26.7350427350427
3.98979591836735
8.71309192200557
4.79019908116386
6.37067209775967
5.84672897196262
5.28378378378378
5.81412639405204
7.93908629441624
8.54644808743169
5.47810858143608
8.20997375328084
6.82969432314411
3.98979591836735
7.83959899749373
6.81481481481481
7.95928753180662
4.52023121387283
6.75593952483801
7.4653937947494
6.81481481481481
782
6.29376257545272
521.333333333333
4.87227414330218
7.95928753180662
4.10498687664042
4.51370851370851
5.47810858143608
7.95928753180662
8.18848167539267
521.333333333333
4.96507936507937
8.36363636363636
7.55555555555556
8.16710182767624
6.95111111111111
7.95928753180662
782
6.8
8.12467532467532
8.59340659340659
7.95928753180662
4.79754601226994
8.18848167539267
8.18848167539267
7.4653937947494
4.51370851370851
521.333333333333
8.18848167539267
521.333333333333
8.18848167539267
7.95928753180662
7.2073732718894
7.95928753180662
7.19080459770115
8.68888888888889
7.27441860465116
4.98089171974522
6.37067209775967
625.6
5.33788395904437
1042.66666666667
5.33788395904437
7.95928753180662
6.71244635193133
4.36871508379888
6.06201550387597
4.3626220362622
7.95928753180662
7.22401847575058
6.35772357723577
8.18848167539267
8.18848167539267
446.857142857143
7.95928753180662
7.44761904761905
4.98089171974522
7.91898734177215
8.20997375328084
5.77121771217712
391
446.857142857143
5.48771929824561
