1.27877237852e-05
1.27877237852e-05
0.000134271099744
9.59079283887e-05
9.59079283887e-05
0.000196078431373
0.00111253196931
7.6726342711e-05
9.59079283887e-05
7.6726342711e-05
0.0001726342711
0.000556265984655
0.000138533674339
0.000138533674339
5.75447570332e-05
3.83631713555e-05
0.000153452685422
9.59079283887e-05
0.000247229326513
0.000234441602728
0.000671355498721
0.000728900255754
0.000556265984655
0.000959079283887
9.59079283887e-05
0.000153452685422
0.000196078431373
0.000234441602728
0.0001726342711
0.0001726342711
9.59079283887e-05
3.83631713555e-05
0.000230179028133
0.000786445012788
0.000249360613811
0.000191815856777
9.59079283887e-05
0.000748081841432
0.00111253196931
0.00111253196931
0.000748081841432
0.000728900255754
0.000728900255754
0.000479539641944
0.000920716112532
0.000843989769821
0.000843989769821
0.00076726342711
7.6726342711e-05
7.6726342711e-05
1.91815856777e-05
1.91815856777e-05
0.000191815856777
0.000153452685422
0.000287723785166
0.000230179028133
7.6726342711e-05
0.0001726342711
0.000191815856777
0.000153452685422
0.000863171355499
0.000287723785166
0.000134271099744
0.000234441602728
0.00109335038363
0.000134271099744
0.000234441602728
0.000134271099744
7.6726342711e-05
0.00113171355499
0.00111253196931
0.00111253196931
0.00111253196931
0.000901534526854
0.000728900255754
0.000709718670077
0.000249360613811
1.91815856777e-05
0.00111253196931
0.000978260869565
0.00111253196931
0.000268542199488
0.000249360613811
5.75447570332e-05
0.0001726342711
0.000210997442455
0.000210997442455
0.000210997442455
0.000210997442455
0.000230179028133
0.000268542199488
0.000786445012788
0.000920716112532
5.75447570332e-05
0.00059462915601
0.000115089514066
7.6726342711e-05
0.000843989769821
0.000709718670077
0.000230179028133
0.000901534526854
0.000134271099744
0.000920716112532
7.6726342711e-05
0.000268542199488
0.000230179028133
0.000306905370844
0.00076726342711
0.000191815856777
0.00076726342711
7.6726342711e-05
0.000230179028133
9.59079283887e-05
0.000210997442455
7.6726342711e-05
0.00093989769821
0.000978260869565
0.000786445012788
0.000134271099744
7.6726342711e-05
0.00076726342711
0.000843989769821
9.59079283887e-05
0.000709718670077
0.000402813299233
0.000748081841432
0.000728900255754
0.000191815856777
0.000210997442455
0.00111253196931
1.91815856777e-05
7.6726342711e-05
0.00107416879795
0.000901534526854
0.000843989769821
0.000824808184143
0.00101662404092
3.83631713555e-05
1.91815856777e-05
0.000709718670077
0.000959079283887
0.00111253196931
0.0001726342711
0.00109335038363
0.000191815856777
0.000210997442455
0.000728900255754
0.000249360613811
5.75447570332e-05
0.000210997442455
0.000709718670077
0.00109335038363
0.000709718670077
0.000134271099744
0.000294117647059
0.000539215686275
0.000515771526002
7.03324808184e-05
0.00016410912191
0.000117220801364
9.37766410912e-05
0.000703324808184
0.00114876385337
7.03324808184e-05
0.000187553282182
0.000341005967604
0.000398550724638
0.000117220801364
0.000562659846547
2.34441602728e-05
0.00016410912191
2.34441602728e-05
0.000417732310315
0.000294117647059
0.00112531969309
0.00107843137255
0.00038789428815
0.00117220801364
0.000140664961637
0.000539215686275
0.000562659846547
4.68883205456e-05
0.00119565217391
0.001031543052
0.000328218243819
0.000398550724638
0.000230179028133
0.000445439045183
0.00119565217391
0.000468883205456
0.000539215686275
0.000445439045183
0.000117220801364
0.000820545609548
0.000328218243819
0.00126598465473
0.00119565217391
0.00117220801364
0.000117220801364
0.00107843137255
0.00100809889173
0.00119565217391
0.00119565217391
9.37766410912e-05
9.37766410912e-05
0.00119565217391
0.00126598465473
0.000937766410912
0.000937766410912
7.03324808184e-05
0.000679880647911
9.37766410912e-05
0.000117220801364
0.000117220801364
2.34441602728e-05
0.000117220801364
7.03324808184e-05
0.000359121909633
0.000415601023018
0.00038789428815
0.000317561807332
9.37766410912e-05
0.000140664961637
0.00114876385337
0.001031543052
7.03324808184e-05
0.000961210571185
0.00126598465473
7.03324808184e-05
0.00119565217391
0.00112531969309
0.00114876385337
0.000294117647059
0.000298380221654
0.000328218243819
4.68883205456e-05
0.000398550724638
0.00042199488491
0.00117220801364
0.00016410912191
0.000312233589088
0.00110187553282
0.00110187553282
0.00119565217391
2.34441602728e-05
0.00124254049446
0.00126598465473
0.00131287297528
0.00119565217391
0.00119565217391
0.00117220801364
0.00119565217391
0.00112531969309
0.000937766410912
2.34441602728e-05
0.00124254049446
0.00119565217391
0.00114876385337
0.00105498721228
0.00075021312873
7.03324808184e-05
0.000364450127877
0.000351662404092
0.000351662404092
0.000539215686275
0.00119565217391
0.000492327365729
0.000430520034101
9.37766410912e-05
9.37766410912e-05
0.000351662404092
0.00042199488491
0.000632992327366
0.000562659846547
0.000210997442455
0.000187553282182
0.000328218243819
0.000445439045183
0.00042199488491
0.000375106564365
0.000492327365729
0.000492327365729
0.00058610400682
0.000304774083546
0.000257885763001
0.000281329923274
0.000492327365729
0.000140664961637
0.00117220801364
0.00022378516624
0.000984654731458
0.000364450127877
0.000406010230179
0.00112531969309
0.000364450127877
0.000632992327366
0.00117220801364
0.00117220801364
0.000515771526002
0.000492327365729
0.000515771526002
0.000492327365729
0.000539215686275
0.000515771526002
0.000375106564365
0.000492327365729
9.37766410912e-05
0.000210997442455
0.000346334185848
0.000372975277067
0.00029305200341
0.000239769820972
0.000479539641944
0.000133205456095
0.000772591645354
0.000666027280477
5.32821824382e-05
0.000239769820972
0.000559462915601
0.000186487638534
0.000399616368286
0.000479539641944
0.000479539641944
0.000319693094629
0.00029305200341
0.000799232736573
2.66410912191e-05
0.00029305200341
0.000159846547315
7.99232736573e-05
0.000133205456095
0.000772591645354
5.32821824382e-05
0.000745950554135
0.00058610400682
0.00058610400682
0.00029305200341
0.000612745098039
0.000426257459506
0.000319693094629
0.00029305200341
0.000612745098039
0.000159846547315
0.000106564364876
0.000666027280477
0.000772591645354
0.000159846547315
0.000239769820972
0.000159846547315
7.99232736573e-05
0.000239769820972
0.000106564364876
0.000186487638534
0.000186487638534
0.00029305200341
0.000532821824382
0.000506180733163
0.000452898550725
0.000426257459506
0.000532821824382
0.000266410912191
0.00029305200341
0.000479539641944
0.000506180733163
7.99232736573e-05
0.000239769820972
0.000159846547315
0.000666027280477
0.000106564364876
0.000399616368286
0.000799232736573
0.00058610400682
0.00029305200341
0.000799232736573
0.000719309462916
0.000799232736573
0.000266410912191
0.000213128729753
0.000159846547315
0.000239769820972
0.000799232736573
0.000692668371697
0.000666027280477
0.00058610400682
0.000639386189258
2.66410912191e-05
0.000559462915601
0.000799232736573
7.99232736573e-05
0.000133205456095
0.000186487638534
0.000213128729753
5.32821824382e-05
0.000319693094629
0.000186487638534
5.32821824382e-05
2.66410912191e-05
0.000799232736573
0.000692668371697
0.000186487638534
0.000186487638534
0.000186487638534
0.000186487638534
0.000159846547315
0.000399616368286
0.000745950554135
7.99232736573e-05
7.99232736573e-05
0.000186487638534
7.99232736573e-05
0.000159846547315
0.000106564364876
0.000532821824382
0.00029305200341
0.000612745098039
0.000799232736573
0.000133205456095
0.000159846547315
0.000133205456095
0.000213128729753
7.99232736573e-05
0.000159846547315
0.000159846547315
0.000532821824382
0.000772591645354
0.000213128729753
0.000319693094629
0.000239769820972
5.32821824382e-05
0.00058610400682
0.000399616368286
0.000133205456095
0.000559462915601
0.00058610400682
0.00058610400682
0.000186487638534
0.000319693094629
0.000159846547315
0.000159846547315
0.000452898550725
2.66410912191e-05
0.000399616368286
0.000788363171355
0.00128473998295
0.000145993179881
0.000233589087809
0.00119714407502
0.001226342711
0.000204390451833
0.000204390451833
0.000175191815857
0.000204390451833
0.001226342711
0.000321184995737
0.000321184995737
0.000321184995737
0.000145993179881
0.000145993179881
8.75959079284e-05
8.75959079284e-05
0.000116794543905
0.00110954816709
0.000262787723785
0.000116794543905
5.83972719523e-05
8.75959079284e-05
2.91986359761e-05
0.000233589087809
8.75959079284e-05
0.00105115089514
0.00116794543905
0.00113874680307
0.000145993179881
0.000233589087809
0.00113874680307
0.00119714407502
0.00128473998295
0.000642369991475
2.91986359761e-05
0.000963554987212
0.001226342711
0.000175191815857
0.000729965899403
5.83972719523e-05
8.75959079284e-05
0.00125554134697
0.00125554134697
0.000992753623188
0.00125554134697
0.00090515771526
0.000788363171355
0.000291986359761
5.83972719523e-05
0.00128473998295
0.000291986359761
0.000233589087809
0.000116794543905
0.000963554987212
0.000759164535379
0.000642369991475
0.000204390451833
2.91986359761e-05
0.000116794543905
8.75959079284e-05
0.000204390451833
0.00113874680307
0.000496376811594
0.000233589087809
0.000175191815857
8.75959079284e-05
0.00113874680307
0.000204390451833
0.000175191815857
0.00113874680307
0.00105115089514
2.91986359761e-05
8.75959079284e-05
0.00110954816709
0.000175191815857
0.000116794543905
0.000175191815857
0.00116794543905
0.00105115089514
0.000145993179881
0.00110954816709
0.000321184995737
8.75959079284e-05
0.000145993179881
0.000145993179881
0.000291986359761
0.000145993179881
0.000145993179881
0.000321184995737
0.000817561807332
0.000262787723785
0.000291986359761
0.00105115089514
0.00108034953112
0.00116794543905
0.000321184995737
0.000204390451833
0.000233589087809
0.000145993179881
0.000321184995737
0.00090515771526
0.00090515771526
0.00090515771526
0.000963554987212
0.00108034953112
0.00125554134697
0.000204390451833
0.000145993179881
8.75959079284e-05
8.75959079284e-05
0.000350383631714
0.000262787723785
5.83972719523e-05
5.83972719523e-05
0.000175191815857
0.000759164535379
0.00137851662404
0.00034462915601
0.00109654731458
0.00137851662404
9.3989769821e-05
0.00034462915601
0.00131585677749
0.00134718670077
9.3989769821e-05
0.00034462915601
0.000125319693095
9.3989769821e-05
0.000219309462916
6.26598465473e-05
0.000407289002558
0.000219309462916
0.000187979539642
0.00134718670077
0.00034462915601
0.000219309462916
0.00034462915601
0.000125319693095
0.000156649616368
0.000375959079284
6.26598465473e-05
3.13299232737e-05
3.13299232737e-05
0.00140984654731
3.13299232737e-05
0.000187979539642
0.000187979539642
3.13299232737e-05
0.000375959079284
0.00134718670077
0.00131585677749
3.13299232737e-05
0.000313299232737
0.000407289002558
0.0011905370844
0.00109654731458
0.00134718670077
0.00140984654731
0.00109654731458
0.00137851662404
0.00137851662404
0.00115920716113
0.000281969309463
0.00122186700767
0.00034462915601
0.000125319693095
0.000219309462916
0.00109654731458
6.26598465473e-05
0.00144117647059
0.000908567774936
0.00131585677749
0.00137851662404
0.000156649616368
0.000375959079284
3.13299232737e-05
3.13299232737e-05
6.26598465473e-05
9.3989769821e-05
0.000156649616368
0.00034462915601
0.000407289002558
0.000219309462916
0.000313299232737
0.00115920716113
0.00137851662404
0.00137851662404
0.00144117647059
3.13299232737e-05
0.00140984654731
0.00137851662404
0.00115920716113
0.00137851662404
0.000250639386189
0.000187979539642
6.26598465473e-05
0.00144117647059
0.000501278772379
0.00137851662404
0.00137851662404
0.000156649616368
0.000187979539642
0.000219309462916
0.000375959079284
0.00034462915601
0.00034462915601
0.00134718670077
0.00131585677749
0.000125319693095
0.000219309462916
0.000407289002558
0.000375959079284
0.00122186700767
0.00115920716113
0.000407289002558
0.00034462915601
0.000219309462916
0.00134718670077
0.000438618925831
0.00034462915601
0.000407289002558
0.00034462915601
0.000532608695652
0.00034462915601
0.0011905370844
0.0011905370844
0.00122186700767
0.00131585677749
0.0010652173913
0.00131585677749
0.000397880891487
0.000762605042017
9.94702228718e-05
0.000165783704786
0.000232097186701
0.000331567409573
0.000132626963829
0.000397880891487
9.94702228718e-05
0.000762605042017
0.00106101571063
0.000397880891487
0.000530507855316
0.000530507855316
9.94702228718e-05
0.00096154548776
0.000265253927658
0.000298410668615
0.000397880891487
0.000331567409573
0.000762605042017
0.00102785896967
0.00112732919255
0.00106101571063
3.31567409573e-05
9.94702228718e-05
9.94702228718e-05
0.000431037632444
9.94702228718e-05
0.000298410668615
0.00102785896967
0.000397880891487
0.000298410668615
0.000928388746803
0.000895232005846
0.00036472415053
0.000431037632444
0.000397880891487
0.00036472415053
0.00106101571063
0.00112732919255
0.000397880891487
0.00106101571063
0.00096154548776
0.000232097186701
0.000331567409573
0.000198940445744
0.000464194373402
0.000464194373402
0.000928388746803
0.00106101571063
0.000232097186701
6.63134819145e-05
9.94702228718e-05
0.000397880891487
9.94702228718e-05
0.000165783704786
0.000232097186701
6.63134819145e-05
0.00096154548776
9.94702228718e-05
9.94702228718e-05
6.63134819145e-05
0.000928388746803
0.000331567409573
0.00106101571063
0.00106101571063
0.00112732919255
0.00112732919255
0.00102785896967
0.00112732919255
0.000431037632444
9.94702228718e-05
0.000331567409573
0.000397880891487
0.000165783704786
0.000198940445744
0.000431037632444
0.000331567409573
0.000928388746803
0.000928388746803
0.00112732919255
0.000132626963829
0.000165783704786
0.000431037632444
0.000331567409573
0.000165783704786
0.000165783704786
0.0011604859335
3.31567409573e-05
6.63134819145e-05
6.63134819145e-05
0.000431037632444
0.000232097186701
0.00102785896967
0.00112732919255
0.000696291560102
0.000165783704786
0.000298410668615
0.000663134819145
0.000232097186701
9.94702228718e-05
0.000132626963829
0.000331567409573
0.000265253927658
0.000397880891487
0.000331567409573
0.000198940445744
0.000132626963829
0.000464194373402
0.000431037632444
0.00096154548776
0.00109417245159
6.63134819145e-05
0.000331567409573
0.000198940445744
0.000431037632444
3.31567409573e-05
3.31567409573e-05
0.000208531238582
3.47552064304e-05
0.00173776032152
0.000243286445013
3.47552064304e-05
0.00166824990866
0.00170300511509
0.000451817683595
6.95104128608e-05
0.00170300511509
0.00170300511509
0.00170300511509
0.00170300511509
0.000208531238582
0.000208531238582
0.000104265619291
0.00170300511509
0.00170300511509
0.000173776032152
0.000451817683595
0.000139020825722
0.00173776032152
0.00173776032152
0.000243286445013
0.000104265619291
0.000243286445013
0.00173776032152
0.00173776032152
0.000382307270734
0.000208531238582
0.000382307270734
0.000521328096456
0.000243286445013
0.000382307270734
0.000243286445013
0.000208531238582
0.00170300511509
0.000451817683595
0.000243286445013
0.000312796857874
0.000486572890026
0.00125118743149
0.000173776032152
0.000451817683595
0.00170300511509
0.000173776032152
0.00170300511509
0.00170300511509
0.00173776032152
0.000139020825722
0.000104265619291
0.000451817683595
0.000417062477165
0.000243286445013
0.000104265619291
0.000278041651443
0.000625593715747
0.00170300511509
6.95104128608e-05
0.000104265619291
0.000139020825722
0.000278041651443
0.000104265619291
0.000417062477165
0.00170300511509
0.00170300511509
0.000208531238582
0.000451817683595
6.95104128608e-05
0.00170300511509
0.000451817683595
0.00170300511509
0.000173776032152
0.000208531238582
0.00170300511509
0.000451817683595
0.000278041651443
0.000312796857874
0.000312796857874
0.00173776032152
0.000312796857874
0.00170300511509
0.000104265619291
3.47552064304e-05
0.000347552064304
0.000312796857874
0.000208531238582
0.000139020825722
0.000451817683595
0.000173776032152
0.000173776032152
0.000173776032152
0.000104265619291
0.000173776032152
0.00170300511509
0.00170300511509
0.00170300511509
0.00170300511509
0.00170300511509
3.47552064304e-05
0.00170300511509
0.00170300511509
0.000312796857874
0.00170300511509
0.000347552064304
0.00170300511509
0.000278041651443
3.47552064304e-05
0.00170300511509
0.000243286445013
0.00170300511509
0.00170300511509
0.00170300511509
0.00170300511509
0.000104265619291
6.95104128608e-05
0.00170300511509
0.00170300511509
0.00170300511509
0.00170300511509
0.00170300511509
0.00170300511509
0.00170300511509
0.00170300511509
0.00170300511509
0.00104910587423
0.00162792290829
0.00141086652052
0.000470288840174
0.000180880323144
0.000217056387773
0.000434112775545
0.000542640969431
0.00104910587423
3.61760646288e-05
7.23521292575e-05
0.00159174684367
0.00155557077904
0.00126616226201
0.000976753744976
0.00137469045589
0.00126616226201
0.00159174684367
0.000976753744976
0.00148321864978
0.00137469045589
0.00122998619738
3.61760646288e-05
3.61760646288e-05
0.00133851439126
0.000144704258515
0.000325584581659
0.000361760646288
0.00130233832664
0.000325584581659
0.000144704258515
0.000470288840174
0.000434112775545
0.000180880323144
7.23521292575e-05
3.61760646288e-05
7.23521292575e-05
0.00159174684367
0.000759697357204
0.000470288840174
0.00108528193886
0.000434112775545
0.000217056387773
0.00151939471441
0.000434112775545
0.000144704258515
0.000361760646288
0.000325584581659
0.00137469045589
0.00101292980961
0.00112145800349
7.23521292575e-05
7.23521292575e-05
3.61760646288e-05
0.000397936710916
0.00104910587423
0.00122998619738
0.00126616226201
0.00148321864978
0.00159174684367
0.00162792290829
3.61760646288e-05
0.00137469045589
0.000651169163318
0.00119381013275
7.23521292575e-05
0.000759697357204
0.00159174684367
0.00155557077904
0.00159174684367
0.00126616226201
0.000397936710916
0.00137469045589
3.61760646288e-05
0.00159174684367
0.000144704258515
0.000144704258515
0.000144704258515
0.000217056387773
0.00108528193886
0.000542640969431
0.000180880323144
0.00028940851703
0.000397936710916
0.000759697357204
0.000397936710916
0.00130233832664
0.00101292980961
0.00144704258515
0.00122998619738
0.00144704258515
0.00122998619738
0.000976753744976
7.23521292575e-05
0.00133851439126
3.61760646288e-05
0.000253232452401
0.000253232452401
0.000470288840174
0.00126616226201
0.00122998619738
0.000361760646288
0.000325584581659
0.00159174684367
0.000434112775545
0.000217056387773
0.000144704258515
7.23521292575e-05
0.00122998619738
0.000108528193886
0.000253232452401
0.00028940851703
0.000434112775545
3.61760646288e-05
0.000144704258515
0.000144704258515
0.000470288840174
0.000180880323144
0.000217056387773
0.000108528193886
0.00148321864978
3.61760646288e-05
0.000253232452401
0.000144704258515
0.000217056387773
0.00086822555109
0.00104910587423
0.000144704258515
0.000144704258515
7.23521292575e-05
0.000561822555109
0.000861461251167
0.00119855478423
7.49096740145e-05
0.000973825762189
0.000262183859051
0.00119855478423
0.000449458044087
0.000711641903138
0.000187274185036
0.000337093533065
0.000224729022044
0.00041200320708
0.000486912881094
0.00138582896927
0.00116109994723
0.00123600962124
0.00108619027321
0.000299638696058
0.000112364511022
0.000898916088174
0.000898916088174
0.000898916088174
0.00131091929525
0.000112364511022
7.49096740145e-05
0.00127346445825
0.000898916088174
0.000898916088174
0.000112364511022
7.49096740145e-05
0.00108619027321
0.000337093533065
0.000112364511022
7.49096740145e-05
3.74548370073e-05
3.74548370073e-05
0.00041200320708
0.000561822555109
0.000149819348029
0.000187274185036
0.000224729022044
0.000262183859051
0.000224729022044
0.000561822555109
0.000449458044087
0.000599277392116
0.000561822555109
0.00116109994723
0.00119855478423
0.000224729022044
0.000262183859051
0.00041200320708
0.00119855478423
0.000187274185036
0.000149819348029
0.00041200320708
0.000112364511022
0.000711641903138
0.000861461251167
0.000861461251167
0.00131091929525
0.000187274185036
0.000149819348029
0.000149819348029
0.000449458044087
0.000486912881094
0.000224729022044
0.000224729022044
7.49096740145e-05
0.000187274185036
0.000224729022044
0.000187274185036
0.000224729022044
0.000262183859051
0.000861461251167
0.000112364511022
0.00119855478423
0.0010487354362
0.00131091929525
0.00127346445825
0.000861461251167
0.000187274185036
0.000112364511022
7.49096740145e-05
7.49096740145e-05
0.000149819348029
0.000187274185036
0.000112364511022
0.000149819348029
0.000711641903138
0.00131091929525
0.00131091929525
0.000599277392116
0.000486912881094
0.000149819348029
7.49096740145e-05
0.00112364511022
0.0010487354362
0.000973825762189
7.49096740145e-05
7.49096740145e-05
7.49096740145e-05
0.00108619027321
0.000187274185036
0.000187274185036
0.000262183859051
0.000224729022044
0.000337093533065
0.000449458044087
0.00131091929525
0.00123600962124
0.000711641903138
0.000711641903138
0.000187274185036
0.000112364511022
0.00041200320708
0.000231704144108
0.000386173573514
0.000193086786757
0.000154469429405
0.000308938858811
0.000193086786757
0.000308938858811
0.00027032150146
0.000733729789676
0.00115852072054
0.000193086786757
0.001428842222
0.00139022486465
0.0013516075073
7.72347147027e-05
0.000347556216162
0.00027032150146
0.000424790930865
0.000115852072054
0.001428842222
0.001428842222
0.00027032150146
0.00131299014995
0.000193086786757
0.000115852072054
0.000386173573514
0.000308938858811
0.00084958186173
0.000154469429405
0.000617877717622
0.000231704144108
0.00027032150146
0.00027032150146
0.0013516075073
0.00115852072054
0.00027032150146
0.000154469429405
0.000154469429405
0.00173778108081
0.00169916372346
0.000231704144108
0.000115852072054
0.000231704144108
0.000695112432325
0.00027032150146
0.00169916372346
0.00169916372346
0.000347556216162
0.000347556216162
0.000231704144108
0.000115852072054
0.000231704144108
0.000193086786757
0.000115852072054
0.001428842222
0.00169916372346
0.00173778108081
0.00123575543524
0.000695112432325
0.000154469429405
3.86173573514e-05
0.000193086786757
0.00027032150146
0.000308938858811
0.000695112432325
0.000733729789676
0.000231704144108
0.0015060769367
0.000193086786757
0.000115852072054
0.000347556216162
0.000424790930865
0.000502025645568
0.000308938858811
0.000231704144108
0.00027032150146
0.00169916372346
0.00131299014995
0.000386173573514
0.000193086786757
0.000386173573514
0.000347556216162
0.00119713807789
0.0012743727926
0.000193086786757
0.000115852072054
0.00119713807789
0.000115852072054
0.000115852072054
0.000540643002919
0.000308938858811
0.00027032150146
0.000231704144108
0.000115852072054
0.000193086786757
0.00139022486465
0.0013516075073
0.000231704144108
0.00169916372346
0.000115852072054
0.0013516075073
7.72347147027e-05
0.00104266864849
0.000115852072054
3.86173573514e-05
0.00162192900876
0.000115852072054
0.00111990336319
0.0015060769367
0.00027032150146
3.86173573514e-05
3.86173573514e-05
0.00111990336319
0.000424790930865
0.00115852072054
0.00115852072054
0.00123575543524
0.00146745957935
0.00119713807789
0.00111990336319
0.000463408288216
0.00173778108081
0.000386173573514
0.00173778108081
3.86173573514e-05
3.86173573514e-05
0.00115852072054
0.00115852072054
0.00169916372346
0.00173778108081
0.00194446704901
0.00194446704901
0.000396830010001
0.000277781007001
7.93660020003e-05
7.93660020003e-05
0.000277781007001
0.00182541804601
0.00194446704901
0.00194446704901
7.93660020003e-05
0.000158732004001
0.000158732004001
0.000158732004001
0.000158732004001
0.000277781007001
0.000238098006001
0.000238098006001
0.00198415005001
0.000317464008001
0.00194446704901
0.00198415005001
0.00194446704901
0.00194446704901
0.000634928016002
3.96830010001e-05
0.00150795403801
0.00202383305101
0.00198415005001
0.00198415005001
0.000119049003
3.96830010001e-05
0.00186510104701
0.00194446704901
0.00194446704901
0.000515879013002
7.93660020003e-05
0.00194446704901
0.000277781007001
0.00178573504501
0.000238098006001
7.93660020003e-05
0.000119049003
0.00158732004001
0.00198415005001
0.00194446704901
0.000277781007001
0.000317464008001
0.000158732004001
3.96830010001e-05
0.00194446704901
0.00174605204401
0.000515879013002
0.000555562014002
0.000634928016002
0.000515879013002
0.000357147009001
0.000476196012002
0.00198415005001
0.00186510104701
0.000595245015002
0.000158732004001
0.000158732004001
0.000396830010001
0.000238098006001
0.00170636904301
0.00202383305101
0.00182541804601
0.00190478404801
0.000238098006001
0.000158732004001
0.000238098006001
0.000238098006001
0.000317464008001
0.00198415005001
0.00186510104701
0.000515879013002
0.000555562014002
0.000198415005001
0.000476196012002
0.000436513011002
0.00182541804601
0.000634928016002
0.00170636904301
0.00170636904301
0.00194446704901
0.000436513011002
0.000238098006001
0.000476196012002
7.93660020003e-05
0.00194446704901
0.000555562014002
0.000158732004001
0.00194446704901
3.96830010001e-05
0.00182541804601
0.000198415005001
0.00162700304101
0.00166668604201
0.00190478404801
7.93660020003e-05
0.00194446704901
0.00194446704901
0.00194446704901
0.000119049003
0.000119049003
0.000396830010001
0.000357147009001
0.00174605204401
0.00198415005001
0.000119049003
0.00194446704901
0.00194446704901
0.000317464008001
7.93660020003e-05
0.000317464008001
0.000119049003
0.000119049003
0.00198415005001
3.96830010001e-05
0.000317464008001
4.06666720605e-05
0.00101666680151
0.00126066683388
0.00073200009709
0.00126066683388
0.00126066683388
0.000488000064726
0.000569333408847
0.000528666736787
0.000447333392666
0.000162666688242
8.13333441211e-05
0.000284666704424
0.000447333392666
0.000366000048545
8.13333441211e-05
0.000488000064726
0.000894666785332
4.06666720605e-05
0.000203333360303
0.00126066683388
0.00126066683388
0.000284666704424
0.000528666736787
0.00142333352212
0.00146400019418
0.000203333360303
0.000569333408847
0.000162666688242
0.000122000016182
0.000691333425029
0.000691333425029
0.000366000048545
0.000528666736787
8.13333441211e-05
0.000203333360303
0.000203333360303
0.000122000016182
8.13333441211e-05
0.000244000032363
0.000366000048545
0.00117933348976
0.000325333376484
0.00130133350594
0.00126066683388
0.000366000048545
0.000366000048545
0.000488000064726
0.000447333392666
0.000488000064726
0.000122000016182
0.000325333376484
0.000447333392666
0.000447333392666
0.000284666704424
0.000488000064726
0.000325333376484
0.000406666720605
0.000488000064726
4.06666720605e-05
0.00126066683388
0.00126066683388
0.000488000064726
0.000366000048545
0.000366000048545
0.000366000048545
0.000488000064726
0.000325333376484
0.000284666704424
0.000650666752969
0.000122000016182
0.000162666688242
0.000325333376484
0.000366000048545
0.00126066683388
4.06666720605e-05
4.06666720605e-05
0.000325333376484
0.000284666704424
0.00130133350594
0.00142333352212
0.00138266685006
0.000325333376484
0.000325333376484
0.000162666688242
0.000284666704424
0.000162666688242
0.00126066683388
0.000284666704424
0.000122000016182
0.000122000016182
0.00077266676915
0.000488000064726
0.000244000032363
0.000325333376484
0.001342000178
0.00130133350594
0.00142333352212
0.00138266685006
0.000284666704424
0.00142333352212
0.00122000016182
0.00138266685006
0.00138266685006
8.13333441211e-05
0.000162666688242
0.000447333392666
0.000447333392666
0.000244000032363
0.000488000064726
0.000244000032363
0.000366000048545
0.00122000016182
0.00117933348976
0.000488000064726
0.000162666688242
0.000244000032363
0.000366000048545
0.00126066683388
0.00126066683388
0.000447333392666
0.00073200009709
0.000569333408847
0.000528666736787
0.000366000048545
0.000488000064726
0.000162666688242
0.000244000032363
0.000203333360303
0.000284666704424
0.00207900404512
0.000623701213535
0.000207900404512
0.000207900404512
0.00216216420692
0.000124740242707
0.00212058412602
0.000457380889926
0.00207900404512
0.00212058412602
0.00212058412602
0.00203742396421
4.15800809023e-05
0.00137214266978
0.000249480485414
0.000415800809023
0.000374220728121
0.00207900404512
0.00212058412602
4.15800809023e-05
4.15800809023e-05
0.000291060566316
0.000249480485414
0.000332640647219
0.000374220728121
0.000415800809023
0.00207900404512
0.000207900404512
0.000332640647219
0.00212058412602
0.00216216420692
0.000623701213535
0.000415800809023
0.000124740242707
0.000332640647219
0.000374220728121
0.00207900404512
0.00212058412602
0.00207900404512
0.000166320323609
0.000498960970828
0.000166320323609
0.00212058412602
0.000166320323609
0.000291060566316
0.000249480485414
0.000332640647219
0.000374220728121
0.000374220728121
0.000207900404512
0.00207900404512
0.000415800809023
0.00216216420692
0.00216216420692
0.000166320323609
0.000207900404512
0.000166320323609
0.000124740242707
0.00216216420692
0.00216216420692
0.000457380889926
0.000249480485414
0.000124740242707
0.000166320323609
0.000166320323609
0.000291060566316
0.000124740242707
0.0018711036406
0.00207900404512
0.000457380889926
0.0018711036406
0.00195426380241
0.000415800809023
0.00212058412602
0.00216216420692
0.00207900404512
0.00207900404512
0.000332640647219
0.00207900404512
0.00203742396421
0.00212058412602
0.00216216420692
0.00212058412602
0.00212058412602
4.15800809023e-05
0.000415800809023
0.00212058412602
0.00195426380241
0.00195426380241
0.000997921941656
0.00207900404512
0.000124740242707
0.000415800809023
0.000291060566316
4.15800809023e-05
0.0017879434788
0.00212058412602
0.00212058412602
0.000457380889926
0.000415800809023
0.00199584388331
0.00212058412602
0.000291060566316
0.000291060566316
0.000415800809023
0.000498960970828
0.00212058412602
0.00212058412602
0.000124740242707
0.000166320323609
0.000207900404512
0.000332640647219
0.000374220728121
4.15800809023e-05
8.31601618047e-05
0.000124740242707
0.000374220728121
0.000374220728121
0.000374220728121
0.000166320323609
4.15800809023e-05
0.00212058412602
0.00207900404512
0.00195426380241
0.00199584388331
0.000291060566316
0.000997921941656
0.000124740242707
0.000415800809023
0.000332640647219
0.000291060566316
0.000124740242707
0.000937586532535
0.00299360597842
0.000733342620011
0.00331642937909
0.0032821356322
0.00330342187296
0.00338908629733
0.000297028170749
0.000297028170749
0.000127297787464
0.00247591631159
0.00332456822802
0.0032821356322
0.000466758554035
8.48651916427e-05
8.48651916427e-05
0.000339460766571
0.000381893362392
0.000297028170749
0.00131541047046
0.000254595574928
0.000509191149856
0.00332456822802
0.0032821356322
4.24325958213e-05
0.00323970303638
0.000169730383285
0.000509191149856
0.000297028170749
0.0032821356322
0.000297028170749
0.000466758554035
0.000169730383285
0.000254595574928
0.000466758554035
0.000466758554035
0.000509191149856
0.000466758554035
0.00101838229971
0.00332456822802
0.0032821356322
0.00332456822802
0.00332456822802
0.00205159035338
0.0032821356322
0.000254595574928
0.00273051188652
0.00196483365313
0.0032821356322
0.000254595574928
0.00315483784474
0.0032821356322
0.000583959359055
0.0032821356322
0.000127297787464
0.00306997265309
0.00315483784474
0.00319727044056
0.00308196114414
0.000509191149856
0.00323970303638
0.000551623745677
0.000127297787464
0.000127297787464
0.00332456822802
4.24325958213e-05
0.000254595574928
0.000254595574928
0.000509191149856
0.000551623745677
0.000212162979107
0.00319727044056
4.24325958213e-05
0.000509191149856
0.000297028170749
8.48651916427e-05
0.0032821356322
0.00332456822802
0.000509191149856
0.0032821356322
8.48651916427e-05
0.000169730383285
0.000127297787464
0.000254595574928
0.0032821356322
0.000466758554035
0.000169730383285
8.48651916427e-05
0.000297028170749
4.24325958213e-05
0.00183942737427
0.0029970959525
0.00315483784474
0.00290024226981
0.00302754005727
0.00290024226981
0.00302754005727
0.000127297787464
0.00290024226981
0.000127297787464
0.00306997265309
0.000509191149856
0.00323970303638
0.00306997265309
0.00332456822802
0.0032821356322
0.0032821356322
0.000424325958213
0.000509191149856
0.000509191149856
0.000169730383285
0.000424325958213
0.000424325958213
0.000297028170749
0.00323970303638
0.000169730383285
0.000424325958213
0.00278493297339
0.000407761853094
0.00169730383285
8.48651916427e-05
0.00290024226981
0.000583959359055
0.00250636041637
8.48651916427e-05
0.00303952854832
0.00319727044056
0.00323970303638
0.00273051188652
0.0032821356322
0.000466758554035
0.00290024226981
0.0032821356322
0.00306997265309
0.00298510746145
0.000212162979107
0.00259122560801
0.00169730383285
0.00152757344957
0.000127297787464
0.000381893362392
0.00464891678015
0.00480489839925
0.0048481302278
8.64636571158e-05
0.00185896862799
0.00293976434194
0.00276683702771
0.000605245599811
0.000562013771253
0.00293976434194
0.00255067788492
0.00021615914279
0.000259390971347
0.000475550114137
0.00242098239924
0.00307562525693
0.00380739133345
0.00295742072293
0.00350794354251
0.00342147988539
0.00333501622828
0.00324855257116
0.00255067788492
0.00450227559934
0.00207512777078
0.000345854628463
0.000432318285579
0.000648477428369
0.00268037337059
0.00272360519915
0.0024642142278
0.00268037337059
0.00172927314232
0.00108079571395
0.00224805508501
0.00190220045655
0.000129695485674
0.000136820800015
0.000605245599811
0.000302622799905
0.000129695485674
0.000648477428369
0.000648477428369
0.00021615914279
0.00021615914279
0.000259390971347
0.000259390971347
0.000648477428369
0.000648477428369
0.00250744605636
8.64636571158e-05
0.000648477428369
0.00242098239924
0.000605245599811
0.000389086457021
8.64636571158e-05
0.00425048988485
0.000605245599811
0.00324681738973
0.00359267201819
0.00350620836108
0.000518781942695
0.000648477428369
0.00286042599916
0.00259390971347
0.00185896862799
0.00207512777078
0.00361193898102
0.000129695485674
0.00350620836108
0.000389086457021
0.000389086457021
0.00229128691357
0.00259390971347
0.00311269165617
0.00425048988485
0.000518781942695
0.000605245599811
0.000432318285579
0.000951100228274
0.000562013771253
0.00203189594222
0.00464891678015
8.64636571158e-05
0.00329274428474
0.000345854628463
0.00464891678015
0.00333328104685
0.00467520291357
0.00476166657069
0.00415642097088
0.00328904780007
0.0024642142278
0.000562013771253
0.00464891678015
0.00237775057069
0.00364524428503
0.00368087085674
0.00389702999953
0.00338616712342
0.00324855257116
0.00367913567531
0.00425048988485
0.000562013771253
0.000518781942695
0.000518781942695
0.000605245599811
0.000562013771253
0.000475550114137
0.000172927314232
0.000432318285579
0.00021615914279
0.00021615914279
0.000691709256927
0.000562013771253
0.000562013771253
0.000648477428369
0.000648477428369
0.00385379817097
0.00458873925646
0.00458873925646
0.00480489839925
0.00464891678015
0.00469214860871
8.64636571158e-05
0.00345984305675
0.00359440719962
0.00425048988485
0.00259390971347
0.00268037337059
0.00272360519915
0.0024642142278
0.000951100228274
0.000605245599811
8.64636571158e-05
0.000129695485674
0.000605245599811
0.000259390971347
0.00155634582808
0.000475550114137
8.64636571158e-05
0.000218415799928
0.000136820800015
0.00338616712342
0.00342453029477
0.00376733451386
0.00350794354251
0.00428611645655
0.00376733451386
0.00476166657069
0.00467520291357
0.00237775057069
0.00322907794235
0.00399920719022
0.000172927314232
0.00021615914279
0.000605245599811
0.00021615914279
0.000605245599811
0.000605245599811
0.00233451874213
0.000389086457021
0.000562013771253
8.64636571158e-05
8.64636571158e-05
0.000605245599811
0.000345854628463
0.000475550114137
0.000670939910014
0.000659760714062
8.79680952082e-05
0.00285896309427
0.00080379015156
0.000175936190416
0.000175936190416
0.000659760714062
0.0026502220522
0.00260623800459
0.00260623800459
0.00227432019508
0.000571792618853
8.79680952082e-05
0.000219920238021
0.000659760714062
0.000395856428437
0.000659760714062
0.000615776666457
0.000791712856874
0.000439840476041
0.00272701095145
0.00343075571312
0.0032548195227
0.00416208209656
0.00140748952333
0.00189131404698
0.00233115452302
0.00281497904666
0.000263904285625
0.00369465999874
0.00416208209656
0.00416208209656
0.00398614590615
0.00407411400136
0.00381020971573
0.00394216185854
0.00344193490907
0.00357388705188
0.00287014229022
0.00322201467105
0.000586398847212
0.00378262809395
0.00385419376334
0.00339795086147
0.00403012995375
0.00398614590615
0.00416208209656
0.00411809804896
0.00299091523708
0.00299091523708
0.00369465999874
0.00102281229085
0.00326599871866
0.00313404657584
0.000615776666457
0.000439840476041
0.00294693118947
0.00285896309427
0.000483824523645
0.00294693118947
0.000263904285625
0.00303489928468
0.00307888333229
0.00420606614417
4.39840476041e-05
0.000307888333229
0.00074772880927
0.000175936190416
0.000219920238021
0.00140748952333
0.00101163309489
0.00237513857062
0.00193529809458
4.39840476041e-05
4.39840476041e-05
0.000263904285625
4.39840476041e-05
0.000219920238021
0.00256225395699
0.00260623800459
0.00221038157616
0.00247428586178
0.00294693118947
0.00299091523708
0.00277099499906
0.00303489928468
0.000395856428437
0.000175936190416
0.000263904285625
0.000439840476041
0.002111234285
0.00416208209656
0.00416208209656
0.00281497904666
0.0032108354751
0.00343075571312
0.000131952142812
0.00416208209656
0.00367825757292
0.00312286737989
0.000659760714062
0.00074772880927
0.00268302690385
0.00391458023677
0.0032108354751
0.00338677166552
0.000175936190416
0.000263904285625
0.000307888333229
0.000219920238021
0.000791712856874
0.00074772880927
0.00251826990939
0.0013506551954
0.00357388705188
0.00335396681386
0.00282615824261
0.00256225395699
0.00167139380896
0.00411809804896
0.00407411400136
0.00389817781094
0.000791712856874
0.00351872380833
0.0031668514275
4.39840476041e-05
0.00411809804896
0.000307888333229
0.000571792618853
0.000175936190416
0.000923664999686
0.0031668514275
0.00312286737989
0.00294693118947
0.00303489928468
0.00303489928468
0.00299091523708
0.000571792618853
0.00294693118947
0.000439840476041
0.00365067595114
0.000175936190416
0.000703744761666
0.00250709071343
0.00294693118947
0.00250709071343
8.79680952082e-05
4.39840476041e-05
0.00197928214218
0.000571792618853
0.00329880357031
0.00241912261823
0.000491639243736
0.000223472383516
0.000715111627252
0.000715111627252
0.000402250290329
0.000536333720439
0.000402250290329
0.000402250290329
0.00214533488176
0.000446944767033
0.000670417150549
4.46944767033e-05
0.000581028197143
0.00230823383682
0.00223472383516
0.0020400669766
0.0020847614533
0.00245819621868
0.00236880726527
0.00232411278857
0.00245819621868
0.000178777906813
0.00232411278857
0.00219002935846
0.00245819621868
0.00241350174198
0.000536333720439
0.000536333720439
0.000625722673846
4.46944767033e-05
0.00217415040671
0.000584393387612
0.000804500580659
0.000536333720439
0.00174308459143
0.00147491773121
0.00250289069538
0.00250289069538
0.000312861336923
0.00241350174198
8.93889534066e-05
0.000223472383516
0.000223472383516
0.000759806103956
0.000178777906813
0.000178777906813
0.000223472383516
0.000223472383516
0.000536333720439
0.000536333720439
0.00236880726527
0.00156430668461
0.00174308459143
0.00013408343011
4.46944767033e-05
0.000178777906813
0.000312861336923
0.000312861336923
0.00026816686022
0.000536333720439
0.000625722673846
0.00210064040505
0.00210064040505
0.000357555813626
0.00026816686022
0.000715111627252
0.000491639243736
0.0013855287778
0.00192186249824
0.00241350174198
0.00236880726527
0.00236880726527
0.000670417150549
0.000178777906813
0.00026816686022
0.00210064040505
0.00183247354483
0.000446944767033
0.000312861336923
0.00026816686022
0.00210064040505
0.000312861336923
0.000223472383516
0.000446944767033
0.000446944767033
0.000759806103956
0.000223472383516
0.000223472383516
0.000178777906813
0.000223472383516
0.000581028197143
0.00232411278857
0.00232411278857
0.00245819621868
0.00245819621868
0.00245819621868
0.00232411278857
0.00230823383682
0.00217415040671
0.0020400669766
0.00123556639594
0.00147491773121
0.00205594592835
0.000536333720439
0.000223472383516
0.000178777906813
0.000715111627252
0.000759806103956
0.00223472383516
0.00232411278857
0.00187716802154
0.00013408343011
0.000223472383516
0.000223472383516
0.00013408343011
0.000715111627252
0.00223472383516
0.000670417150549
0.00245819621868
0.000536333720439
0.000223472383516
0.000893889534066
0.000893889534066
0.0014302232545
0.00210064040505
8.93889534066e-05
0.000536333720439
0.00210064040505
0.000491639243736
0.00192186249824
0.000178777906813
0.000223472383516
4.46944767033e-05
0.000670417150549
0.000670417150549
0.000178777906813
0.00201125145165
0.000715111627252
0.000402250290329
0.00210064040505
0.000849195057362
0.00210064040505
0.000226837573986
0.000272205088783
0.000272205088783
0.000181470059189
0.000272205088783
0.000226837573986
0.000272205088783
0.000453675147972
0.000362940118378
0.000226837573986
0.000362940118378
0.000544410177567
0.000181470059189
0.000272205088783
0.000952717810742
0.000952717810742
0.000272205088783
0.000635145207161
0.00208690568067
4.53675147972e-05
0.00226837573986
0.00222300822506
0.00231374325466
0.00231374325466
0.000181470059189
0.00235911076946
0.00235911076946
0.00131565792912
0.00108882035513
0.000317572603581
0.000408307633175
0.000136102544392
0.00204153816588
0.000408307633175
0.000317572603581
0.0016332305327
0.00231374325466
0.00199617065108
0.00235911076946
0.000362940118378
0.0016785980475
0.000998085325539
0.00240447828425
0.00244984579905
0.00186006810669
0.0016332305327
0.000408307633175
0.000907350295945
0.000317572603581
0.00222300822506
0.00226837573986
0.000362940118378
0.00231374325466
0.000362940118378
0.00049904266277
0.000589777692364
0.000226837573986
0.000272205088783
0.000136102544392
0.00235911076946
0.000589777692364
0.000453675147972
0.00231374325466
0.00231374325466
0.00240447828425
0.00231374325466
0.00235911076946
0.00104345284034
0.00122492289953
0.00231374325466
0.00231374325466
0.00235911076946
0.00222300822506
0.000453675147972
0.00226837573986
0.00231374325466
0.0016332305327
0.000181470059189
0.0016785980475
9.07350295945e-05
0.000453675147972
0.000725880236756
0.00231374325466
9.07350295945e-05
0.000453675147972
0.000226837573986
0.000136102544392
0.000136102544392
0.00195080313628
9.07350295945e-05
0.000408307633175
0.000453675147972
0.000453675147972
0.000453675147972
0.00231374325466
0.000952717810742
0.00235911076946
0.00231374325466
0.000453675147972
0.000589777692364
0.00195080313628
0.00049904266277
0.000317572603581
0.000408307633175
0.000544410177567
0.000635145207161
0.00231374325466
0.00231374325466
0.000226837573986
0.000362940118378
0.000181470059189
0.00231374325466
0.00217764071027
0.00049904266277
0.000181470059189
0.000272205088783
0.000272205088783
0.00217764071027
0.00222300822506
0.000725880236756
0.00204153816588
0.000136102544392
0.000771247751553
0.000136102544392
0.000136102544392
9.07350295945e-05
0.000181470059189
0.00149712798831
0.000136102544392
0.00235911076946
0.00204153816588
0.00117955538473
0.00235911076946
0.000544410177567
0.000771247751553
0.00235911076946
0.000544410177567
4.60069009865e-05
0.00188628294045
0.0027144071582
0.000138020702959
0.000414062108878
0.0023923588513
0.00262239335623
0.000874131118743
0.00276041405919
0.00105815872269
0.00216232434637
0.00253037955426
0.00253037955426
0.00253037955426
4.60069009865e-05
0.000138020702959
0.00230034504932
0.00243836575228
9.2013801973e-05
9.2013801973e-05
9.2013801973e-05
0.000736110415784
0.00234635195031
0.0023923588513
0.0023923588513
0.000644096613811
0.00078211731677
0.00234635195031
0.00243836575228
0.000552082811838
0.000644096613811
0.00211631744538
0.00225433814834
0.000506075910851
0.000414062108878
4.60069009865e-05
0.000138020702959
0.00234635195031
4.60069009865e-05
0.00253037955426
0.00211631744538
0.00243836575228
0.00253037955426
0.00243836575228
0.00243836575228
0.000138020702959
0.00253037955426
9.2013801973e-05
9.2013801973e-05
4.60069009865e-05
0.00243836575228
0.00234635195031
0.000736110415784
0.00243836575228
0.000184027603946
0.000736110415784
0.000276041405919
0.000138020702959
0.000230034504932
0.000828124217757
0.000138020702959
0.00257638645524
0.000414062108878
4.60069009865e-05
0.000552082811838
0.000552082811838
0.00078211731677
0.000874131118743
0.000644096613811
0.00078211731677
0.00078211731677
0.00078211731677
0.00078211731677
0.000644096613811
0.000828124217757
4.60069009865e-05
0.000138020702959
0.000230034504932
0.000552082811838
0.00216232434637
0.00243836575228
4.60069009865e-05
0.000138020702959
0.000736110415784
0.000736110415784
0.000230034504932
0.000230034504932
0.00248437265327
0.000598089712824
0.000736110415784
0.000644096613811
0.00243836575228
0.00243836575228
0.00216232434637
0.000368055207892
0.00253037955426
0.00253037955426
0.00105815872269
0.00276041405919
0.00216232434637
0.00248437265327
0.000552082811838
0.000598089712824
9.2013801973e-05
4.60069009865e-05
9.2013801973e-05
0.00248437265327
0.00248437265327
0.00207031054439
0.00207031054439
9.2013801973e-05
9.2013801973e-05
0.000874131118743
0.00243836575228
0.000828124217757
0.00266840025722
0.0027144071582
0.000736110415784
0.000874131118743
0.00248437265327
0.000552082811838
0.000506075910851
0.000506075910851
0.000276041405919
0.000598089712824
0.000230034504932
0.000552082811838
0.000138020702959
0.000736110415784
0.00078211731677
4.60069009865e-05
0.00216232434637
4.60069009865e-05
0.000184027603946
0.00216232434637
0.000506075910851
0.000368055207892
0.000874131118743
0.00262239335623
0.00262239335623
0.00253037955426
0.00253037955426
0.000138020702959
0.000230034504932
0.000184027603946
0.000230034504932
0.000186463360857
0.000279695041286
0.000606005922787
9.32316804287e-05
0.00312326129436
0.00251725537158
0.00256387121179
0.000279695041286
0.000279695041286
0.000233079201072
0.000139847520643
0.002610487052
0.000279695041286
0.000279695041286
0.000559390082572
0.000186463360857
0.000186463360857
0.000419542561929
0.000139847520643
9.32316804287e-05
0.00153832272707
0.00298341377372
0.0029367979335
0.00298341377372
0.0029367979335
0.000326310881501
0.000419542561929
0.00284356625308
0.00223756033029
0.002610487052
0.00284356625308
0.00307664545415
0.0029367979335
0.00275033457265
0.00200448112922
0.000606005922787
0.000233079201072
9.32316804287e-05
0.000326310881501
0.00265710289222
0.000885700964073
0.00298341377372
0.00307664545415
0.00289018209329
0.00289018209329
0.00303002961393
0.00289018209329
4.66158402144e-05
0.00303002961393
0.000279695041286
0.00205109696943
0.000233079201072
0.000279695041286
0.000606005922787
0.000932316804287
0.00251725537158
0.0029367979335
0.000792469283644
0.00307664545415
0.000652621763001
0.00251725537158
0.00275033457265
0.00265710289222
0.00303002961393
0.00312326129436
0.00270371873243
0.000279695041286
0.00270371873243
0.00298341377372
0.00303002961393
0.000139847520643
0.002610487052
0.00303002961393
0.00289018209329
0.000419542561929
0.000652621763001
0.00256387121179
0.000932316804287
0.00307664545415
0.000606005922787
0.000512774242358
0.000139847520643
0.000699237603215
9.32316804287e-05
4.66158402144e-05
0.000279695041286
4.66158402144e-05
0.00251725537158
0.00298341377372
0.00125862768579
0.000233079201072
0.00242402369115
9.32316804287e-05
0.00233079201072
0.000885700964073
0.0029367979335
0.00289018209329
0.00312326129436
0.000326310881501
0.000186463360857
0.000559390082572
0.000326310881501
0.00135185936622
0.00149170688686
0.00303002961393
9.32316804287e-05
0.00312326129436
0.00312326129436
0.000233079201072
0.000652621763001
0.000652621763001
0.000233079201072
0.000233079201072
0.000606005922787
0.000559390082572
0.000186463360857
0.0016315544075
0.00316987713458
0.0029367979335
0.000233079201072
0.000233079201072
0.000233079201072
9.32316804287e-05
9.32316804287e-05
9.32316804287e-05
0.000186463360857
0.000233079201072
0.000233079201072
0.00298341377372
0.000186463360857
0.000652621763001
0.00265710289222
0.000326310881501
0.00298341377372
0.00312326129436
0.00256387121179
0.00307664545415
0.00237740785093
0.00256387121179
0.00303002961393
0.000186463360857
0.00247063953136
0.000519168104251
0.00066075940541
0.000235985501932
0.000188788401546
0.00259584052125
0.000188788401546
0.000188788401546
0.000613562305023
0.0017462927143
0.000330379702705
0.000141591301159
0.00188788401546
0.000330379702705
0.000141591301159
0.000519168104251
0.00235985501932
0.000471971003864
0.000519168104251
0.00231265791893
0.00198227821623
0.00235985501932
0.00254864342087
0.00066075940541
0.000707956505796
0.00066075940541
0.000707956505796
0.000377576803091
0.000330379702705
0.000283182602318
0.00226546081855
0.00235985501932
0.00250144632048
0.00231265791893
0.00254864342087
0.000141591301159
0.000519168104251
0.000755153606183
0.00254864342087
0.000377576803091
0.000377576803091
0.00245424922009
9.43942007728e-05
4.71971003864e-05
4.71971003864e-05
0.000424773903478
0.000235985501932
0.000330379702705
0.000519168104251
0.000330379702705
0.00254864342087
0.00259584052125
0.00250144632048
0.00254864342087
0.00217106661777
0.000377576803091
0.000235985501932
0.00254864342087
0.00250144632048
0.00240705211971
4.71971003864e-05
0.00240705211971
0.00250144632048
0.000377576803091
0.000188788401546
0.00254864342087
0.00254864342087
0.000141591301159
0.00184068691507
0.00250144632048
0.00250144632048
0.00254864342087
0.00250144632048
0.00231265791893
0.00259584052125
0.00254864342087
0.00250144632048
0.000519168104251
0.000519168104251
0.00254864342087
0.000330379702705
0.00254864342087
0.000235985501932
0.000235985501932
0.000849547806955
0.00212386951739
0.000330379702705
0.000188788401546
0.00193508111584
0.000141591301159
0.00250144632048
0.000141591301159
0.00066075940541
0.000707956505796
0.000235985501932
0.000235985501932
0.000283182602318
0.000235985501932
0.000471971003864
0.000330379702705
0.000755153606183
0.00240705211971
0.00066075940541
0.00066075940541
0.000141591301159
0.000566365204637
0.000283182602318
0.000707956505796
0.000188788401546
0.000141591301159
0.000519168104251
0.000141591301159
0.00250144632048
0.000471971003864
9.43942007728e-05
4.71971003864e-05
0.000613562305023
0.000283182602318
0.000283182602318
0.00151030721237
0.00217106661777
0.00217106661777
0.00250144632048
0.00240705211971
0.000188788401546
0.000377576803091
0.000330379702705
0.00217106661777
0.00240705211971
0.00245424922009
0.00250144632048
0.00250144632048
0.00250144632048
4.71971003864e-05
4.71971003864e-05
0.000471971003864
0.00217106661777
9.43942007728e-05
0.00152809882807
9.55061767541e-05
0.000668543237279
0.000382024707017
0.000143259265131
0.0012415802978
0.00109832103267
0.00100281485592
0.0012415802978
9.55061767541e-05
0.000191012353508
0.000143259265131
0.000859555590787
0.000620790148902
0.000238765441885
0.00148034573969
0.00143259265131
0.000191012353508
0.000334271618639
0.000286518530262
0.000477530883771
0.000238765441885
0.000907308679164
0.000907308679164
0.000955061767541
0.00100281485592
0.00138483956294
0.00138483956294
0.000859555590787
0.000859555590787
0.00114607412105
4.77530883771e-05
0.00133708647456
0.00081180250241
0.000143259265131
0.00148034573969
0.00114607412105
0.0012415802978
0.00100281485592
0.000573037060525
0.000668543237279
0.000955061767541
0.000907308679164
0.000764049414033
0.00100281485592
0.00152809882807
0.000907308679164
9.55061767541e-05
0.000238765441885
0.000191012353508
0.000143259265131
0.00081180250241
0.000907308679164
0.000907308679164
0.000955061767541
0.00081180250241
0.000716296325656
0.000859555590787
0.000525283972148
0.000429777795394
0.00081180250241
0.00081180250241
0.000955061767541
0.000955061767541
0.000907308679164
0.000859555590787
0.00109832103267
0.000191012353508
0.000286518530262
0.000429777795394
0.000525283972148
0.000238765441885
0.000334271618639
0.000191012353508
0.000238765441885
0.000429777795394
0.000477530883771
0.000429777795394
0.000238765441885
0.000191012353508
0.000143259265131
0.000238765441885
0.00109832103267
0.000286518530262
0.000286518530262
0.00133708647456
0.000716296325656
0.000382024707017
0.00081180250241
0.000668543237279
0.000859555590787
0.0012415802978
0.000955061767541
9.55061767541e-05
0.000238765441885
0.000477530883771
0.000382024707017
0.000477530883771
0.000238765441885
0.00114607412105
0.000143259265131
0.000191012353508
0.0012415802978
0.000334271618639
0.000334271618639
0.000143259265131
0.00067600274282
0.00067600274282
0.00101400411423
0.000965718204029
0.000627716832619
0.000386287281612
0.000386287281612
0.000289715461209
4.82859102015e-05
4.82859102015e-05
9.65718204029e-05
0.000965718204029
0.00101400411423
0.000482859102015
0.00111057593463
9.65718204029e-05
0.00111057593463
4.82859102015e-05
0.000724288653022
0.000579430922417
0.00106229002443
0.000531145012216
0.000434573191813
0.000869146383626
9.65718204029e-05
0.000531145012216
0.000386287281612
0.000193143640806
0.00111057593463
0.000579430922417
0.000434573191813
0.000531145012216
0.000434573191813
0.000434573191813
0.00033800137141
9.65718204029e-05
0.000386287281612
0.000579430922417
0.000482859102015
0.00106229002443
0.00111057593463
0.000434573191813
0.00111057593463
0.000289715461209
0.000144857730604
0.000386287281612
0.000579430922417
9.65718204029e-05
0.00120714775504
0.000627716832619
0.000531145012216
9.65718204029e-05
0.000144857730604
0.00111057593463
4.82859102015e-05
0.000386287281612
0.000241429551007
0.000386287281612
0.000482859102015
0.00111057593463
0.00111057593463
0.000193143640806
9.65718204029e-05
0.00111057593463
0.00067600274282
0.000144857730604
0.000144857730604
0.00101400411423
9.65718204029e-05
4.82859102015e-05
0.000144857730604
0.000193143640806
0.000482859102015
0.000434573191813
0.000144857730604
0.000144857730604
0.000144857730604
0.000627716832619
0.00101400411423
0.00120714775504
0.000482859102015
0.00033800137141
0.000144857730604
0.000482859102015
0.000531145012216
0.000434573191813
0.00111057593463
0.000531145012216
0.000482859102015
0.000482859102015
0.000144857730604
0.000193143640806
0.000144857730604
0.00033800137141
0.000144857730604
0.000772574563223
0.000146392257459
0.00117113805967
0.000195189676611
0.00034158193407
0.000390379353223
0.000292784514917
0.00034158193407
0.00107354322136
9.75948383057e-05
0.000243987095764
0.00112234064052
0.000536771610681
0.000146392257459
0.000292784514917
0.000439176772376
0.00112234064052
0.000292784514917
0.000487974191529
0.000487974191529
0.000487974191529
9.75948383057e-05
0.00034158193407
0.000292784514917
0.000243987095764
0.00112234064052
4.87974191529e-05
0.000243987095764
0.000243987095764
0.00112234064052
0.00107354322136
0.000292784514917
0.000292784514917
0.000146392257459
9.75948383057e-05
0.00102474580221
0.000487974191529
0.00112234064052
9.75948383057e-05
0.000439176772376
0.000146392257459
0.000927150963904
0.00112234064052
0.000243987095764
0.00107354322136
0.00107354322136
0.000536771610681
0.000243987095764
0.000292784514917
0.00107354322136
0.000292784514917
0.000731961287293
0.00112234064052
0.000390379353223
0.00112234064052
0.00034158193407
0.000243987095764
0.000487974191529
0.000390379353223
0.00034158193407
4.87974191529e-05
0.000292784514917
0.000146392257459
0.000292784514917
0.00112234064052
0.000146392257459
0.000243987095764
0.000195189676611
0.000195189676611
0.00112234064052
0.000439176772376
0.000439176772376
0.000731961287293
0.00107354322136
0.000243987095764
0.00112234064052
0.000439176772376
0.000390379353223
0.00102474580221
0.00112234064052
0.00034158193407
0.000195189676611
0.000243987095764
0.000292784514917
