0.000319693094629156
0.000319693094629156
0.00223785166240409
0.00159846547314578
0.00159846547314578
0.00255754475703325
0.018542199488491
0.00127877237851662
0.00159846547314578
0.00127877237851662
0.0028772378516624
0.00927109974424552
0.00159846547314578
0.00159846547314578
0.000959079283887468
0.000639386189258312
0.00255754475703325
0.00159846547314578
0.00383631713554987
0.00319693094629156
0.0111892583120205
0.0121483375959079
0.00927109974424552
0.0159846547314578
0.00159846547314578
0.00255754475703325
0.00255754475703325
0.00319693094629156
0.0028772378516624
0.0028772378516624
0.00159846547314578
0.000639386189258312
0.00383631713554987
0.0131074168797954
0.00415601023017903
0.00319693094629156
0.00159846547314578
0.0124680306905371
0.018542199488491
0.018542199488491
0.0124680306905371
0.0121483375959079
0.0121483375959079
0.0079923273657289
0.0153452685421995
0.0140664961636829
0.0140664961636829
0.0127877237851662
0.00127877237851662
0.00127877237851662
0.000319693094629156
0.000319693094629156
0.00319693094629156
0.00255754475703325
0.00479539641943734
0.00383631713554987
0.00127877237851662
0.0028772378516624
0.00319693094629156
0.00255754475703325
0.014386189258312
0.00479539641943734
0.00223785166240409
0.00319693094629156
0.0182225063938619
0.00223785166240409
0.00319693094629156
0.00223785166240409
0.00127877237851662
0.0188618925831202
0.018542199488491
0.018542199488491
0.018542199488491
0.0150255754475703
0.0121483375959079
0.0118286445012788
0.00415601023017903
0.000319693094629156
0.018542199488491
0.016304347826087
0.018542199488491
0.00447570332480818
0.00415601023017903
0.000959079283887468
0.0028772378516624
0.00351662404092072
0.00351662404092072
0.00351662404092072
0.00351662404092072
0.00383631713554987
0.00447570332480818
0.0131074168797954
0.0153452685421995
0.000959079283887468
0.00991048593350384
0.00191815856777494
0.00127877237851662
0.0140664961636829
0.0118286445012788
0.00383631713554987
0.0150255754475703
0.00223785166240409
0.0153452685421995
0.00127877237851662
0.00447570332480818
0.00383631713554987
0.0051150895140665
0.0127877237851662
0.00319693094629156
0.0127877237851662
0.00127877237851662
0.00383631713554987
0.00159846547314578
0.00351662404092072
0.00127877237851662
0.0156649616368286
0.016304347826087
0.0131074168797954
0.00223785166240409
0.00127877237851662
0.0127877237851662
0.0140664961636829
0.00159846547314578
0.0118286445012788
0.00671355498721228
0.0124680306905371
0.0121483375959079
0.00319693094629156
0.00351662404092072
0.018542199488491
0.000319693094629156
0.00127877237851662
0.0179028132992327
0.0150255754475703
0.0140664961636829
0.0137468030690537
0.0169437340153453
0.000639386189258312
0.000319693094629156
0.0118286445012788
0.0159846547314578
0.018542199488491
0.0028772378516624
0.0182225063938619
0.00319693094629156
0.00351662404092072
0.0121483375959079
0.00415601023017903
0.000959079283887468
0.00351662404092072
0.0118286445012788
0.0182225063938619
0.0118286445012788
0.00223785166240409
0.0028772378516624
0.00735294117647059
0.00703324808184143
0.000959079283887468
0.00223785166240409
0.00159846547314578
0.00127877237851662
0.00959079283887468
0.0156649616368286
0.000959079283887468
0.00255754475703325
0.00351662404092072
0.00543478260869565
0.00159846547314578
0.00767263427109974
0.000319693094629156
0.00223785166240409
0.000319693094629156
0.0051150895140665
0.0028772378516624
0.0153452685421995
0.0147058823529412
0.00447570332480818
0.0159846547314578
0.00191815856777494
0.00735294117647059
0.00767263427109974
0.000639386189258312
0.016304347826087
0.0140664961636829
0.00447570332480818
0.00543478260869565
0.00255754475703325
0.00607416879795396
0.016304347826087
0.00639386189258312
0.00735294117647059
0.00607416879795396
0.00159846547314578
0.0111892583120205
0.00447570332480818
0.0172634271099744
0.016304347826087
0.0159846547314578
0.00159846547314578
0.0147058823529412
0.0137468030690537
0.016304347826087
0.016304347826087
0.00127877237851662
0.00127877237851662
0.016304347826087
0.0172634271099744
0.0127877237851662
0.0127877237851662
0.000959079283887468
0.00927109974424552
0.00127877237851662
0.00159846547314578
0.00159846547314578
0.000319693094629156
0.00159846547314578
0.000959079283887468
0.00319693094629156
0.00415601023017903
0.00415601023017903
0.00319693094629156
0.00127877237851662
0.00191815856777494
0.0156649616368286
0.0140664961636829
0.000959079283887468
0.0131074168797954
0.0172634271099744
0.000959079283887468
0.016304347826087
0.0153452685421995
0.0156649616368286
0.0028772378516624
0.00255754475703325
0.00447570332480818
0.000639386189258312
0.00543478260869565
0.00575447570332481
0.0159846547314578
0.00223785166240409
0.00255754475703325
0.0150255754475703
0.0150255754475703
0.016304347826087
0.000319693094629156
0.0169437340153453
0.0172634271099744
0.0179028132992327
0.016304347826087
0.016304347826087
0.0159846547314578
0.016304347826087
0.0153452685421995
0.0127877237851662
0.000319693094629156
0.0169437340153453
0.016304347826087
0.0156649616368286
0.014386189258312
0.010230179028133
0.000959079283887468
0.00383631713554987
0.00479539641943734
0.00479539641943734
0.00735294117647059
0.016304347826087
0.00671355498721228
0.00447570332480818
0.00127877237851662
0.00127877237851662
0.00479539641943734
0.00575447570332481
0.00863171355498721
0.00767263427109974
0.0028772378516624
0.00255754475703325
0.00447570332480818
0.00607416879795396
0.00575447570332481
0.0051150895140665
0.00671355498721228
0.00671355498721228
0.0079923273657289
0.00415601023017903
0.00351662404092072
0.00383631713554987
0.00671355498721228
0.00191815856777494
0.0159846547314578
0.00191815856777494
0.0134271099744246
0.00383631713554987
0.00383631713554987
0.0153452685421995
0.00383631713554987
0.00863171355498721
0.0159846547314578
0.0159846547314578
0.00703324808184143
0.00671355498721228
0.00703324808184143
0.00671355498721228
0.00735294117647059
0.00703324808184143
0.0051150895140665
0.00671355498721228
0.00127877237851662
0.0028772378516624
0.00415601023017903
0.00447570332480818
0.00351662404092072
0.0028772378516624
0.00575447570332481
0.00159846547314578
0.00927109974424552
0.0079923273657289
0.000639386189258312
0.0028772378516624
0.00671355498721228
0.00223785166240409
0.00479539641943734
0.00575447570332481
0.00575447570332481
0.00383631713554987
0.00351662404092072
0.00959079283887468
0.000319693094629156
0.00351662404092072
0.00191815856777494
0.000959079283887468
0.00159846547314578
0.00927109974424552
0.000639386189258312
0.00895140664961637
0.00703324808184143
0.00703324808184143
0.00351662404092072
0.00735294117647059
0.0051150895140665
0.00383631713554987
0.00351662404092072
0.00735294117647059
0.00191815856777494
0.00127877237851662
0.0079923273657289
0.00927109974424552
0.00191815856777494
0.0028772378516624
0.00191815856777494
0.000959079283887468
0.0028772378516624
0.00127877237851662
0.00223785166240409
0.00223785166240409
0.00351662404092072
0.00639386189258312
0.00607416879795396
0.00543478260869565
0.0051150895140665
0.00639386189258312
0.00319693094629156
0.00351662404092072
0.00575447570332481
0.00607416879795396
0.000959079283887468
0.0028772378516624
0.00191815856777494
0.0079923273657289
0.00127877237851662
0.00479539641943734
0.00959079283887468
0.00703324808184143
0.00351662404092072
0.00959079283887468
0.00863171355498721
0.00959079283887468
0.00319693094629156
0.00255754475703325
0.00191815856777494
0.0028772378516624
0.00959079283887468
0.00831202046035806
0.0079923273657289
0.00703324808184143
0.00767263427109974
0.000319693094629156
0.00671355498721228
0.00959079283887468
0.000959079283887468
0.00159846547314578
0.00223785166240409
0.00255754475703325
0.000639386189258312
0.00383631713554987
0.00223785166240409
0.000639386189258312
0.000319693094629156
0.00959079283887468
0.00831202046035806
0.00223785166240409
0.00223785166240409
0.00223785166240409
0.00223785166240409
0.00191815856777494
0.00479539641943734
0.00895140664961637
0.000959079283887468
0.000959079283887468
0.00223785166240409
0.000959079283887468
0.00191815856777494
0.00127877237851662
0.00639386189258312
0.00351662404092072
0.00735294117647059
0.00959079283887468
0.00159846547314578
0.00191815856777494
0.00159846547314578
0.00255754475703325
0.000959079283887468
0.00191815856777494
0.00191815856777494
0.00639386189258312
0.00927109974424552
0.00255754475703325
0.00383631713554987
0.0028772378516624
0.000639386189258312
0.00703324808184143
0.00479539641943734
0.00159846547314578
0.00671355498721228
0.00703324808184143
0.00703324808184143
0.00223785166240409
0.00383631713554987
0.00191815856777494
0.00191815856777494
0.00543478260869565
0.000319693094629156
0.00479539641943734
0.00863171355498721
0.0140664961636829
0.00159846547314578
0.00255754475703325
0.0131074168797954
0.0134271099744246
0.00223785166240409
0.00223785166240409
0.00191815856777494
0.00223785166240409
0.0134271099744246
0.00351662404092072
0.00351662404092072
0.00351662404092072
0.00159846547314578
0.00159846547314578
0.000959079283887468
0.000959079283887468
0.00127877237851662
0.0121483375959079
0.0028772378516624
0.00127877237851662
0.000639386189258312
0.000959079283887468
0.000319693094629156
0.00255754475703325
0.000959079283887468
0.0115089514066496
0.0127877237851662
0.0124680306905371
0.00159846547314578
0.00255754475703325
0.0124680306905371
0.0131074168797954
0.0140664961636829
0.00703324808184143
0.000319693094629156
0.0105498721227621
0.0134271099744246
0.00191815856777494
0.0079923273657289
0.000639386189258312
0.000959079283887468
0.0137468030690537
0.0137468030690537
0.0108695652173913
0.0137468030690537
0.00991048593350384
0.00863171355498721
0.00319693094629156
0.000639386189258312
0.0140664961636829
0.00319693094629156
0.00255754475703325
0.00127877237851662
0.0105498721227621
0.00831202046035806
0.00703324808184143
0.00223785166240409
0.000319693094629156
0.00127877237851662
0.000959079283887468
0.00223785166240409
0.0124680306905371
0.00543478260869565
0.00255754475703325
0.00191815856777494
0.000959079283887468
0.0124680306905371
0.00223785166240409
0.00191815856777494
0.0124680306905371
0.0115089514066496
0.000319693094629156
0.000959079283887468
0.0121483375959079
0.00191815856777494
0.00127877237851662
0.00191815856777494
0.0127877237851662
0.0115089514066496
0.00159846547314578
0.0121483375959079
0.00351662404092072
0.000959079283887468
0.00159846547314578
0.00159846547314578
0.00319693094629156
0.00159846547314578
0.00159846547314578
0.00351662404092072
0.00895140664961637
0.0028772378516624
0.00319693094629156
0.0115089514066496
0.0118286445012788
0.0127877237851662
0.00351662404092072
0.00223785166240409
0.00255754475703325
0.00159846547314578
0.00351662404092072
0.00991048593350384
0.00991048593350384
0.00991048593350384
0.0105498721227621
0.0118286445012788
0.0137468030690537
0.00223785166240409
0.00159846547314578
0.000959079283887468
0.000959079283887468
0.00383631713554987
0.0028772378516624
0.000639386189258312
0.000639386189258312
0.00191815856777494
0.00831202046035806
0.0140664961636829
0.00351662404092072
0.0111892583120205
0.0140664961636829
0.000959079283887468
0.00351662404092072
0.0134271099744246
0.0137468030690537
0.000959079283887468
0.00351662404092072
0.00127877237851662
0.000959079283887468
0.00223785166240409
0.000639386189258312
0.00415601023017903
0.00223785166240409
0.00191815856777494
0.0137468030690537
0.00351662404092072
0.00223785166240409
0.00351662404092072
0.00127877237851662
0.00159846547314578
0.00383631713554987
0.000639386189258312
0.000319693094629156
0.000319693094629156
0.014386189258312
0.000319693094629156
0.00191815856777494
0.00191815856777494
0.000319693094629156
0.00383631713554987
0.0137468030690537
0.0134271099744246
0.000319693094629156
0.00319693094629156
0.00415601023017903
0.0121483375959079
0.0111892583120205
0.0137468030690537
0.014386189258312
0.0111892583120205
0.0140664961636829
0.0140664961636829
0.0118286445012788
0.0028772378516624
0.0124680306905371
0.00351662404092072
0.00127877237851662
0.00223785166240409
0.0111892583120205
0.000639386189258312
0.0147058823529412
0.00927109974424552
0.0134271099744246
0.0140664961636829
0.00159846547314578
0.00383631713554987
0.000319693094629156
0.000319693094629156
0.000639386189258312
0.000959079283887468
0.00159846547314578
0.00351662404092072
0.00415601023017903
0.00223785166240409
0.00319693094629156
0.0118286445012788
0.0140664961636829
0.0140664961636829
0.0147058823529412
0.000319693094629156
0.014386189258312
0.0140664961636829
0.0118286445012788
0.0140664961636829
0.00255754475703325
0.00191815856777494
0.000639386189258312
0.0147058823529412
0.0051150895140665
0.0140664961636829
0.0140664961636829
0.00159846547314578
0.00191815856777494
0.00223785166240409
0.00383631713554987
0.00351662404092072
0.00351662404092072
0.0137468030690537
0.0134271099744246
0.00127877237851662
0.00223785166240409
0.00415601023017903
0.00383631713554987
0.0124680306905371
0.0118286445012788
0.00415601023017903
0.00351662404092072
0.00223785166240409
0.0137468030690537
0.00447570332480818
0.00351662404092072
0.00415601023017903
0.00351662404092072
0.00543478260869565
0.00351662404092072
0.0121483375959079
0.0121483375959079
0.0124680306905371
0.0134271099744246
0.0108695652173913
0.0134271099744246
0.00383631713554987
0.00735294117647059
0.000959079283887468
0.00159846547314578
0.00223785166240409
0.00319693094629156
0.00127877237851662
0.00383631713554987
0.000959079283887468
0.00735294117647059
0.010230179028133
0.00383631713554987
0.0051150895140665
0.0051150895140665
0.000959079283887468
0.00927109974424552
0.00255754475703325
0.0028772378516624
0.00383631713554987
0.00319693094629156
0.00735294117647059
0.00991048593350384
0.0108695652173913
0.010230179028133
0.000319693094629156
0.000959079283887468
0.000959079283887468
0.00415601023017903
0.000959079283887468
0.0028772378516624
0.00991048593350384
0.00383631713554987
0.0028772378516624
0.00895140664961637
0.00863171355498721
0.00351662404092072
0.00415601023017903
0.00383631713554987
0.00351662404092072
0.010230179028133
0.0108695652173913
0.00383631713554987
0.010230179028133
0.00927109974424552
0.00223785166240409
0.00319693094629156
0.00191815856777494
0.00447570332480818
0.00447570332480818
0.00895140664961637
0.010230179028133
0.00223785166240409
0.000639386189258312
0.000959079283887468
0.00383631713554987
0.000959079283887468
0.00159846547314578
0.00223785166240409
0.000639386189258312
0.00927109974424552
0.000959079283887468
0.000959079283887468
0.000639386189258312
0.00895140664961637
0.00319693094629156
0.010230179028133
0.010230179028133
0.0108695652173913
0.0108695652173913
0.00991048593350384
0.0108695652173913
0.00415601023017903
0.000959079283887468
0.00319693094629156
0.00383631713554987
0.00159846547314578
0.00191815856777494
0.00415601023017903
0.00319693094629156
0.00895140664961637
0.00895140664961637
0.0108695652173913
0.00127877237851662
0.00159846547314578
0.00415601023017903
0.00319693094629156
0.00159846547314578
0.00159846547314578
0.0111892583120205
0.000319693094629156
0.000639386189258312
0.000639386189258312
0.00415601023017903
0.00223785166240409
0.00991048593350384
0.0108695652173913
0.00671355498721228
0.00159846547314578
0.0028772378516624
0.00639386189258312
0.00223785166240409
0.000959079283887468
0.00127877237851662
0.00319693094629156
0.00255754475703325
0.00383631713554987
0.00319693094629156
0.00191815856777494
0.00127877237851662
0.00447570332480818
0.00415601023017903
0.00927109974424552
0.0105498721227621
0.000639386189258312
0.00319693094629156
0.00191815856777494
0.00415601023017903
0.000319693094629156
0.000319693094629156
0.00191815856777494
0.000319693094629156
0.0159846547314578
0.00223785166240409
0.000319693094629156
0.0153452685421995
0.0156649616368286
0.00415601023017903
0.000639386189258312
0.0156649616368286
0.0156649616368286
0.0156649616368286
0.0156649616368286
0.00191815856777494
0.00191815856777494
0.000959079283887468
0.0156649616368286
0.0156649616368286
0.00159846547314578
0.00415601023017903
0.00127877237851662
0.0159846547314578
0.0159846547314578
0.00223785166240409
0.000959079283887468
0.00223785166240409
0.0159846547314578
0.0159846547314578
0.00351662404092072
0.00191815856777494
0.00351662404092072
0.00479539641943734
0.00223785166240409
0.00351662404092072
0.00223785166240409
0.00191815856777494
0.0156649616368286
0.00415601023017903
0.00223785166240409
0.0028772378516624
0.00447570332480818
0.0115089514066496
0.00159846547314578
0.00415601023017903
0.0156649616368286
0.00159846547314578
0.0156649616368286
0.0156649616368286
0.0159846547314578
0.00127877237851662
0.000959079283887468
0.00415601023017903
0.00383631713554987
0.00223785166240409
0.000959079283887468
0.00255754475703325
0.00575447570332481
0.0156649616368286
0.000639386189258312
0.000959079283887468
0.00127877237851662
0.00255754475703325
0.000959079283887468
0.00383631713554987
0.0156649616368286
0.0156649616368286
0.00191815856777494
0.00415601023017903
0.000639386189258312
0.0156649616368286
0.00415601023017903
0.0156649616368286
0.00159846547314578
0.00191815856777494
0.0156649616368286
0.00415601023017903
0.00255754475703325
0.0028772378516624
0.0028772378516624
0.0159846547314578
0.0028772378516624
0.0156649616368286
0.000959079283887468
0.000319693094629156
0.00319693094629156
0.0028772378516624
0.00191815856777494
0.00127877237851662
0.00415601023017903
0.00159846547314578
0.00159846547314578
0.00159846547314578
0.000959079283887468
0.00159846547314578
0.0156649616368286
0.0156649616368286
0.0156649616368286
0.0156649616368286
0.0156649616368286
0.000319693094629156
0.0156649616368286
0.0156649616368286
0.0028772378516624
0.0156649616368286
0.00319693094629156
0.0156649616368286
0.00255754475703325
0.000319693094629156
0.0156649616368286
0.00223785166240409
0.0156649616368286
0.0156649616368286
0.0156649616368286
0.0156649616368286
0.000959079283887468
0.000639386189258312
0.0156649616368286
0.0156649616368286
0.0156649616368286
0.0156649616368286
0.0156649616368286
0.0156649616368286
0.0156649616368286
0.0156649616368286
0.0156649616368286
0.00927109974424552
0.014386189258312
0.0124680306905371
0.00415601023017903
0.00159846547314578
0.00191815856777494
0.00383631713554987
0.00479539641943734
0.00927109974424552
0.000319693094629156
0.000639386189258312
0.0140664961636829
0.0137468030690537
0.0111892583120205
0.00863171355498721
0.0121483375959079
0.0111892583120205
0.0140664961636829
0.00863171355498721
0.0131074168797954
0.0121483375959079
0.0108695652173913
0.000319693094629156
0.000319693094629156
0.0118286445012788
0.00127877237851662
0.0028772378516624
0.00319693094629156
0.0115089514066496
0.0028772378516624
0.00127877237851662
0.00415601023017903
0.00383631713554987
0.00159846547314578
0.000639386189258312
0.000319693094629156
0.000639386189258312
0.0140664961636829
0.00671355498721228
0.00415601023017903
0.00959079283887468
0.00383631713554987
0.00191815856777494
0.0134271099744246
0.00383631713554987
0.00127877237851662
0.00319693094629156
0.0028772378516624
0.0121483375959079
0.00895140664961637
0.00991048593350384
0.000639386189258312
0.000639386189258312
0.000319693094629156
0.00351662404092072
0.00927109974424552
0.0108695652173913
0.0111892583120205
0.0131074168797954
0.0140664961636829
0.014386189258312
0.000319693094629156
0.0121483375959079
0.00575447570332481
0.0105498721227621
0.000639386189258312
0.00671355498721228
0.0140664961636829
0.0137468030690537
0.0140664961636829
0.0111892583120205
0.00351662404092072
0.0121483375959079
0.000319693094629156
0.0140664961636829
0.00127877237851662
0.00127877237851662
0.00127877237851662
0.00191815856777494
0.00959079283887468
0.00479539641943734
0.00159846547314578
0.00255754475703325
0.00351662404092072
0.00671355498721228
0.00351662404092072
0.0115089514066496
0.00895140664961637
0.0127877237851662
0.0108695652173913
0.0127877237851662
0.0108695652173913
0.00863171355498721
0.000639386189258312
0.0118286445012788
0.000319693094629156
0.00223785166240409
0.00223785166240409
0.00415601023017903
0.0111892583120205
0.0108695652173913
0.00319693094629156
0.0028772378516624
0.0140664961636829
0.00383631713554987
0.00191815856777494
0.00127877237851662
0.000639386189258312
0.0108695652173913
0.000959079283887468
0.00223785166240409
0.00255754475703325
0.00383631713554987
0.000319693094629156
0.00127877237851662
0.00127877237851662
0.00415601023017903
0.00159846547314578
0.00191815856777494
0.000959079283887468
0.0131074168797954
0.000319693094629156
0.00223785166240409
0.00127877237851662
0.00191815856777494
0.00767263427109974
0.00927109974424552
0.00127877237851662
0.00127877237851662
0.000639386189258312
0.00479539641943734
0.00735294117647059
0.010230179028133
0.000639386189258312
0.00831202046035806
0.00223785166240409
0.010230179028133
0.00383631713554987
0.00607416879795396
0.00159846547314578
0.0028772378516624
0.00191815856777494
0.00351662404092072
0.00415601023017903
0.0118286445012788
0.00991048593350384
0.0105498721227621
0.00927109974424552
0.00255754475703325
0.000959079283887468
0.00767263427109974
0.00767263427109974
0.00767263427109974
0.0111892583120205
0.000959079283887468
0.000639386189258312
0.0108695652173913
0.00767263427109974
0.00767263427109974
0.000959079283887468
0.000639386189258312
0.00927109974424552
0.0028772378516624
0.000959079283887468
0.000639386189258312
0.000319693094629156
0.000319693094629156
0.00351662404092072
0.00479539641943734
0.00127877237851662
0.00159846547314578
0.00191815856777494
0.00223785166240409
0.00191815856777494
0.00479539641943734
0.00383631713554987
0.0051150895140665
0.00479539641943734
0.00991048593350384
0.010230179028133
0.00191815856777494
0.00223785166240409
0.00351662404092072
0.010230179028133
0.00159846547314578
0.00127877237851662
0.00351662404092072
0.000959079283887468
0.00607416879795396
0.00735294117647059
0.00735294117647059
0.0111892583120205
0.00159846547314578
0.00127877237851662
0.00127877237851662
0.00383631713554987
0.00415601023017903
0.00191815856777494
0.00191815856777494
0.000639386189258312
0.00159846547314578
0.00191815856777494
0.00159846547314578
0.00191815856777494
0.00223785166240409
0.00735294117647059
0.000959079283887468
0.010230179028133
0.00895140664961637
0.0111892583120205
0.0108695652173913
0.00735294117647059
0.00159846547314578
0.000959079283887468
0.000639386189258312
0.000639386189258312
0.00127877237851662
0.00159846547314578
0.000959079283887468
0.00127877237851662
0.00607416879795396
0.0111892583120205
0.0111892583120205
0.0051150895140665
0.00415601023017903
0.00127877237851662
0.000639386189258312
0.00959079283887468
0.00895140664961637
0.00831202046035806
0.000639386189258312
0.000639386189258312
0.000639386189258312
0.00927109974424552
0.00159846547314578
0.00159846547314578
0.00223785166240409
0.00191815856777494
0.0028772378516624
0.00383631713554987
0.0111892583120205
0.0105498721227621
0.00607416879795396
0.00607416879795396
0.00159846547314578
0.000959079283887468
0.00351662404092072
0.00191815856777494
0.00319693094629156
0.00159846547314578
0.00127877237851662
0.00255754475703325
0.00159846547314578
0.00255754475703325
0.00223785166240409
0.00607416879795396
0.00959079283887468
0.00159846547314578
0.0118286445012788
0.0115089514066496
0.0111892583120205
0.000639386189258312
0.0028772378516624
0.00223785166240409
0.00351662404092072
0.000959079283887468
0.0118286445012788
0.0118286445012788
0.00223785166240409
0.0108695652173913
0.00159846547314578
0.000959079283887468
0.00319693094629156
0.00255754475703325
0.00703324808184143
0.00127877237851662
0.0051150895140665
0.00191815856777494
0.00223785166240409
0.00223785166240409
0.0111892583120205
0.00959079283887468
0.00223785166240409
0.00127877237851662
0.00127877237851662
0.014386189258312
0.0140664961636829
0.00191815856777494
0.000959079283887468
0.00191815856777494
0.00575447570332481
0.00223785166240409
0.0140664961636829
0.0140664961636829
0.0028772378516624
0.0028772378516624
0.00191815856777494
0.000959079283887468
0.00191815856777494
0.00159846547314578
0.000959079283887468
0.0118286445012788
0.0140664961636829
0.014386189258312
0.010230179028133
0.00575447570332481
0.00127877237851662
0.000319693094629156
0.00159846547314578
0.00223785166240409
0.00255754475703325
0.00575447570332481
0.00607416879795396
0.00191815856777494
0.0124680306905371
0.00159846547314578
0.000959079283887468
0.0028772378516624
0.00351662404092072
0.00415601023017903
0.00255754475703325
0.00191815856777494
0.00223785166240409
0.0140664961636829
0.0108695652173913
0.00319693094629156
0.00159846547314578
0.00319693094629156
0.0028772378516624
0.00991048593350384
0.0105498721227621
0.00159846547314578
0.000959079283887468
0.00991048593350384
0.000959079283887468
0.000959079283887468
0.00447570332480818
0.00255754475703325
0.00223785166240409
0.00191815856777494
0.000959079283887468
0.00159846547314578
0.0115089514066496
0.0111892583120205
0.00191815856777494
0.0140664961636829
0.000959079283887468
0.0111892583120205
0.000639386189258312
0.00863171355498721
0.000959079283887468
0.000319693094629156
0.0134271099744246
0.000959079283887468
0.00927109974424552
0.0124680306905371
0.00223785166240409
0.000319693094629156
0.000319693094629156
0.00927109974424552
0.00351662404092072
0.00959079283887468
0.00959079283887468
0.010230179028133
0.0121483375959079
0.00991048593350384
0.00927109974424552
0.00383631713554987
0.014386189258312
0.00319693094629156
0.014386189258312
0.000319693094629156
0.000319693094629156
0.00959079283887468
0.00959079283887468
0.0140664961636829
0.014386189258312
0.0156649616368286
0.0156649616368286
0.00319693094629156
0.00223785166240409
0.000639386189258312
0.000639386189258312
0.00223785166240409
0.0147058823529412
0.0156649616368286
0.0156649616368286
0.000639386189258312
0.00127877237851662
0.00127877237851662
0.00127877237851662
0.00127877237851662
0.00223785166240409
0.00191815856777494
0.00191815856777494
0.0159846547314578
0.00255754475703325
0.0156649616368286
0.0159846547314578
0.0156649616368286
0.0156649616368286
0.0051150895140665
0.000319693094629156
0.0121483375959079
0.016304347826087
0.0159846547314578
0.0159846547314578
0.000959079283887468
0.000319693094629156
0.0150255754475703
0.0156649616368286
0.0156649616368286
0.00415601023017903
0.000639386189258312
0.0156649616368286
0.00223785166240409
0.014386189258312
0.00191815856777494
0.000639386189258312
0.000959079283887468
0.0127877237851662
0.0159846547314578
0.0156649616368286
0.00223785166240409
0.00255754475703325
0.00127877237851662
0.000319693094629156
0.0156649616368286
0.0140664961636829
0.00415601023017903
0.00447570332480818
0.0051150895140665
0.00415601023017903
0.0028772378516624
0.00383631713554987
0.0159846547314578
0.0150255754475703
0.00479539641943734
0.00127877237851662
0.00127877237851662
0.00319693094629156
0.00191815856777494
0.0137468030690537
0.016304347826087
0.0147058823529412
0.0153452685421995
0.00191815856777494
0.00127877237851662
0.00191815856777494
0.00191815856777494
0.00255754475703325
0.0159846547314578
0.0150255754475703
0.00415601023017903
0.00447570332480818
0.00159846547314578
0.00383631713554987
0.00351662404092072
0.0147058823529412
0.0051150895140665
0.0137468030690537
0.0137468030690537
0.0156649616368286
0.00351662404092072
0.00191815856777494
0.00383631713554987
0.000639386189258312
0.0156649616368286
0.00447570332480818
0.00127877237851662
0.0156649616368286
0.000319693094629156
0.0147058823529412
0.00159846547314578
0.0131074168797954
0.0134271099744246
0.0153452685421995
0.000639386189258312
0.0156649616368286
0.0156649616368286
0.0156649616368286
0.000959079283887468
0.000959079283887468
0.00319693094629156
0.0028772378516624
0.0140664961636829
0.0159846547314578
0.000959079283887468
0.0156649616368286
0.0156649616368286
0.00255754475703325
0.000639386189258312
0.00255754475703325
0.000959079283887468
0.000959079283887468
0.0159846547314578
0.000319693094629156
0.00255754475703325
0.000319693094629156
0.0079923273657289
0.00991048593350384
0.00575447570332481
0.00991048593350384
0.00991048593350384
0.00383631713554987
0.00447570332480818
0.00415601023017903
0.00351662404092072
0.00127877237851662
0.000639386189258312
0.00223785166240409
0.00351662404092072
0.0028772378516624
0.000639386189258312
0.00383631713554987
0.00703324808184143
0.000319693094629156
0.00159846547314578
0.00991048593350384
0.00991048593350384
0.00223785166240409
0.00415601023017903
0.0111892583120205
0.0115089514066496
0.00159846547314578
0.00447570332480818
0.00127877237851662
0.000959079283887468
0.00543478260869565
0.00543478260869565
0.0028772378516624
0.00415601023017903
0.000639386189258312
0.00159846547314578
0.00159846547314578
0.000959079283887468
0.000639386189258312
0.00191815856777494
0.0028772378516624
0.00927109974424552
0.00255754475703325
0.010230179028133
0.00991048593350384
0.0028772378516624
0.0028772378516624
0.00383631713554987
0.00351662404092072
0.00383631713554987
0.000959079283887468
0.00255754475703325
0.00351662404092072
0.00351662404092072
0.00223785166240409
0.00383631713554987
0.00255754475703325
0.00319693094629156
0.00383631713554987
0.000319693094629156
0.00991048593350384
0.00991048593350384
0.00383631713554987
0.0028772378516624
0.0028772378516624
0.0028772378516624
0.00383631713554987
0.00255754475703325
0.00223785166240409
0.0051150895140665
0.000959079283887468
0.00127877237851662
0.00255754475703325
0.0028772378516624
0.00991048593350384
0.000319693094629156
0.000319693094629156
0.00255754475703325
0.00223785166240409
0.010230179028133
0.0111892583120205
0.0108695652173913
0.00255754475703325
0.00255754475703325
0.00127877237851662
0.00223785166240409
0.00127877237851662
0.00991048593350384
0.00223785166240409
0.000959079283887468
0.000959079283887468
0.00607416879795396
0.00383631713554987
0.00191815856777494
0.00255754475703325
0.0105498721227621
0.010230179028133
0.0111892583120205
0.0108695652173913
0.00223785166240409
0.0111892583120205
0.00959079283887468
0.0108695652173913
0.0108695652173913
0.000639386189258312
0.00127877237851662
0.00351662404092072
0.00351662404092072
0.00191815856777494
0.00383631713554987
0.00191815856777494
0.0028772378516624
0.00959079283887468
0.00927109974424552
0.00383631713554987
0.00127877237851662
0.00191815856777494
0.0028772378516624
0.00991048593350384
0.00991048593350384
0.00351662404092072
0.00575447570332481
0.00447570332480818
0.00415601023017903
0.0028772378516624
0.00383631713554987
0.00127877237851662
0.00191815856777494
0.00159846547314578
0.00223785166240409
0.0159846547314578
0.00479539641943734
0.00159846547314578
0.00159846547314578
0.0166240409207161
0.000959079283887468
0.016304347826087
0.00351662404092072
0.0159846547314578
0.016304347826087
0.016304347826087
0.0156649616368286
0.000319693094629156
0.0105498721227621
0.00191815856777494
0.00319693094629156
0.0028772378516624
0.0159846547314578
0.016304347826087
0.000319693094629156
0.000319693094629156
0.00223785166240409
0.00191815856777494
0.00255754475703325
0.0028772378516624
0.00319693094629156
0.0159846547314578
0.00159846547314578
0.00255754475703325
0.016304347826087
0.0166240409207161
0.00479539641943734
0.00319693094629156
0.000959079283887468
0.00255754475703325
0.0028772378516624
0.0159846547314578
0.016304347826087
0.0159846547314578
0.00127877237851662
0.00383631713554987
0.00127877237851662
0.016304347826087
0.00127877237851662
0.00223785166240409
0.00191815856777494
0.00255754475703325
0.0028772378516624
0.0028772378516624
0.00159846547314578
0.0159846547314578
0.00319693094629156
0.0166240409207161
0.0166240409207161
0.00127877237851662
0.00159846547314578
0.00127877237851662
0.000959079283887468
0.0166240409207161
0.0166240409207161
0.00351662404092072
0.00191815856777494
0.000959079283887468
0.00127877237851662
0.00127877237851662
0.00223785166240409
0.000959079283887468
0.014386189258312
0.0159846547314578
0.00351662404092072
0.014386189258312
0.0150255754475703
0.00319693094629156
0.016304347826087
0.0166240409207161
0.0159846547314578
0.0159846547314578
0.00255754475703325
0.0159846547314578
0.0156649616368286
0.016304347826087
0.0166240409207161
0.016304347826087
0.016304347826087
0.000319693094629156
0.00319693094629156
0.016304347826087
0.0150255754475703
0.0150255754475703
0.00767263427109974
0.0159846547314578
0.000959079283887468
0.00319693094629156
0.00223785166240409
0.000319693094629156
0.0137468030690537
0.016304347826087
0.016304347826087
0.00351662404092072
0.00319693094629156
0.0153452685421995
0.016304347826087
0.00223785166240409
0.00223785166240409
0.00319693094629156
0.00383631713554987
0.016304347826087
0.016304347826087
0.000959079283887468
0.00127877237851662
0.00159846547314578
0.00255754475703325
0.0028772378516624
0.000319693094629156
0.000639386189258312
0.000959079283887468
0.0028772378516624
0.0028772378516624
0.0028772378516624
0.00127877237851662
0.000319693094629156
0.016304347826087
0.0159846547314578
0.0150255754475703
0.0153452685421995
0.00223785166240409
0.00767263427109974
0.000959079283887468
0.00319693094629156
0.00255754475703325
0.00223785166240409
0.000959079283887468
0.00575447570332481
0.020460358056266
0.00543478260869565
0.0217391304347826
0.0201406649616368
0.0233375959079284
0.0236572890025575
0.00223785166240409
0.00223785166240409
0.000959079283887468
0.0140664961636829
0.020460358056266
0.0201406649616368
0.00351662404092072
0.000639386189258312
0.000639386189258312
0.00255754475703325
0.0028772378516624
0.00223785166240409
0.00991048593350384
0.00191815856777494
0.00383631713554987
0.020460358056266
0.0201406649616368
0.000319693094629156
0.0198209718670077
0.00127877237851662
0.00383631713554987
0.00223785166240409
0.0201406649616368
0.00223785166240409
0.00351662404092072
0.00127877237851662
0.00191815856777494
0.00351662404092072
0.00351662404092072
0.00383631713554987
0.00351662404092072
0.00767263427109974
0.020460358056266
0.0201406649616368
0.020460358056266
0.020460358056266
0.0108695652173913
0.0201406649616368
0.00191815856777494
0.0159846547314578
0.0134271099744246
0.0201406649616368
0.00191815856777494
0.0191815856777494
0.0201406649616368
0.000959079283887468
0.0201406649616368
0.000959079283887468
0.018542199488491
0.0191815856777494
0.0195012787723785
0.0188618925831202
0.00383631713554987
0.0198209718670077
0.00415601023017903
0.000959079283887468
0.000959079283887468
0.020460358056266
0.000319693094629156
0.00191815856777494
0.00191815856777494
0.00383631713554987
0.00415601023017903
0.00159846547314578
0.0195012787723785
0.000319693094629156
0.00383631713554987
0.00223785166240409
0.000639386189258312
0.0201406649616368
0.020460358056266
0.00383631713554987
0.0201406649616368
0.000639386189258312
0.00127877237851662
0.000959079283887468
0.00191815856777494
0.0201406649616368
0.00351662404092072
0.00127877237851662
0.000639386189258312
0.00223785166240409
0.000319693094629156
0.00927109974424552
0.0182225063938619
0.0191815856777494
0.0172634271099744
0.0182225063938619
0.0172634271099744
0.0182225063938619
0.000959079283887468
0.0172634271099744
0.000959079283887468
0.018542199488491
0.00383631713554987
0.0198209718670077
0.018542199488491
0.020460358056266
0.0201406649616368
0.0201406649616368
0.00319693094629156
0.00383631713554987
0.00383631713554987
0.00127877237851662
0.00319693094629156
0.00319693094629156
0.00223785166240409
0.0198209718670077
0.00127877237851662
0.00319693094629156
0.0166240409207161
0.000319693094629156
0.0127877237851662
0.000639386189258312
0.0172634271099744
0.000959079283887468
0.0140664961636829
0.000639386189258312
0.018542199488491
0.0195012787723785
0.0198209718670077
0.0159846547314578
0.0201406649616368
0.00351662404092072
0.0172634271099744
0.0201406649616368
0.018542199488491
0.0179028132992327
0.00159846547314578
0.0147058823529412
0.0127877237851662
0.0115089514066496
0.000959079283887468
0.0028772378516624
0.0265345268542199
0.0265345268542199
0.0268542199488491
0.000639386189258312
0.0137468030690537
0.0217391304347826
0.020460358056266
0.00447570332480818
0.00415601023017903
0.0217391304347826
0.0188618925831202
0.00159846547314578
0.00191815856777494
0.00351662404092072
0.0179028132992327
0.0137468030690537
0.0124680306905371
0.0201406649616368
0.0169437340153453
0.016304347826087
0.0156649616368286
0.0150255754475703
0.0188618925831202
0.0242966751918159
0.0153452685421995
0.00255754475703325
0.00319693094629156
0.00479539641943734
0.0198209718670077
0.0201406649616368
0.0182225063938619
0.0198209718670077
0.0127877237851662
0.0079923273657289
0.0166240409207161
0.0140664961636829
0.000959079283887468
0.000319693094629156
0.00447570332480818
0.00223785166240409
0.000959079283887468
0.00479539641943734
0.00479539641943734
0.00159846547314578
0.00159846547314578
0.00191815856777494
0.00191815856777494
0.00479539641943734
0.00479539641943734
0.018542199488491
0.000639386189258312
0.00479539641943734
0.0179028132992327
0.00447570332480818
0.0028772378516624
0.000639386189258312
0.0258951406649616
0.00447570332480818
0.0207800511508951
0.0233375959079284
0.0226982097186701
0.00383631713554987
0.00479539641943734
0.020460358056266
0.0191815856777494
0.0137468030690537
0.0153452685421995
0.0121483375959079
0.000959079283887468
0.0226982097186701
0.0028772378516624
0.0028772378516624
0.0169437340153453
0.0191815856777494
0.0230179028132992
0.0258951406649616
0.00383631713554987
0.00447570332480818
0.00319693094629156
0.00703324808184143
0.00415601023017903
0.0150255754475703
0.0265345268542199
0.000639386189258312
0.0236572890025575
0.00255754475703325
0.0265345268542199
0.0214194373401535
0.0255754475703325
0.0262148337595908
0.0217391304347826
0.0105498721227621
0.0182225063938619
0.00415601023017903
0.0265345268542199
0.0175831202046036
0.0214194373401535
0.0182225063938619
0.0198209718670077
0.0166240409207161
0.0150255754475703
0.0239769820971867
0.0258951406649616
0.00415601023017903
0.00383631713554987
0.00383631713554987
0.00447570332480818
0.00415601023017903
0.00351662404092072
0.00127877237851662
0.00319693094629156
0.00159846547314578
0.00159846547314578
0.0051150895140665
0.00415601023017903
0.00415601023017903
0.00479539641943734
0.00479539641943734
0.0195012787723785
0.0249360613810742
0.0249360613810742
0.0265345268542199
0.0265345268542199
0.0268542199488491
0.000639386189258312
0.0169437340153453
0.0175831202046036
0.0258951406649616
0.0191815856777494
0.0198209718670077
0.0201406649616368
0.0182225063938619
0.00703324808184143
0.00447570332480818
0.000639386189258312
0.000959079283887468
0.00447570332480818
0.00191815856777494
0.0115089514066496
0.00351662404092072
0.000639386189258312
0.00159846547314578
0.000319693094629156
0.0169437340153453
0.0179028132992327
0.0188618925831202
0.0169437340153453
0.0226982097186701
0.0188618925831202
0.0262148337595908
0.0255754475703325
0.0175831202046036
0.0175831202046036
0.0172634271099744
0.00127877237851662
0.00159846547314578
0.00447570332480818
0.00159846547314578
0.00447570332480818
0.00447570332480818
0.0172634271099744
0.0028772378516624
0.00415601023017903
0.000639386189258312
0.000639386189258312
0.00447570332480818
0.00255754475703325
0.00351662404092072
0.00255754475703325
0.00479539641943734
0.000639386189258312
0.0207800511508951
0.00575447570332481
0.00127877237851662
0.00127877237851662
0.00479539641943734
0.0169437340153453
0.0166240409207161
0.0166240409207161
0.0153452685421995
0.00415601023017903
0.000639386189258312
0.00159846547314578
0.00479539641943734
0.0028772378516624
0.00479539641943734
0.00447570332480818
0.00575447570332481
0.00319693094629156
0.0198209718670077
0.0249360613810742
0.0236572890025575
0.0290920716112532
0.010230179028133
0.0137468030690537
0.0169437340153453
0.020460358056266
0.00191815856777494
0.0268542199488491
0.0290920716112532
0.0290920716112532
0.0278132992327366
0.0284526854219949
0.0265345268542199
0.0274936061381074
0.0226982097186701
0.0236572890025575
0.018542199488491
0.0210997442455243
0.000319693094629156
0.0274936061381074
0.0268542199488491
0.0223785166240409
0.0281329923273657
0.0278132992327366
0.0290920716112532
0.028772378516624
0.0217391304347826
0.0217391304347826
0.0268542199488491
0.0051150895140665
0.0214194373401535
0.020460358056266
0.00447570332480818
0.00319693094629156
0.0214194373401535
0.0207800511508951
0.00351662404092072
0.0214194373401535
0.00191815856777494
0.0220588235294118
0.0223785166240409
0.0294117647058824
0.000319693094629156
0.00223785166240409
0.00543478260869565
0.00127877237851662
0.00159846547314578
0.010230179028133
0.00735294117647059
0.0172634271099744
0.0140664961636829
0.000319693094629156
0.000319693094629156
0.00191815856777494
0.000319693094629156
0.00159846547314578
0.016304347826087
0.0166240409207161
0.0137468030690537
0.0156649616368286
0.0214194373401535
0.0217391304347826
0.0201406649616368
0.0220588235294118
0.0028772378516624
0.00127877237851662
0.00191815856777494
0.00319693094629156
0.0153452685421995
0.0290920716112532
0.0290920716112532
0.020460358056266
0.0233375959079284
0.0249360613810742
0.000959079283887468
0.0290920716112532
0.0255754475703325
0.0226982097186701
0.00479539641943734
0.00543478260869565
0.0195012787723785
0.0284526854219949
0.0233375959079284
0.024616368286445
0.00127877237851662
0.00191815856777494
0.00223785166240409
0.00159846547314578
0.00575447570332481
0.00543478260869565
0.0159846547314578
0.00863171355498721
0.0236572890025575
0.0220588235294118
0.0182225063938619
0.016304347826087
0.0121483375959079
0.028772378516624
0.0284526854219949
0.0271739130434783
0.00575447570332481
0.0255754475703325
0.0230179028132992
0.000319693094629156
0.028772378516624
0.00223785166240409
0.00415601023017903
0.00127877237851662
0.00671355498721228
0.0230179028132992
0.0226982097186701
0.0214194373401535
0.0220588235294118
0.0220588235294118
0.0217391304347826
0.00415601023017903
0.0214194373401535
0.00319693094629156
0.0265345268542199
0.00127877237851662
0.0051150895140665
0.0182225063938619
0.0214194373401535
0.0182225063938619
0.000639386189258312
0.000319693094629156
0.014386189258312
0.00415601023017903
0.0239769820971867
0.0175831202046036
0.00351662404092072
0.00159846547314578
0.0051150895140665
0.0051150895140665
0.0028772378516624
0.00383631713554987
0.0028772378516624
0.0028772378516624
0.0153452685421995
0.00319693094629156
0.00479539641943734
0.000319693094629156
0.00415601023017903
0.0153452685421995
0.0159846547314578
0.0134271099744246
0.0137468030690537
0.0175831202046036
0.0169437340153453
0.0166240409207161
0.0175831202046036
0.00127877237851662
0.0166240409207161
0.0156649616368286
0.0175831202046036
0.0172634271099744
0.00383631713554987
0.00383631713554987
0.00447570332480818
0.000319693094629156
0.014386189258312
0.00415601023017903
0.00575447570332481
0.00383631713554987
0.0124680306905371
0.0105498721227621
0.0179028132992327
0.0179028132992327
0.00223785166240409
0.0172634271099744
0.000639386189258312
0.00159846547314578
0.00159846547314578
0.00543478260869565
0.00127877237851662
0.00127877237851662
0.00159846547314578
0.00159846547314578
0.00383631713554987
0.00383631713554987
0.0169437340153453
0.0111892583120205
0.0124680306905371
0.000959079283887468
0.000319693094629156
0.00127877237851662
0.00223785166240409
0.00223785166240409
0.00191815856777494
0.00383631713554987
0.00447570332480818
0.0150255754475703
0.0150255754475703
0.00255754475703325
0.00191815856777494
0.0051150895140665
0.00351662404092072
0.00991048593350384
0.0137468030690537
0.0172634271099744
0.0169437340153453
0.0169437340153453
0.00479539641943734
0.00127877237851662
0.00191815856777494
0.0150255754475703
0.0131074168797954
0.00319693094629156
0.00223785166240409
0.00191815856777494
0.0150255754475703
0.00223785166240409
0.00159846547314578
0.00319693094629156
0.00319693094629156
0.00543478260869565
0.00159846547314578
0.00159846547314578
0.00127877237851662
0.00159846547314578
0.00415601023017903
0.0166240409207161
0.0166240409207161
0.0175831202046036
0.0175831202046036
0.0175831202046036
0.0166240409207161
0.0153452685421995
0.014386189258312
0.0134271099744246
0.00767263427109974
0.0105498721227621
0.0147058823529412
0.00383631713554987
0.00159846547314578
0.00127877237851662
0.0051150895140665
0.00543478260869565
0.0159846547314578
0.0166240409207161
0.0134271099744246
0.000959079283887468
0.00159846547314578
0.00159846547314578
0.000959079283887468
0.0051150895140665
0.0159846547314578
0.00479539641943734
0.0175831202046036
0.00383631713554987
0.00159846547314578
0.00639386189258312
0.00639386189258312
0.010230179028133
0.0150255754475703
0.000639386189258312
0.00383631713554987
0.0150255754475703
0.00351662404092072
0.0137468030690537
0.00127877237851662
0.00159846547314578
0.000319693094629156
0.00479539641943734
0.00479539641943734
0.00127877237851662
0.014386189258312
0.0051150895140665
0.0028772378516624
0.0150255754475703
0.00607416879795396
0.0150255754475703
0.00159846547314578
0.00191815856777494
0.00191815856777494
0.00127877237851662
0.00191815856777494
0.00159846547314578
0.00191815856777494
0.00319693094629156
0.00255754475703325
0.00159846547314578
0.00255754475703325
0.00383631713554987
0.00127877237851662
0.00191815856777494
0.00671355498721228
0.00671355498721228
0.00191815856777494
0.00447570332480818
0.0147058823529412
0.000319693094629156
0.0159846547314578
0.0156649616368286
0.016304347826087
0.016304347826087
0.00127877237851662
0.0166240409207161
0.0166240409207161
0.00927109974424552
0.00767263427109974
0.00223785166240409
0.0028772378516624
0.000959079283887468
0.014386189258312
0.0028772378516624
0.00223785166240409
0.0115089514066496
0.016304347826087
0.0140664961636829
0.0166240409207161
0.00255754475703325
0.0118286445012788
0.00703324808184143
0.0169437340153453
0.0172634271099744
0.0131074168797954
0.0115089514066496
0.0028772378516624
0.00639386189258312
0.00223785166240409
0.0156649616368286
0.0159846547314578
0.00255754475703325
0.016304347826087
0.00255754475703325
0.00351662404092072
0.00415601023017903
0.00159846547314578
0.00191815856777494
0.000959079283887468
0.0166240409207161
0.00415601023017903
0.00319693094629156
0.016304347826087
0.016304347826087
0.0169437340153453
0.016304347826087
0.0166240409207161
0.00735294117647059
0.00863171355498721
0.016304347826087
0.016304347826087
0.0166240409207161
0.0156649616368286
0.00319693094629156
0.0159846547314578
0.016304347826087
0.0115089514066496
0.00127877237851662
0.0118286445012788
0.000639386189258312
0.00319693094629156
0.0051150895140665
0.016304347826087
0.000639386189258312
0.00319693094629156
0.00159846547314578
0.000959079283887468
0.000959079283887468
0.0137468030690537
0.000639386189258312
0.0028772378516624
0.00319693094629156
0.00319693094629156
0.00319693094629156
0.016304347826087
0.00671355498721228
0.0166240409207161
0.016304347826087
0.00319693094629156
0.00415601023017903
0.0137468030690537
0.00351662404092072
0.00223785166240409
0.0028772378516624
0.00383631713554987
0.00447570332480818
0.016304347826087
0.016304347826087
0.00159846547314578
0.00255754475703325
0.00127877237851662
0.016304347826087
0.0153452685421995
0.00351662404092072
0.00127877237851662
0.00191815856777494
0.00191815856777494
0.0153452685421995
0.0156649616368286
0.0051150895140665
0.014386189258312
0.000959079283887468
0.00543478260869565
0.000959079283887468
0.000959079283887468
0.000639386189258312
0.00127877237851662
0.0105498721227621
0.000959079283887468
0.0166240409207161
0.014386189258312
0.00831202046035806
0.0166240409207161
0.00383631713554987
0.00543478260869565
0.0166240409207161
0.00383631713554987
0.000319693094629156
0.0131074168797954
0.0188618925831202
0.000959079283887468
0.0028772378516624
0.0166240409207161
0.0182225063938619
0.00607416879795396
0.0191815856777494
0.00735294117647059
0.0150255754475703
0.0175831202046036
0.0175831202046036
0.0175831202046036
0.000319693094629156
0.000959079283887468
0.0159846547314578
0.0169437340153453
0.000639386189258312
0.000639386189258312
0.000639386189258312
0.0051150895140665
0.016304347826087
0.0166240409207161
0.0166240409207161
0.00447570332480818
0.00543478260869565
0.016304347826087
0.0169437340153453
0.00383631713554987
0.00447570332480818
0.0147058823529412
0.0156649616368286
0.00351662404092072
0.0028772378516624
0.000319693094629156
0.000959079283887468
0.016304347826087
0.000319693094629156
0.0175831202046036
0.0147058823529412
0.0169437340153453
0.0175831202046036
0.0169437340153453
0.0169437340153453
0.000959079283887468
0.0175831202046036
0.000639386189258312
0.000639386189258312
0.000319693094629156
0.0169437340153453
0.016304347826087
0.0051150895140665
0.0169437340153453
0.00127877237851662
0.0051150895140665
0.00191815856777494
0.000959079283887468
0.00159846547314578
0.00575447570332481
0.000959079283887468
0.0179028132992327
0.0028772378516624
0.000319693094629156
0.00383631713554987
0.00383631713554987
0.00543478260869565
0.00607416879795396
0.00447570332480818
0.00543478260869565
0.00543478260869565
0.00543478260869565
0.00543478260869565
0.00447570332480818
0.00575447570332481
0.000319693094629156
0.000959079283887468
0.00159846547314578
0.00383631713554987
0.0150255754475703
0.0169437340153453
0.000319693094629156
0.000959079283887468
0.0051150895140665
0.0051150895140665
0.00159846547314578
0.00159846547314578
0.0172634271099744
0.00415601023017903
0.0051150895140665
0.00447570332480818
0.0169437340153453
0.0169437340153453
0.0150255754475703
0.00255754475703325
0.0175831202046036
0.0175831202046036
0.00735294117647059
0.0191815856777494
0.0150255754475703
0.0172634271099744
0.00383631713554987
0.00415601023017903
0.000639386189258312
0.000319693094629156
0.000639386189258312
0.0172634271099744
0.0172634271099744
0.014386189258312
0.014386189258312
0.000639386189258312
0.000639386189258312
0.00607416879795396
0.0169437340153453
0.00575447570332481
0.018542199488491
0.0188618925831202
0.0051150895140665
0.00607416879795396
0.0172634271099744
0.00383631713554987
0.00351662404092072
0.00351662404092072
0.00191815856777494
0.00415601023017903
0.00159846547314578
0.00383631713554987
0.000959079283887468
0.0051150895140665
0.00543478260869565
0.000319693094629156
0.0150255754475703
0.000319693094629156
0.00127877237851662
0.0150255754475703
0.00351662404092072
0.00255754475703325
0.00607416879795396
0.0182225063938619
0.0182225063938619
0.0175831202046036
0.0175831202046036
0.000959079283887468
0.00159846547314578
0.00127877237851662
0.00159846547314578
0.00127877237851662
0.00191815856777494
0.00415601023017903
0.000639386189258312
0.0214194373401535
0.0172634271099744
0.0175831202046036
0.00191815856777494
0.00191815856777494
0.00159846547314578
0.000959079283887468
0.0179028132992327
0.00191815856777494
0.00191815856777494
0.00383631713554987
0.00127877237851662
0.00127877237851662
0.0028772378516624
0.000959079283887468
0.000639386189258312
0.0105498721227621
0.020460358056266
0.0201406649616368
0.020460358056266
0.0201406649616368
0.00223785166240409
0.0028772378516624
0.0195012787723785
0.0153452685421995
0.0179028132992327
0.0195012787723785
0.0210997442455243
0.0201406649616368
0.0188618925831202
0.0137468030690537
0.00415601023017903
0.00159846547314578
0.000639386189258312
0.00223785166240409
0.0182225063938619
0.00607416879795396
0.020460358056266
0.0210997442455243
0.0198209718670077
0.0198209718670077
0.0207800511508951
0.0198209718670077
0.000319693094629156
0.0207800511508951
0.00191815856777494
0.0140664961636829
0.00159846547314578
0.00191815856777494
0.00415601023017903
0.00639386189258312
0.0172634271099744
0.0201406649616368
0.00543478260869565
0.0210997442455243
0.00447570332480818
0.0172634271099744
0.0188618925831202
0.0182225063938619
0.0207800511508951
0.0214194373401535
0.018542199488491
0.00191815856777494
0.018542199488491
0.020460358056266
0.0207800511508951
0.000959079283887468
0.0179028132992327
0.0207800511508951
0.0198209718670077
0.0028772378516624
0.00447570332480818
0.0175831202046036
0.00639386189258312
0.0210997442455243
0.00415601023017903
0.00351662404092072
0.000959079283887468
0.00479539641943734
0.000639386189258312
0.000319693094629156
0.00191815856777494
0.000319693094629156
0.0172634271099744
0.020460358056266
0.00863171355498721
0.00159846547314578
0.0166240409207161
0.000639386189258312
0.0159846547314578
0.00607416879795396
0.0201406649616368
0.0198209718670077
0.0214194373401535
0.00223785166240409
0.00127877237851662
0.00383631713554987
0.00223785166240409
0.00927109974424552
0.010230179028133
0.0207800511508951
0.000639386189258312
0.0214194373401535
0.0214194373401535
0.00159846547314578
0.00447570332480818
0.00447570332480818
0.00159846547314578
0.00159846547314578
0.00415601023017903
0.00383631713554987
0.00127877237851662
0.0111892583120205
0.0217391304347826
0.0201406649616368
0.00159846547314578
0.00159846547314578
0.00159846547314578
0.000639386189258312
0.000639386189258312
0.000639386189258312
0.00127877237851662
0.00159846547314578
0.00159846547314578
0.020460358056266
0.00127877237851662
0.00447570332480818
0.0182225063938619
0.00223785166240409
0.020460358056266
0.0214194373401535
0.0175831202046036
0.0210997442455243
0.016304347826087
0.0175831202046036
0.0207800511508951
0.00127877237851662
0.0169437340153453
0.00351662404092072
0.00447570332480818
0.00159846547314578
0.00127877237851662
0.0175831202046036
0.00127877237851662
0.00127877237851662
0.00415601023017903
0.0118286445012788
0.00223785166240409
0.000959079283887468
0.0127877237851662
0.00223785166240409
0.000959079283887468
0.00351662404092072
0.0159846547314578
0.00319693094629156
0.00351662404092072
0.0156649616368286
0.0134271099744246
0.0159846547314578
0.0172634271099744
0.00447570332480818
0.00479539641943734
0.00447570332480818
0.00479539641943734
0.00255754475703325
0.00223785166240409
0.00191815856777494
0.0153452685421995
0.0159846547314578
0.0169437340153453
0.0156649616368286
0.0172634271099744
0.000959079283887468
0.00351662404092072
0.0051150895140665
0.0172634271099744
0.00255754475703325
0.00255754475703325
0.0166240409207161
0.000639386189258312
0.000319693094629156
0.000319693094629156
0.0028772378516624
0.00159846547314578
0.00223785166240409
0.00351662404092072
0.00223785166240409
0.0172634271099744
0.0175831202046036
0.0169437340153453
0.0172634271099744
0.0147058823529412
0.00255754475703325
0.00159846547314578
0.0172634271099744
0.0169437340153453
0.016304347826087
0.000319693094629156
0.016304347826087
0.0169437340153453
0.00255754475703325
0.00127877237851662
0.0172634271099744
0.0172634271099744
0.000959079283887468
0.0124680306905371
0.0169437340153453
0.0169437340153453
0.0172634271099744
0.0169437340153453
0.0156649616368286
0.0175831202046036
0.0172634271099744
0.0169437340153453
0.00351662404092072
0.00351662404092072
0.0172634271099744
0.00223785166240409
0.0172634271099744
0.00159846547314578
0.00159846547314578
0.00575447570332481
0.014386189258312
0.00223785166240409
0.00127877237851662
0.0131074168797954
0.000959079283887468
0.0169437340153453
0.000959079283887468
0.00447570332480818
0.00479539641943734
0.00159846547314578
0.00159846547314578
0.00191815856777494
0.00159846547314578
0.00319693094629156
0.00223785166240409
0.0051150895140665
0.016304347826087
0.00447570332480818
0.00447570332480818
0.000959079283887468
0.00383631713554987
0.00191815856777494
0.00479539641943734
0.00127877237851662
0.000959079283887468
0.00351662404092072
0.000959079283887468
0.0169437340153453
0.00319693094629156
0.000639386189258312
0.000319693094629156
0.00415601023017903
0.00191815856777494
0.00191815856777494
0.010230179028133
0.0147058823529412
0.0147058823529412
0.0169437340153453
0.016304347826087
0.00127877237851662
0.00255754475703325
0.00223785166240409
0.0147058823529412
0.016304347826087
0.0166240409207161
0.0169437340153453
0.0169437340153453
0.0169437340153453
0.000319693094629156
0.000319693094629156
0.00319693094629156
0.0147058823529412
0.000639386189258312
0.010230179028133
0.000639386189258312
0.00447570332480818
0.00255754475703325
0.000959079283887468
0.00831202046035806
0.00735294117647059
0.00671355498721228
0.00831202046035806
0.000639386189258312
0.00127877237851662
0.000959079283887468
0.00575447570332481
0.00415601023017903
0.00159846547314578
0.00991048593350384
0.00959079283887468
0.00127877237851662
0.00223785166240409
0.00191815856777494
0.00319693094629156
0.00159846547314578
0.00607416879795396
0.00607416879795396
0.00639386189258312
0.00671355498721228
0.00927109974424552
0.00927109974424552
0.00575447570332481
0.00575447570332481
0.00767263427109974
0.000319693094629156
0.00895140664961637
0.00543478260869565
0.000959079283887468
0.00991048593350384
0.00767263427109974
0.00831202046035806
0.00671355498721228
0.00383631713554987
0.00447570332480818
0.00639386189258312
0.00607416879795396
0.0051150895140665
0.00671355498721228
0.010230179028133
0.00607416879795396
0.000639386189258312
0.00159846547314578
0.00127877237851662
0.000959079283887468
0.00543478260869565
0.00607416879795396
0.00607416879795396
0.00639386189258312
0.00543478260869565
0.00479539641943734
0.00575447570332481
0.00351662404092072
0.0028772378516624
0.00543478260869565
0.00543478260869565
0.00639386189258312
0.00639386189258312
0.00607416879795396
0.00575447570332481
0.00735294117647059
0.00127877237851662
0.00191815856777494
0.0028772378516624
0.00351662404092072
0.00159846547314578
0.00223785166240409
0.00127877237851662
0.00159846547314578
0.0028772378516624
0.00319693094629156
0.0028772378516624
0.00159846547314578
0.00127877237851662
0.000959079283887468
0.00159846547314578
0.00735294117647059
0.00191815856777494
0.00191815856777494
0.00895140664961637
0.00479539641943734
0.00255754475703325
0.00543478260869565
0.00447570332480818
0.00575447570332481
0.00831202046035806
0.00639386189258312
0.000639386189258312
0.00159846547314578
0.00319693094629156
0.00255754475703325
0.00319693094629156
0.00159846547314578
0.00767263427109974
0.000959079283887468
0.00127877237851662
0.00831202046035806
0.00223785166240409
0.00223785166240409
0.000959079283887468
0.00447570332480818
0.00447570332480818
0.00671355498721228
0.00639386189258312
0.00415601023017903
0.00255754475703325
0.00255754475703325
0.00191815856777494
0.000319693094629156
0.000319693094629156
0.000639386189258312
0.00639386189258312
0.00671355498721228
0.00319693094629156
0.00735294117647059
0.000639386189258312
0.00735294117647059
0.000319693094629156
0.00479539641943734
0.00383631713554987
0.00703324808184143
0.00351662404092072
0.0028772378516624
0.00575447570332481
0.000639386189258312
0.00351662404092072
0.00255754475703325
0.00127877237851662
0.00735294117647059
0.00383631713554987
0.0028772378516624
0.00351662404092072
0.0028772378516624
0.0028772378516624
0.00223785166240409
0.000639386189258312
0.00255754475703325
0.00383631713554987
0.00319693094629156
0.00703324808184143
0.00735294117647059
0.0028772378516624
0.00735294117647059
0.00191815856777494
0.000959079283887468
0.00255754475703325
0.00383631713554987
0.000639386189258312
0.0079923273657289
0.00415601023017903
0.00351662404092072
0.000639386189258312
0.000959079283887468
0.00735294117647059
0.000319693094629156
0.00255754475703325
0.00159846547314578
0.00255754475703325
0.00319693094629156
0.00735294117647059
0.00735294117647059
0.00127877237851662
0.000639386189258312
0.00735294117647059
0.00447570332480818
0.000959079283887468
0.000959079283887468
0.00671355498721228
0.000639386189258312
0.000319693094629156
0.000959079283887468
0.00127877237851662
0.00319693094629156
0.0028772378516624
0.000959079283887468
0.000959079283887468
0.000959079283887468
0.00415601023017903
0.00671355498721228
0.0079923273657289
0.00319693094629156
0.00223785166240409
0.000959079283887468
0.00319693094629156
0.00351662404092072
0.0028772378516624
0.00735294117647059
0.00351662404092072
0.00319693094629156
0.00319693094629156
0.000959079283887468
0.00127877237851662
0.000959079283887468
0.00223785166240409
0.000959079283887468
0.0051150895140665
0.000959079283887468
0.00767263427109974
0.00127877237851662
0.00223785166240409
0.00255754475703325
0.00191815856777494
0.00223785166240409
0.00703324808184143
0.000639386189258312
0.00159846547314578
0.00735294117647059
0.00351662404092072
0.000959079283887468
0.00191815856777494
0.0028772378516624
0.00735294117647059
0.00191815856777494
0.00319693094629156
0.00319693094629156
0.00319693094629156
0.000639386189258312
0.00223785166240409
0.00191815856777494
0.00159846547314578
0.00735294117647059
0.000319693094629156
0.00159846547314578
0.00159846547314578
0.00735294117647059
0.00703324808184143
0.00191815856777494
0.00191815856777494
0.000959079283887468
0.000639386189258312
0.00671355498721228
0.00319693094629156
0.00735294117647059
0.000639386189258312
0.0028772378516624
0.000959079283887468
0.00607416879795396
0.00735294117647059
0.00159846547314578
0.00703324808184143
0.00703324808184143
0.00351662404092072
0.00159846547314578
0.00191815856777494
0.00703324808184143
0.00191815856777494
0.00479539641943734
0.00735294117647059
0.00255754475703325
0.00735294117647059
0.00223785166240409
0.00159846547314578
0.00319693094629156
0.00255754475703325
0.00223785166240409
0.000319693094629156
0.00191815856777494
0.000959079283887468
0.00191815856777494
0.00735294117647059
0.000959079283887468
0.00159846547314578
0.00127877237851662
0.00127877237851662
0.00735294117647059
0.0028772378516624
0.0028772378516624
0.00479539641943734
0.00703324808184143
0.00159846547314578
0.00735294117647059
0.0028772378516624
0.00255754475703325
0.00671355498721228
0.00735294117647059
0.00223785166240409
0.00127877237851662
0.00159846547314578
0.00191815856777494
