1.27877237851662e-05
1.27877237851662e-05
8.95140664961637e-05
6.39386189258312e-05
6.39386189258312e-05
0.00010230179028133
0.000741687979539642
5.1150895140665e-05
6.39386189258312e-05
5.1150895140665e-05
0.000115089514066496
0.000370843989769821
6.39386189258312e-05
6.39386189258312e-05
3.83631713554987e-05
2.55754475703325e-05
0.00010230179028133
6.39386189258312e-05
0.000153452685421995
0.000127877237851662
0.000447570332480818
0.000485933503836317
0.000370843989769821
0.000639386189258312
6.39386189258312e-05
0.00010230179028133
0.00010230179028133
0.000127877237851662
0.000115089514066496
0.000115089514066496
6.39386189258312e-05
2.55754475703325e-05
0.000153452685421995
0.000524296675191816
0.000166240409207161
0.000127877237851662
6.39386189258312e-05
0.000498721227621483
0.000741687979539642
0.000741687979539642
0.000498721227621483
0.000485933503836317
0.000485933503836317
0.000319693094629156
0.000613810741687979
0.000562659846547315
0.000562659846547315
0.00051150895140665
5.1150895140665e-05
5.1150895140665e-05
1.27877237851662e-05
1.27877237851662e-05
0.000127877237851662
0.00010230179028133
0.000191815856777494
0.000153452685421995
5.1150895140665e-05
0.000115089514066496
0.000127877237851662
0.00010230179028133
0.000575447570332481
0.000191815856777494
8.95140664961637e-05
0.000127877237851662
0.000728900255754476
8.95140664961637e-05
0.000127877237851662
8.95140664961637e-05
5.1150895140665e-05
0.000754475703324808
0.000741687979539642
0.000741687979539642
0.000741687979539642
0.000601023017902813
0.000485933503836317
0.000473145780051151
0.000166240409207161
1.27877237851662e-05
0.000741687979539642
0.000652173913043478
0.000741687979539642
0.000179028132992327
0.000166240409207161
3.83631713554987e-05
0.000115089514066496
0.000140664961636829
0.000140664961636829
0.000140664961636829
0.000140664961636829
0.000153452685421995
0.000179028132992327
0.000524296675191816
0.000613810741687979
3.83631713554987e-05
0.000396419437340153
7.67263427109974e-05
5.1150895140665e-05
0.000562659846547315
0.000473145780051151
0.000153452685421995
0.000601023017902813
8.95140664961637e-05
0.000613810741687979
5.1150895140665e-05
0.000179028132992327
0.000153452685421995
0.00020460358056266
0.00051150895140665
0.000127877237851662
0.00051150895140665
5.1150895140665e-05
0.000153452685421995
6.39386189258312e-05
0.000140664961636829
5.1150895140665e-05
0.000626598465473146
0.000652173913043478
0.000524296675191816
8.95140664961637e-05
5.1150895140665e-05
0.00051150895140665
0.000562659846547315
6.39386189258312e-05
0.000473145780051151
0.000268542199488491
0.000498721227621483
0.000485933503836317
0.000127877237851662
0.000140664961636829
0.000741687979539642
1.27877237851662e-05
5.1150895140665e-05
0.00071611253196931
0.000601023017902813
0.000562659846547315
0.000549872122762148
0.000677749360613811
2.55754475703325e-05
1.27877237851662e-05
0.000473145780051151
0.000639386189258312
0.000741687979539642
0.000115089514066496
0.000728900255754476
0.000127877237851662
0.000140664961636829
0.000485933503836317
0.000166240409207161
3.83631713554987e-05
0.000140664961636829
0.000473145780051151
0.000728900255754476
0.000473145780051151
8.95140664961637e-05
0.000115089514066496
0.000294117647058824
0.000281329923273657
3.83631713554987e-05
8.95140664961637e-05
6.39386189258312e-05
5.1150895140665e-05
0.000383631713554987
0.000626598465473146
3.83631713554987e-05
0.00010230179028133
0.000140664961636829
0.000217391304347826
6.39386189258312e-05
0.00030690537084399
1.27877237851662e-05
8.95140664961637e-05
1.27877237851662e-05
0.000217391304347826
0.000115089514066496
0.000613810741687979
0.000588235294117647
0.000191815856777494
0.000639386189258312
7.67263427109974e-05
0.000294117647058824
0.00030690537084399
2.55754475703325e-05
0.000652173913043478
0.000562659846547315
0.000179028132992327
0.000217391304347826
0.000115089514066496
0.000242966751918159
0.000652173913043478
0.000255754475703325
0.000294117647058824
0.000242966751918159
6.39386189258312e-05
0.000447570332480818
0.000179028132992327
0.000690537084398977
0.000652173913043478
0.000639386189258312
6.39386189258312e-05
0.000588235294117647
0.000549872122762148
0.000652173913043478
0.000652173913043478
5.1150895140665e-05
5.1150895140665e-05
0.000652173913043478
0.000690537084398977
0.00051150895140665
0.00051150895140665
3.83631713554987e-05
0.000370843989769821
5.1150895140665e-05
6.39386189258312e-05
6.39386189258312e-05
1.27877237851662e-05
6.39386189258312e-05
3.83631713554987e-05
0.000127877237851662
0.000166240409207161
0.000166240409207161
0.000127877237851662
5.1150895140665e-05
7.67263427109974e-05
0.000626598465473146
0.000562659846547315
3.83631713554987e-05
0.000524296675191816
0.000690537084398977
3.83631713554987e-05
0.000652173913043478
0.000613810741687979
0.000626598465473146
0.000115089514066496
0.00010230179028133
0.000179028132992327
2.55754475703325e-05
0.000217391304347826
0.000230179028132992
0.000639386189258312
8.95140664961637e-05
0.00010230179028133
0.000601023017902813
0.000601023017902813
0.000652173913043478
1.27877237851662e-05
0.000677749360613811
0.000690537084398977
0.00071611253196931
0.000652173913043478
0.000652173913043478
0.000639386189258312
0.000652173913043478
0.000613810741687979
0.00051150895140665
1.27877237851662e-05
0.000677749360613811
0.000652173913043478
0.000626598465473146
0.000575447570332481
0.00040920716112532
3.83631713554987e-05
0.000153452685421995
0.000191815856777494
0.000191815856777494
0.000294117647058824
0.000652173913043478
0.000268542199488491
0.000191815856777494
5.1150895140665e-05
5.1150895140665e-05
0.000191815856777494
0.000230179028132992
0.000345268542199489
0.00030690537084399
0.000115089514066496
0.00010230179028133
0.000179028132992327
0.000242966751918159
0.000230179028132992
0.00020460358056266
0.000268542199488491
0.000268542199488491
0.000319693094629156
0.000166240409207161
0.000140664961636829
0.000153452685421995
0.000268542199488491
7.67263427109974e-05
0.000639386189258312
7.67263427109974e-05
0.000537084398976982
0.000153452685421995
0.000153452685421995
0.000613810741687979
0.000153452685421995
0.000345268542199489
0.000639386189258312
0.000639386189258312
0.000281329923273657
0.000268542199488491
0.000281329923273657
0.000268542199488491
0.000294117647058824
0.000281329923273657
0.00020460358056266
0.000268542199488491
5.1150895140665e-05
0.000115089514066496
0.000166240409207161
0.000179028132992327
0.000140664961636829
0.000115089514066496
0.000230179028132992
6.39386189258312e-05
0.000370843989769821
0.000319693094629156
2.55754475703325e-05
0.000115089514066496
0.000268542199488491
8.95140664961637e-05
0.000191815856777494
0.000230179028132992
0.000230179028132992
0.000153452685421995
0.000140664961636829
0.000383631713554987
1.27877237851662e-05
0.000140664961636829
7.67263427109974e-05
3.83631713554987e-05
6.39386189258312e-05
0.000370843989769821
2.55754475703325e-05
0.000358056265984655
0.000281329923273657
0.000281329923273657
0.000140664961636829
0.000294117647058824
0.00020460358056266
0.000153452685421995
0.000140664961636829
0.000294117647058824
7.67263427109974e-05
5.1150895140665e-05
0.000319693094629156
0.000370843989769821
7.67263427109974e-05
0.000115089514066496
7.67263427109974e-05
3.83631713554987e-05
0.000115089514066496
5.1150895140665e-05
8.95140664961637e-05
8.95140664961637e-05
0.000140664961636829
0.000255754475703325
0.000242966751918159
0.000217391304347826
0.00020460358056266
0.000255754475703325
0.000127877237851662
0.000140664961636829
0.000230179028132992
0.000242966751918159
3.83631713554987e-05
0.000115089514066496
7.67263427109974e-05
0.000319693094629156
5.1150895140665e-05
0.000191815856777494
0.000383631713554987
0.000281329923273657
0.000140664961636829
0.000383631713554987
0.000345268542199489
0.000383631713554987
0.000127877237851662
0.00010230179028133
7.67263427109974e-05
0.000115089514066496
0.000383631713554987
0.000332480818414322
0.000319693094629156
0.000281329923273657
0.00030690537084399
1.27877237851662e-05
0.000268542199488491
0.000383631713554987
3.83631713554987e-05
6.39386189258312e-05
8.95140664961637e-05
0.00010230179028133
2.55754475703325e-05
0.000153452685421995
8.95140664961637e-05
2.55754475703325e-05
1.27877237851662e-05
0.000383631713554987
0.000332480818414322
8.95140664961637e-05
8.95140664961637e-05
8.95140664961637e-05
8.95140664961637e-05
7.67263427109974e-05
0.000191815856777494
0.000358056265984655
3.83631713554987e-05
3.83631713554987e-05
8.95140664961637e-05
3.83631713554987e-05
7.67263427109974e-05
5.1150895140665e-05
0.000255754475703325
0.000140664961636829
0.000294117647058824
0.000383631713554987
6.39386189258312e-05
7.67263427109974e-05
6.39386189258312e-05
0.00010230179028133
3.83631713554987e-05
7.67263427109974e-05
7.67263427109974e-05
0.000255754475703325
0.000370843989769821
0.00010230179028133
0.000153452685421995
0.000115089514066496
2.55754475703325e-05
0.000281329923273657
0.000191815856777494
6.39386189258312e-05
0.000268542199488491
0.000281329923273657
0.000281329923273657
8.95140664961637e-05
0.000153452685421995
7.67263427109974e-05
7.67263427109974e-05
0.000217391304347826
1.27877237851662e-05
0.000191815856777494
0.000345268542199489
0.000562659846547315
6.39386189258312e-05
0.00010230179028133
0.000524296675191816
0.000537084398976982
8.95140664961637e-05
8.95140664961637e-05
7.67263427109974e-05
8.95140664961637e-05
0.000537084398976982
0.000140664961636829
0.000140664961636829
0.000140664961636829
6.39386189258312e-05
6.39386189258312e-05
3.83631713554987e-05
3.83631713554987e-05
5.1150895140665e-05
0.000485933503836317
0.000115089514066496
5.1150895140665e-05
2.55754475703325e-05
3.83631713554987e-05
1.27877237851662e-05
0.00010230179028133
3.83631713554987e-05
0.000460358056265985
0.00051150895140665
0.000498721227621483
6.39386189258312e-05
0.00010230179028133
0.000498721227621483
0.000524296675191816
0.000562659846547315
0.000281329923273657
1.27877237851662e-05
0.000421994884910486
0.000537084398976982
7.67263427109974e-05
0.000319693094629156
2.55754475703325e-05
3.83631713554987e-05
0.000549872122762148
0.000549872122762148
0.000434782608695652
0.000549872122762148
0.000396419437340153
0.000345268542199489
0.000127877237851662
2.55754475703325e-05
0.000562659846547315
0.000127877237851662
0.00010230179028133
5.1150895140665e-05
0.000421994884910486
0.000332480818414322
0.000281329923273657
8.95140664961637e-05
1.27877237851662e-05
5.1150895140665e-05
3.83631713554987e-05
8.95140664961637e-05
0.000498721227621483
0.000217391304347826
0.00010230179028133
7.67263427109974e-05
3.83631713554987e-05
0.000498721227621483
8.95140664961637e-05
7.67263427109974e-05
0.000498721227621483
0.000460358056265985
1.27877237851662e-05
3.83631713554987e-05
0.000485933503836317
7.67263427109974e-05
5.1150895140665e-05
7.67263427109974e-05
0.00051150895140665
0.000460358056265985
6.39386189258312e-05
0.000485933503836317
0.000140664961636829
3.83631713554987e-05
6.39386189258312e-05
6.39386189258312e-05
0.000127877237851662
6.39386189258312e-05
6.39386189258312e-05
0.000140664961636829
0.000358056265984655
0.000115089514066496
0.000127877237851662
0.000460358056265985
0.000473145780051151
0.00051150895140665
0.000140664961636829
8.95140664961637e-05
0.00010230179028133
6.39386189258312e-05
0.000140664961636829
0.000396419437340153
0.000396419437340153
0.000396419437340153
0.000421994884910486
0.000473145780051151
0.000549872122762148
8.95140664961637e-05
6.39386189258312e-05
3.83631713554987e-05
3.83631713554987e-05
0.000153452685421995
0.000115089514066496
2.55754475703325e-05
2.55754475703325e-05
7.67263427109974e-05
0.000332480818414322
0.000562659846547315
0.000140664961636829
0.000447570332480818
0.000562659846547315
3.83631713554987e-05
0.000140664961636829
0.000537084398976982
0.000549872122762148
3.83631713554987e-05
0.000140664961636829
5.1150895140665e-05
3.83631713554987e-05
8.95140664961637e-05
2.55754475703325e-05
0.000166240409207161
8.95140664961637e-05
7.67263427109974e-05
0.000549872122762148
0.000140664961636829
8.95140664961637e-05
0.000140664961636829
5.1150895140665e-05
6.39386189258312e-05
0.000153452685421995
2.55754475703325e-05
1.27877237851662e-05
1.27877237851662e-05
0.000575447570332481
1.27877237851662e-05
7.67263427109974e-05
7.67263427109974e-05
1.27877237851662e-05
0.000153452685421995
0.000549872122762148
0.000537084398976982
1.27877237851662e-05
0.000127877237851662
0.000166240409207161
0.000485933503836317
0.000447570332480818
0.000549872122762148
0.000575447570332481
0.000447570332480818
0.000562659846547315
0.000562659846547315
0.000473145780051151
0.000115089514066496
0.000498721227621483
0.000140664961636829
5.1150895140665e-05
8.95140664961637e-05
0.000447570332480818
2.55754475703325e-05
0.000588235294117647
0.000370843989769821
0.000537084398976982
0.000562659846547315
6.39386189258312e-05
0.000153452685421995
1.27877237851662e-05
1.27877237851662e-05
2.55754475703325e-05
3.83631713554987e-05
6.39386189258312e-05
0.000140664961636829
0.000166240409207161
8.95140664961637e-05
0.000127877237851662
0.000473145780051151
0.000562659846547315
0.000562659846547315
0.000588235294117647
1.27877237851662e-05
0.000575447570332481
0.000562659846547315
0.000473145780051151
0.000562659846547315
0.00010230179028133
7.67263427109974e-05
2.55754475703325e-05
0.000588235294117647
0.00020460358056266
0.000562659846547315
0.000562659846547315
6.39386189258312e-05
7.67263427109974e-05
8.95140664961637e-05
0.000153452685421995
0.000140664961636829
0.000140664961636829
0.000549872122762148
0.000537084398976982
5.1150895140665e-05
8.95140664961637e-05
0.000166240409207161
0.000153452685421995
0.000498721227621483
0.000473145780051151
0.000166240409207161
0.000140664961636829
8.95140664961637e-05
0.000549872122762148
0.000179028132992327
0.000140664961636829
0.000166240409207161
0.000140664961636829
0.000217391304347826
0.000140664961636829
0.000485933503836317
0.000485933503836317
0.000498721227621483
0.000537084398976982
0.000434782608695652
0.000537084398976982
0.000153452685421995
0.000294117647058824
3.83631713554987e-05
6.39386189258312e-05
8.95140664961637e-05
0.000127877237851662
5.1150895140665e-05
0.000153452685421995
3.83631713554987e-05
0.000294117647058824
0.00040920716112532
0.000153452685421995
0.00020460358056266
0.00020460358056266
3.83631713554987e-05
0.000370843989769821
0.00010230179028133
0.000115089514066496
0.000153452685421995
0.000127877237851662
0.000294117647058824
0.000396419437340153
0.000434782608695652
0.00040920716112532
1.27877237851662e-05
3.83631713554987e-05
3.83631713554987e-05
0.000166240409207161
3.83631713554987e-05
0.000115089514066496
0.000396419437340153
0.000153452685421995
0.000115089514066496
0.000358056265984655
0.000345268542199489
0.000140664961636829
0.000166240409207161
0.000153452685421995
0.000140664961636829
0.00040920716112532
0.000434782608695652
0.000153452685421995
0.00040920716112532
0.000370843989769821
8.95140664961637e-05
0.000127877237851662
7.67263427109974e-05
0.000179028132992327
0.000179028132992327
0.000358056265984655
0.00040920716112532
8.95140664961637e-05
2.55754475703325e-05
3.83631713554987e-05
0.000153452685421995
3.83631713554987e-05
6.39386189258312e-05
8.95140664961637e-05
2.55754475703325e-05
0.000370843989769821
3.83631713554987e-05
3.83631713554987e-05
2.55754475703325e-05
0.000358056265984655
0.000127877237851662
0.00040920716112532
0.00040920716112532
0.000434782608695652
0.000434782608695652
0.000396419437340153
0.000434782608695652
0.000166240409207161
3.83631713554987e-05
0.000127877237851662
0.000153452685421995
6.39386189258312e-05
7.67263427109974e-05
0.000166240409207161
0.000127877237851662
0.000358056265984655
0.000358056265984655
0.000434782608695652
5.1150895140665e-05
6.39386189258312e-05
0.000166240409207161
0.000127877237851662
6.39386189258312e-05
6.39386189258312e-05
0.000447570332480818
1.27877237851662e-05
2.55754475703325e-05
2.55754475703325e-05
0.000166240409207161
8.95140664961637e-05
0.000396419437340153
0.000434782608695652
0.000268542199488491
6.39386189258312e-05
0.000115089514066496
0.000255754475703325
8.95140664961637e-05
3.83631713554987e-05
5.1150895140665e-05
0.000127877237851662
0.00010230179028133
0.000153452685421995
0.000127877237851662
7.67263427109974e-05
5.1150895140665e-05
0.000179028132992327
0.000166240409207161
0.000370843989769821
0.000421994884910486
2.55754475703325e-05
0.000127877237851662
7.67263427109974e-05
0.000166240409207161
1.27877237851662e-05
1.27877237851662e-05
7.67263427109974e-05
1.27877237851662e-05
0.000639386189258312
8.95140664961637e-05
1.27877237851662e-05
0.000613810741687979
0.000626598465473146
0.000166240409207161
2.55754475703325e-05
0.000626598465473146
0.000626598465473146
0.000626598465473146
0.000626598465473146
7.67263427109974e-05
7.67263427109974e-05
3.83631713554987e-05
0.000626598465473146
0.000626598465473146
6.39386189258312e-05
0.000166240409207161
5.1150895140665e-05
0.000639386189258312
0.000639386189258312
8.95140664961637e-05
3.83631713554987e-05
8.95140664961637e-05
0.000639386189258312
0.000639386189258312
0.000140664961636829
7.67263427109974e-05
0.000140664961636829
0.000191815856777494
8.95140664961637e-05
0.000140664961636829
8.95140664961637e-05
7.67263427109974e-05
0.000626598465473146
0.000166240409207161
8.95140664961637e-05
0.000115089514066496
0.000179028132992327
0.000460358056265985
6.39386189258312e-05
0.000166240409207161
0.000626598465473146
6.39386189258312e-05
0.000626598465473146
0.000626598465473146
0.000639386189258312
5.1150895140665e-05
3.83631713554987e-05
0.000166240409207161
0.000153452685421995
8.95140664961637e-05
3.83631713554987e-05
0.00010230179028133
0.000230179028132992
0.000626598465473146
2.55754475703325e-05
3.83631713554987e-05
5.1150895140665e-05
0.00010230179028133
3.83631713554987e-05
0.000153452685421995
0.000626598465473146
0.000626598465473146
7.67263427109974e-05
0.000166240409207161
2.55754475703325e-05
0.000626598465473146
0.000166240409207161
0.000626598465473146
6.39386189258312e-05
7.67263427109974e-05
0.000626598465473146
0.000166240409207161
0.00010230179028133
0.000115089514066496
0.000115089514066496
0.000639386189258312
0.000115089514066496
0.000626598465473146
3.83631713554987e-05
1.27877237851662e-05
0.000127877237851662
0.000115089514066496
7.67263427109974e-05
5.1150895140665e-05
0.000166240409207161
6.39386189258312e-05
6.39386189258312e-05
6.39386189258312e-05
3.83631713554987e-05
6.39386189258312e-05
0.000626598465473146
0.000626598465473146
0.000626598465473146
0.000626598465473146
0.000626598465473146
1.27877237851662e-05
0.000626598465473146
0.000626598465473146
0.000115089514066496
0.000626598465473146
0.000127877237851662
0.000626598465473146
0.00010230179028133
1.27877237851662e-05
0.000626598465473146
8.95140664961637e-05
0.000626598465473146
0.000626598465473146
0.000626598465473146
0.000626598465473146
3.83631713554987e-05
2.55754475703325e-05
0.000626598465473146
0.000626598465473146
0.000626598465473146
0.000626598465473146
0.000626598465473146
0.000626598465473146
0.000626598465473146
0.000626598465473146
0.000626598465473146
0.000370843989769821
0.000575447570332481
0.000498721227621483
0.000166240409207161
6.39386189258312e-05
7.67263427109974e-05
0.000153452685421995
0.000191815856777494
0.000370843989769821
1.27877237851662e-05
2.55754475703325e-05
0.000562659846547315
0.000549872122762148
0.000447570332480818
0.000345268542199489
0.000485933503836317
0.000447570332480818
0.000562659846547315
0.000345268542199489
0.000524296675191816
0.000485933503836317
0.000434782608695652
1.27877237851662e-05
1.27877237851662e-05
0.000473145780051151
5.1150895140665e-05
0.000115089514066496
0.000127877237851662
0.000460358056265985
0.000115089514066496
5.1150895140665e-05
0.000166240409207161
0.000153452685421995
6.39386189258312e-05
2.55754475703325e-05
1.27877237851662e-05
2.55754475703325e-05
0.000562659846547315
0.000268542199488491
0.000166240409207161
0.000383631713554987
0.000153452685421995
7.67263427109974e-05
0.000537084398976982
0.000153452685421995
5.1150895140665e-05
0.000127877237851662
0.000115089514066496
0.000485933503836317
0.000358056265984655
0.000396419437340153
2.55754475703325e-05
2.55754475703325e-05
1.27877237851662e-05
0.000140664961636829
0.000370843989769821
0.000434782608695652
0.000447570332480818
0.000524296675191816
0.000562659846547315
0.000575447570332481
1.27877237851662e-05
0.000485933503836317
0.000230179028132992
0.000421994884910486
2.55754475703325e-05
0.000268542199488491
0.000562659846547315
0.000549872122762148
0.000562659846547315
0.000447570332480818
0.000140664961636829
0.000485933503836317
1.27877237851662e-05
0.000562659846547315
5.1150895140665e-05
5.1150895140665e-05
5.1150895140665e-05
7.67263427109974e-05
0.000383631713554987
0.000191815856777494
6.39386189258312e-05
0.00010230179028133
0.000140664961636829
0.000268542199488491
0.000140664961636829
0.000460358056265985
0.000358056265984655
0.00051150895140665
0.000434782608695652
0.00051150895140665
0.000434782608695652
0.000345268542199489
2.55754475703325e-05
0.000473145780051151
1.27877237851662e-05
8.95140664961637e-05
8.95140664961637e-05
0.000166240409207161
0.000447570332480818
0.000434782608695652
0.000127877237851662
0.000115089514066496
0.000562659846547315
0.000153452685421995
7.67263427109974e-05
5.1150895140665e-05
2.55754475703325e-05
0.000434782608695652
3.83631713554987e-05
8.95140664961637e-05
0.00010230179028133
0.000153452685421995
1.27877237851662e-05
5.1150895140665e-05
5.1150895140665e-05
0.000166240409207161
6.39386189258312e-05
7.67263427109974e-05
3.83631713554987e-05
0.000524296675191816
1.27877237851662e-05
8.95140664961637e-05
5.1150895140665e-05
7.67263427109974e-05
0.00030690537084399
0.000370843989769821
5.1150895140665e-05
5.1150895140665e-05
2.55754475703325e-05
0.000191815856777494
0.000294117647058824
0.00040920716112532
2.55754475703325e-05
0.000332480818414322
8.95140664961637e-05
0.00040920716112532
0.000153452685421995
0.000242966751918159
6.39386189258312e-05
0.000115089514066496
7.67263427109974e-05
0.000140664961636829
0.000166240409207161
0.000473145780051151
0.000396419437340153
0.000421994884910486
0.000370843989769821
0.00010230179028133
3.83631713554987e-05
0.00030690537084399
0.00030690537084399
0.00030690537084399
0.000447570332480818
3.83631713554987e-05
2.55754475703325e-05
0.000434782608695652
0.00030690537084399
0.00030690537084399
3.83631713554987e-05
2.55754475703325e-05
0.000370843989769821
0.000115089514066496
3.83631713554987e-05
2.55754475703325e-05
1.27877237851662e-05
1.27877237851662e-05
0.000140664961636829
0.000191815856777494
5.1150895140665e-05
6.39386189258312e-05
7.67263427109974e-05
8.95140664961637e-05
7.67263427109974e-05
0.000191815856777494
0.000153452685421995
0.00020460358056266
0.000191815856777494
0.000396419437340153
0.00040920716112532
7.67263427109974e-05
8.95140664961637e-05
0.000140664961636829
0.00040920716112532
6.39386189258312e-05
5.1150895140665e-05
0.000140664961636829
3.83631713554987e-05
0.000242966751918159
0.000294117647058824
0.000294117647058824
0.000447570332480818
6.39386189258312e-05
5.1150895140665e-05
5.1150895140665e-05
0.000153452685421995
0.000166240409207161
7.67263427109974e-05
7.67263427109974e-05
2.55754475703325e-05
6.39386189258312e-05
7.67263427109974e-05
6.39386189258312e-05
7.67263427109974e-05
8.95140664961637e-05
0.000294117647058824
3.83631713554987e-05
0.00040920716112532
0.000358056265984655
0.000447570332480818
0.000434782608695652
0.000294117647058824
6.39386189258312e-05
3.83631713554987e-05
2.55754475703325e-05
2.55754475703325e-05
5.1150895140665e-05
6.39386189258312e-05
3.83631713554987e-05
5.1150895140665e-05
0.000242966751918159
0.000447570332480818
0.000447570332480818
0.00020460358056266
0.000166240409207161
5.1150895140665e-05
2.55754475703325e-05
0.000383631713554987
0.000358056265984655
0.000332480818414322
2.55754475703325e-05
2.55754475703325e-05
2.55754475703325e-05
0.000370843989769821
6.39386189258312e-05
6.39386189258312e-05
8.95140664961637e-05
7.67263427109974e-05
0.000115089514066496
0.000153452685421995
0.000447570332480818
0.000421994884910486
0.000242966751918159
0.000242966751918159
6.39386189258312e-05
3.83631713554987e-05
0.000140664961636829
7.67263427109974e-05
0.000127877237851662
6.39386189258312e-05
5.1150895140665e-05
0.00010230179028133
6.39386189258312e-05
0.00010230179028133
8.95140664961637e-05
0.000242966751918159
0.000383631713554987
6.39386189258312e-05
0.000473145780051151
0.000460358056265985
0.000447570332480818
2.55754475703325e-05
0.000115089514066496
8.95140664961637e-05
0.000140664961636829
3.83631713554987e-05
0.000473145780051151
0.000473145780051151
8.95140664961637e-05
0.000434782608695652
6.39386189258312e-05
3.83631713554987e-05
0.000127877237851662
0.00010230179028133
0.000281329923273657
5.1150895140665e-05
0.00020460358056266
7.67263427109974e-05
8.95140664961637e-05
8.95140664961637e-05
0.000447570332480818
0.000383631713554987
8.95140664961637e-05
5.1150895140665e-05
5.1150895140665e-05
0.000575447570332481
0.000562659846547315
7.67263427109974e-05
3.83631713554987e-05
7.67263427109974e-05
0.000230179028132992
8.95140664961637e-05
0.000562659846547315
0.000562659846547315
0.000115089514066496
0.000115089514066496
7.67263427109974e-05
3.83631713554987e-05
7.67263427109974e-05
6.39386189258312e-05
3.83631713554987e-05
0.000473145780051151
0.000562659846547315
0.000575447570332481
0.00040920716112532
0.000230179028132992
5.1150895140665e-05
1.27877237851662e-05
6.39386189258312e-05
8.95140664961637e-05
0.00010230179028133
0.000230179028132992
0.000242966751918159
7.67263427109974e-05
0.000498721227621483
6.39386189258312e-05
3.83631713554987e-05
0.000115089514066496
0.000140664961636829
0.000166240409207161
0.00010230179028133
7.67263427109974e-05
8.95140664961637e-05
0.000562659846547315
0.000434782608695652
0.000127877237851662
6.39386189258312e-05
0.000127877237851662
0.000115089514066496
0.000396419437340153
0.000421994884910486
6.39386189258312e-05
3.83631713554987e-05
0.000396419437340153
3.83631713554987e-05
3.83631713554987e-05
0.000179028132992327
0.00010230179028133
8.95140664961637e-05
7.67263427109974e-05
3.83631713554987e-05
6.39386189258312e-05
0.000460358056265985
0.000447570332480818
7.67263427109974e-05
0.000562659846547315
3.83631713554987e-05
0.000447570332480818
2.55754475703325e-05
0.000345268542199489
3.83631713554987e-05
1.27877237851662e-05
0.000537084398976982
3.83631713554987e-05
0.000370843989769821
0.000498721227621483
8.95140664961637e-05
1.27877237851662e-05
1.27877237851662e-05
0.000370843989769821
0.000140664961636829
0.000383631713554987
0.000383631713554987
0.00040920716112532
0.000485933503836317
0.000396419437340153
0.000370843989769821
0.000153452685421995
0.000575447570332481
0.000127877237851662
0.000575447570332481
1.27877237851662e-05
1.27877237851662e-05
0.000383631713554987
0.000383631713554987
0.000562659846547315
0.000575447570332481
0.000626598465473146
0.000626598465473146
0.000127877237851662
8.95140664961637e-05
2.55754475703325e-05
2.55754475703325e-05
8.95140664961637e-05
0.000588235294117647
0.000626598465473146
0.000626598465473146
2.55754475703325e-05
5.1150895140665e-05
5.1150895140665e-05
5.1150895140665e-05
5.1150895140665e-05
8.95140664961637e-05
7.67263427109974e-05
7.67263427109974e-05
0.000639386189258312
0.00010230179028133
0.000626598465473146
0.000639386189258312
0.000626598465473146
0.000626598465473146
0.00020460358056266
1.27877237851662e-05
0.000485933503836317
0.000652173913043478
0.000639386189258312
0.000639386189258312
3.83631713554987e-05
1.27877237851662e-05
0.000601023017902813
0.000626598465473146
0.000626598465473146
0.000166240409207161
2.55754475703325e-05
0.000626598465473146
8.95140664961637e-05
0.000575447570332481
7.67263427109974e-05
2.55754475703325e-05
3.83631713554987e-05
0.00051150895140665
0.000639386189258312
0.000626598465473146
8.95140664961637e-05
0.00010230179028133
5.1150895140665e-05
1.27877237851662e-05
0.000626598465473146
0.000562659846547315
0.000166240409207161
0.000179028132992327
0.00020460358056266
0.000166240409207161
0.000115089514066496
0.000153452685421995
0.000639386189258312
0.000601023017902813
0.000191815856777494
5.1150895140665e-05
5.1150895140665e-05
0.000127877237851662
7.67263427109974e-05
0.000549872122762148
0.000652173913043478
0.000588235294117647
0.000613810741687979
7.67263427109974e-05
5.1150895140665e-05
7.67263427109974e-05
7.67263427109974e-05
0.00010230179028133
0.000639386189258312
0.000601023017902813
0.000166240409207161
0.000179028132992327
6.39386189258312e-05
0.000153452685421995
0.000140664961636829
0.000588235294117647
0.00020460358056266
0.000549872122762148
0.000549872122762148
0.000626598465473146
0.000140664961636829
7.67263427109974e-05
0.000153452685421995
2.55754475703325e-05
0.000626598465473146
0.000179028132992327
5.1150895140665e-05
0.000626598465473146
1.27877237851662e-05
0.000588235294117647
6.39386189258312e-05
0.000524296675191816
0.000537084398976982
0.000613810741687979
2.55754475703325e-05
0.000626598465473146
0.000626598465473146
0.000626598465473146
3.83631713554987e-05
3.83631713554987e-05
0.000127877237851662
0.000115089514066496
0.000562659846547315
0.000639386189258312
3.83631713554987e-05
0.000626598465473146
0.000626598465473146
0.00010230179028133
2.55754475703325e-05
0.00010230179028133
3.83631713554987e-05
3.83631713554987e-05
0.000639386189258312
1.27877237851662e-05
0.00010230179028133
1.27877237851662e-05
0.000319693094629156
0.000396419437340153
0.000230179028132992
0.000396419437340153
0.000396419437340153
0.000153452685421995
0.000179028132992327
0.000166240409207161
0.000140664961636829
5.1150895140665e-05
2.55754475703325e-05
8.95140664961637e-05
0.000140664961636829
0.000115089514066496
2.55754475703325e-05
0.000153452685421995
0.000281329923273657
1.27877237851662e-05
6.39386189258312e-05
0.000396419437340153
0.000396419437340153
8.95140664961637e-05
0.000166240409207161
0.000447570332480818
0.000460358056265985
6.39386189258312e-05
0.000179028132992327
5.1150895140665e-05
3.83631713554987e-05
0.000217391304347826
0.000217391304347826
0.000115089514066496
0.000166240409207161
2.55754475703325e-05
6.39386189258312e-05
6.39386189258312e-05
3.83631713554987e-05
2.55754475703325e-05
7.67263427109974e-05
0.000115089514066496
0.000370843989769821
0.00010230179028133
0.00040920716112532
0.000396419437340153
0.000115089514066496
0.000115089514066496
0.000153452685421995
0.000140664961636829
0.000153452685421995
3.83631713554987e-05
0.00010230179028133
0.000140664961636829
0.000140664961636829
8.95140664961637e-05
0.000153452685421995
0.00010230179028133
0.000127877237851662
0.000153452685421995
1.27877237851662e-05
0.000396419437340153
0.000396419437340153
0.000153452685421995
0.000115089514066496
0.000115089514066496
0.000115089514066496
0.000153452685421995
0.00010230179028133
8.95140664961637e-05
0.00020460358056266
3.83631713554987e-05
5.1150895140665e-05
0.00010230179028133
0.000115089514066496
0.000396419437340153
1.27877237851662e-05
1.27877237851662e-05
0.00010230179028133
8.95140664961637e-05
0.00040920716112532
0.000447570332480818
0.000434782608695652
0.00010230179028133
0.00010230179028133
5.1150895140665e-05
8.95140664961637e-05
5.1150895140665e-05
0.000396419437340153
8.95140664961637e-05
3.83631713554987e-05
3.83631713554987e-05
0.000242966751918159
0.000153452685421995
7.67263427109974e-05
0.00010230179028133
0.000421994884910486
0.00040920716112532
0.000447570332480818
0.000434782608695652
8.95140664961637e-05
0.000447570332480818
0.000383631713554987
0.000434782608695652
0.000434782608695652
2.55754475703325e-05
5.1150895140665e-05
0.000140664961636829
0.000140664961636829
7.67263427109974e-05
0.000153452685421995
7.67263427109974e-05
0.000115089514066496
0.000383631713554987
0.000370843989769821
0.000153452685421995
5.1150895140665e-05
7.67263427109974e-05
0.000115089514066496
0.000396419437340153
0.000396419437340153
0.000140664961636829
0.000230179028132992
0.000179028132992327
0.000166240409207161
0.000115089514066496
0.000153452685421995
5.1150895140665e-05
7.67263427109974e-05
6.39386189258312e-05
8.95140664961637e-05
0.000639386189258312
0.000191815856777494
6.39386189258312e-05
6.39386189258312e-05
0.000664961636828645
3.83631713554987e-05
0.000652173913043478
0.000140664961636829
0.000639386189258312
0.000652173913043478
0.000652173913043478
0.000626598465473146
1.27877237851662e-05
0.000421994884910486
7.67263427109974e-05
0.000127877237851662
0.000115089514066496
0.000639386189258312
0.000652173913043478
1.27877237851662e-05
1.27877237851662e-05
8.95140664961637e-05
7.67263427109974e-05
0.00010230179028133
0.000115089514066496
0.000127877237851662
0.000639386189258312
6.39386189258312e-05
0.00010230179028133
0.000652173913043478
0.000664961636828645
0.000191815856777494
0.000127877237851662
3.83631713554987e-05
0.00010230179028133
0.000115089514066496
0.000639386189258312
0.000652173913043478
0.000639386189258312
5.1150895140665e-05
0.000153452685421995
5.1150895140665e-05
0.000652173913043478
5.1150895140665e-05
8.95140664961637e-05
7.67263427109974e-05
0.00010230179028133
0.000115089514066496
0.000115089514066496
6.39386189258312e-05
0.000639386189258312
0.000127877237851662
0.000664961636828645
0.000664961636828645
5.1150895140665e-05
6.39386189258312e-05
5.1150895140665e-05
3.83631713554987e-05
0.000664961636828645
0.000664961636828645
0.000140664961636829
7.67263427109974e-05
3.83631713554987e-05
5.1150895140665e-05
5.1150895140665e-05
8.95140664961637e-05
3.83631713554987e-05
0.000575447570332481
0.000639386189258312
0.000140664961636829
0.000575447570332481
0.000601023017902813
0.000127877237851662
0.000652173913043478
0.000664961636828645
0.000639386189258312
0.000639386189258312
0.00010230179028133
0.000639386189258312
0.000626598465473146
0.000652173913043478
0.000664961636828645
0.000652173913043478
0.000652173913043478
1.27877237851662e-05
0.000127877237851662
0.000652173913043478
0.000601023017902813
0.000601023017902813
0.00030690537084399
0.000639386189258312
3.83631713554987e-05
0.000127877237851662
8.95140664961637e-05
1.27877237851662e-05
0.000549872122762148
0.000652173913043478
0.000652173913043478
0.000140664961636829
0.000127877237851662
0.000613810741687979
0.000652173913043478
8.95140664961637e-05
8.95140664961637e-05
0.000127877237851662
0.000153452685421995
0.000652173913043478
0.000652173913043478
3.83631713554987e-05
5.1150895140665e-05
6.39386189258312e-05
0.00010230179028133
0.000115089514066496
1.27877237851662e-05
2.55754475703325e-05
3.83631713554987e-05
0.000115089514066496
0.000115089514066496
0.000115089514066496
5.1150895140665e-05
1.27877237851662e-05
0.000652173913043478
0.000639386189258312
0.000601023017902813
0.000613810741687979
8.95140664961637e-05
0.00030690537084399
3.83631713554987e-05
0.000127877237851662
0.00010230179028133
8.95140664961637e-05
3.83631713554987e-05
0.000242966751918159
0.000843989769820972
0.000217391304347826
0.000869565217391304
0.000805626598465473
0.000946291560102302
0.000971867007672634
8.95140664961637e-05
8.95140664961637e-05
3.83631713554987e-05
0.000562659846547315
0.000818414322250639
0.000805626598465473
0.000140664961636829
2.55754475703325e-05
2.55754475703325e-05
0.00010230179028133
0.000115089514066496
8.95140664961637e-05
0.000396419437340153
7.67263427109974e-05
0.000153452685421995
0.000818414322250639
0.000805626598465473
1.27877237851662e-05
0.000792838874680307
5.1150895140665e-05
0.000153452685421995
8.95140664961637e-05
0.000805626598465473
8.95140664961637e-05
0.000140664961636829
5.1150895140665e-05
7.67263427109974e-05
0.000140664961636829
0.000140664961636829
0.000153452685421995
0.000140664961636829
0.00030690537084399
0.000818414322250639
0.000805626598465473
0.000818414322250639
0.000818414322250639
0.000434782608695652
0.000805626598465473
7.67263427109974e-05
0.000639386189258312
0.000537084398976982
0.000805626598465473
7.67263427109974e-05
0.000767263427109974
0.000805626598465473
3.83631713554987e-05
0.000805626598465473
3.83631713554987e-05
0.000741687979539642
0.000767263427109974
0.000780051150895141
0.000754475703324808
0.000153452685421995
0.000792838874680307
0.000166240409207161
3.83631713554987e-05
3.83631713554987e-05
0.000818414322250639
1.27877237851662e-05
7.67263427109974e-05
7.67263427109974e-05
0.000153452685421995
0.000166240409207161
6.39386189258312e-05
0.000780051150895141
1.27877237851662e-05
0.000153452685421995
8.95140664961637e-05
2.55754475703325e-05
0.000805626598465473
0.000818414322250639
0.000153452685421995
0.000805626598465473
2.55754475703325e-05
5.1150895140665e-05
3.83631713554987e-05
7.67263427109974e-05
0.000805626598465473
0.000140664961636829
5.1150895140665e-05
2.55754475703325e-05
8.95140664961637e-05
1.27877237851662e-05
0.000370843989769821
0.000728900255754476
0.000767263427109974
0.000690537084398977
0.000728900255754476
0.000690537084398977
0.000728900255754476
3.83631713554987e-05
0.000690537084398977
3.83631713554987e-05
0.000741687979539642
0.000153452685421995
0.000792838874680307
0.000741687979539642
0.000818414322250639
0.000805626598465473
0.000805626598465473
0.000127877237851662
0.000153452685421995
0.000153452685421995
5.1150895140665e-05
0.000127877237851662
0.000127877237851662
8.95140664961637e-05
0.000792838874680307
5.1150895140665e-05
0.000127877237851662
0.000664961636828645
1.27877237851662e-05
0.00051150895140665
2.55754475703325e-05
0.000690537084398977
3.83631713554987e-05
0.000562659846547315
2.55754475703325e-05
0.000741687979539642
0.000780051150895141
0.000792838874680307
0.000639386189258312
0.000805626598465473
0.000140664961636829
0.000690537084398977
0.000805626598465473
0.000741687979539642
0.00071611253196931
6.39386189258312e-05
0.000588235294117647
0.00051150895140665
0.000460358056265985
3.83631713554987e-05
0.000115089514066496
0.0010613810741688
0.0010613810741688
0.00107416879795396
2.55754475703325e-05
0.000549872122762148
0.000869565217391304
0.000818414322250639
0.000179028132992327
0.000166240409207161
0.000869565217391304
0.000754475703324808
6.39386189258312e-05
7.67263427109974e-05
0.000140664961636829
0.00071611253196931
0.000549872122762148
0.000498721227621483
0.000805626598465473
0.000677749360613811
0.000652173913043478
0.000626598465473146
0.000601023017902813
0.000754475703324808
0.000971867007672634
0.000613810741687979
0.00010230179028133
0.000127877237851662
0.000191815856777494
0.000792838874680307
0.000805626598465473
0.000728900255754476
0.000792838874680307
0.00051150895140665
0.000319693094629156
0.000664961636828645
0.000562659846547315
3.83631713554987e-05
1.27877237851662e-05
0.000179028132992327
8.95140664961637e-05
3.83631713554987e-05
0.000191815856777494
0.000191815856777494
6.39386189258312e-05
6.39386189258312e-05
7.67263427109974e-05
7.67263427109974e-05
0.000191815856777494
0.000191815856777494
0.000741687979539642
2.55754475703325e-05
0.000191815856777494
0.00071611253196931
0.000179028132992327
0.000115089514066496
2.55754475703325e-05
0.00103580562659847
0.000179028132992327
0.000831202046035806
0.000933503836317136
0.000907928388746803
0.000153452685421995
0.000191815856777494
0.000818414322250639
0.000767263427109974
0.000549872122762148
0.000613810741687979
0.000485933503836317
3.83631713554987e-05
0.000907928388746803
0.000115089514066496
0.000115089514066496
0.000677749360613811
0.000767263427109974
0.000920716112531969
0.00103580562659847
0.000153452685421995
0.000179028132992327
0.000127877237851662
0.000281329923273657
0.000166240409207161
0.000601023017902813
0.0010613810741688
2.55754475703325e-05
0.000946291560102302
0.00010230179028133
0.0010613810741688
0.000856777493606138
0.0010230179028133
0.00104859335038363
0.000869565217391304
0.000421994884910486
0.000728900255754476
0.000166240409207161
0.0010613810741688
0.000703324808184143
0.000856777493606138
0.000728900255754476
0.000792838874680307
0.000677749360613811
0.000601023017902813
0.000959079283887468
0.00103580562659847
0.000166240409207161
0.000153452685421995
0.000153452685421995
0.000179028132992327
0.000166240409207161
0.000140664961636829
5.1150895140665e-05
0.000127877237851662
6.39386189258312e-05
6.39386189258312e-05
0.00020460358056266
0.000166240409207161
0.000166240409207161
0.000191815856777494
0.000191815856777494
0.000780051150895141
0.000997442455242967
0.000997442455242967
0.0010613810741688
0.0010613810741688
0.00107416879795396
2.55754475703325e-05
0.000690537084398977
0.000703324808184143
0.00103580562659847
0.000767263427109974
0.000792838874680307
0.000805626598465473
0.000728900255754476
0.000281329923273657
0.000179028132992327
2.55754475703325e-05
3.83631713554987e-05
0.000179028132992327
7.67263427109974e-05
0.000460358056265985
0.000140664961636829
2.55754475703325e-05
6.39386189258312e-05
1.27877237851662e-05
0.000677749360613811
0.00071611253196931
0.000754475703324808
0.000677749360613811
0.000907928388746803
0.000754475703324808
0.00104859335038363
0.0010230179028133
0.000703324808184143
0.000703324808184143
0.000690537084398977
5.1150895140665e-05
6.39386189258312e-05
0.000179028132992327
6.39386189258312e-05
0.000179028132992327
0.000179028132992327
0.000690537084398977
0.000115089514066496
0.000166240409207161
2.55754475703325e-05
2.55754475703325e-05
0.000179028132992327
0.00010230179028133
0.000140664961636829
0.00010230179028133
0.000191815856777494
2.55754475703325e-05
0.000831202046035806
0.000230179028132992
5.1150895140665e-05
5.1150895140665e-05
0.000191815856777494
0.000677749360613811
0.000664961636828645
0.000664961636828645
0.000613810741687979
0.000166240409207161
2.55754475703325e-05
6.39386189258312e-05
0.000191815856777494
0.000115089514066496
0.000191815856777494
0.000179028132992327
0.000230179028132992
0.000127877237851662
0.000792838874680307
0.000997442455242967
0.000946291560102302
0.00116368286445013
0.00040920716112532
0.000549872122762148
0.000677749360613811
0.000818414322250639
7.67263427109974e-05
0.00107416879795396
0.00116368286445013
0.00116368286445013
0.00111253196930946
0.0011381074168798
0.0010613810741688
0.0010997442455243
0.000907928388746803
0.000946291560102302
0.000741687979539642
0.000843989769820972
1.27877237851662e-05
0.0010997442455243
0.00107416879795396
0.000895140664961637
0.00112531969309463
0.00111253196930946
0.00116368286445013
0.00115089514066496
0.000869565217391304
0.000869565217391304
0.00107416879795396
0.00020460358056266
0.000856777493606138
0.000818414322250639
0.000179028132992327
0.000127877237851662
0.000856777493606138
0.000831202046035806
0.000140664961636829
0.000856777493606138
7.67263427109974e-05
0.000882352941176471
0.000895140664961637
0.00117647058823529
1.27877237851662e-05
8.95140664961637e-05
0.000217391304347826
5.1150895140665e-05
6.39386189258312e-05
0.00040920716112532
0.000294117647058824
0.000690537084398977
0.000562659846547315
1.27877237851662e-05
1.27877237851662e-05
7.67263427109974e-05
1.27877237851662e-05
6.39386189258312e-05
0.000652173913043478
0.000664961636828645
0.000549872122762148
0.000626598465473146
0.000856777493606138
0.000869565217391304
0.000805626598465473
0.000882352941176471
0.000115089514066496
5.1150895140665e-05
7.67263427109974e-05
0.000127877237851662
0.000613810741687979
0.00116368286445013
0.00116368286445013
0.000818414322250639
0.000933503836317136
0.000997442455242967
3.83631713554987e-05
0.00116368286445013
0.0010230179028133
0.000907928388746803
0.000191815856777494
0.000217391304347826
0.000780051150895141
0.0011381074168798
0.000933503836317136
0.000984654731457801
5.1150895140665e-05
7.67263427109974e-05
8.95140664961637e-05
6.39386189258312e-05
0.000230179028132992
0.000217391304347826
0.000639386189258312
0.000345268542199489
0.000946291560102302
0.000882352941176471
0.000728900255754476
0.000652173913043478
0.000485933503836317
0.00115089514066496
0.0011381074168798
0.00108695652173913
0.000230179028132992
0.0010230179028133
0.000920716112531969
1.27877237851662e-05
0.00115089514066496
8.95140664961637e-05
0.000166240409207161
5.1150895140665e-05
0.000268542199488491
0.000920716112531969
0.000907928388746803
0.000856777493606138
0.000882352941176471
0.000882352941176471
0.000869565217391304
0.000166240409207161
0.000856777493606138
0.000127877237851662
0.0010613810741688
5.1150895140665e-05
0.00020460358056266
0.000728900255754476
0.000856777493606138
0.000728900255754476
2.55754475703325e-05
1.27877237851662e-05
0.000575447570332481
0.000166240409207161
0.000959079283887468
0.000703324808184143
0.000140664961636829
6.39386189258312e-05
0.00020460358056266
0.00020460358056266
0.000115089514066496
0.000153452685421995
0.000115089514066496
0.000115089514066496
0.000613810741687979
0.000127877237851662
0.000191815856777494
1.27877237851662e-05
0.000166240409207161
0.000613810741687979
0.000639386189258312
0.000537084398976982
0.000549872122762148
0.000703324808184143
0.000677749360613811
0.000664961636828645
0.000703324808184143
5.1150895140665e-05
0.000664961636828645
0.000626598465473146
0.000703324808184143
0.000690537084398977
0.000153452685421995
0.000153452685421995
0.000179028132992327
1.27877237851662e-05
0.000575447570332481
0.000166240409207161
0.000230179028132992
0.000153452685421995
0.000498721227621483
0.000421994884910486
0.00071611253196931
0.00071611253196931
8.95140664961637e-05
0.000690537084398977
2.55754475703325e-05
6.39386189258312e-05
6.39386189258312e-05
0.000217391304347826
5.1150895140665e-05
5.1150895140665e-05
6.39386189258312e-05
6.39386189258312e-05
0.000153452685421995
0.000153452685421995
0.000677749360613811
0.000447570332480818
0.000498721227621483
3.83631713554987e-05
1.27877237851662e-05
5.1150895140665e-05
8.95140664961637e-05
8.95140664961637e-05
7.67263427109974e-05
0.000153452685421995
0.000179028132992327
0.000601023017902813
0.000601023017902813
0.00010230179028133
7.67263427109974e-05
0.00020460358056266
0.000140664961636829
0.000396419437340153
0.000549872122762148
0.000690537084398977
0.000677749360613811
0.000677749360613811
0.000191815856777494
5.1150895140665e-05
7.67263427109974e-05
0.000601023017902813
0.000524296675191816
0.000127877237851662
8.95140664961637e-05
7.67263427109974e-05
0.000601023017902813
8.95140664961637e-05
6.39386189258312e-05
0.000127877237851662
0.000127877237851662
0.000217391304347826
6.39386189258312e-05
6.39386189258312e-05
5.1150895140665e-05
6.39386189258312e-05
0.000166240409207161
0.000664961636828645
0.000664961636828645
0.000703324808184143
0.000703324808184143
0.000703324808184143
0.000664961636828645
0.000613810741687979
0.000575447570332481
0.000537084398976982
0.00030690537084399
0.000421994884910486
0.000588235294117647
0.000153452685421995
6.39386189258312e-05
5.1150895140665e-05
0.00020460358056266
0.000217391304347826
0.000639386189258312
0.000664961636828645
0.000537084398976982
3.83631713554987e-05
6.39386189258312e-05
6.39386189258312e-05
3.83631713554987e-05
0.00020460358056266
0.000639386189258312
0.000191815856777494
0.000703324808184143
0.000153452685421995
6.39386189258312e-05
0.000255754475703325
0.000255754475703325
0.00040920716112532
0.000601023017902813
2.55754475703325e-05
0.000153452685421995
0.000601023017902813
0.000140664961636829
0.000549872122762148
5.1150895140665e-05
6.39386189258312e-05
1.27877237851662e-05
0.000191815856777494
0.000191815856777494
5.1150895140665e-05
0.000575447570332481
0.00020460358056266
0.000115089514066496
0.000601023017902813
0.000242966751918159
0.000601023017902813
6.39386189258312e-05
7.67263427109974e-05
7.67263427109974e-05
5.1150895140665e-05
7.67263427109974e-05
6.39386189258312e-05
7.67263427109974e-05
0.000127877237851662
0.00010230179028133
6.39386189258312e-05
0.00010230179028133
0.000153452685421995
5.1150895140665e-05
7.67263427109974e-05
0.000268542199488491
0.000268542199488491
7.67263427109974e-05
0.000179028132992327
0.000588235294117647
1.27877237851662e-05
0.000639386189258312
0.000626598465473146
0.000652173913043478
0.000652173913043478
5.1150895140665e-05
0.000664961636828645
0.000664961636828645
0.000370843989769821
0.00030690537084399
8.95140664961637e-05
0.000115089514066496
3.83631713554987e-05
0.000575447570332481
0.000115089514066496
8.95140664961637e-05
0.000460358056265985
0.000652173913043478
0.000562659846547315
0.000664961636828645
0.00010230179028133
0.000473145780051151
0.000281329923273657
0.000677749360613811
0.000690537084398977
0.000524296675191816
0.000460358056265985
0.000115089514066496
0.000255754475703325
8.95140664961637e-05
0.000626598465473146
0.000639386189258312
0.00010230179028133
0.000652173913043478
0.00010230179028133
0.000140664961636829
0.000166240409207161
6.39386189258312e-05
7.67263427109974e-05
3.83631713554987e-05
0.000664961636828645
0.000166240409207161
0.000127877237851662
0.000652173913043478
0.000652173913043478
0.000677749360613811
0.000652173913043478
0.000664961636828645
0.000294117647058824
0.000345268542199489
0.000652173913043478
0.000652173913043478
0.000664961636828645
0.000626598465473146
0.000127877237851662
0.000639386189258312
0.000652173913043478
0.000460358056265985
5.1150895140665e-05
0.000473145780051151
2.55754475703325e-05
0.000127877237851662
0.00020460358056266
0.000652173913043478
2.55754475703325e-05
0.000127877237851662
6.39386189258312e-05
3.83631713554987e-05
3.83631713554987e-05
0.000549872122762148
2.55754475703325e-05
0.000115089514066496
0.000127877237851662
0.000127877237851662
0.000127877237851662
0.000652173913043478
0.000268542199488491
0.000664961636828645
0.000652173913043478
0.000127877237851662
0.000166240409207161
0.000549872122762148
0.000140664961636829
8.95140664961637e-05
0.000115089514066496
0.000153452685421995
0.000179028132992327
0.000652173913043478
0.000652173913043478
6.39386189258312e-05
0.00010230179028133
5.1150895140665e-05
0.000652173913043478
0.000613810741687979
0.000140664961636829
5.1150895140665e-05
7.67263427109974e-05
7.67263427109974e-05
0.000613810741687979
0.000626598465473146
0.00020460358056266
0.000575447570332481
3.83631713554987e-05
0.000217391304347826
3.83631713554987e-05
3.83631713554987e-05
2.55754475703325e-05
5.1150895140665e-05
0.000421994884910486
3.83631713554987e-05
0.000664961636828645
0.000575447570332481
0.000332480818414322
0.000664961636828645
0.000153452685421995
0.000217391304347826
0.000664961636828645
0.000153452685421995
1.27877237851662e-05
0.000524296675191816
0.000754475703324808
3.83631713554987e-05
0.000115089514066496
0.000664961636828645
0.000728900255754476
0.000242966751918159
0.000767263427109974
0.000294117647058824
0.000601023017902813
0.000703324808184143
0.000703324808184143
0.000703324808184143
1.27877237851662e-05
3.83631713554987e-05
0.000639386189258312
0.000677749360613811
2.55754475703325e-05
2.55754475703325e-05
2.55754475703325e-05
0.00020460358056266
0.000652173913043478
0.000664961636828645
0.000664961636828645
0.000179028132992327
0.000217391304347826
0.000652173913043478
0.000677749360613811
0.000153452685421995
0.000179028132992327
0.000588235294117647
0.000626598465473146
0.000140664961636829
0.000115089514066496
1.27877237851662e-05
3.83631713554987e-05
0.000652173913043478
1.27877237851662e-05
0.000703324808184143
0.000588235294117647
0.000677749360613811
0.000703324808184143
0.000677749360613811
0.000677749360613811
3.83631713554987e-05
0.000703324808184143
2.55754475703325e-05
2.55754475703325e-05
1.27877237851662e-05
0.000677749360613811
0.000652173913043478
0.00020460358056266
0.000677749360613811
5.1150895140665e-05
0.00020460358056266
7.67263427109974e-05
3.83631713554987e-05
6.39386189258312e-05
0.000230179028132992
3.83631713554987e-05
0.00071611253196931
0.000115089514066496
1.27877237851662e-05
0.000153452685421995
0.000153452685421995
0.000217391304347826
0.000242966751918159
0.000179028132992327
0.000217391304347826
0.000217391304347826
0.000217391304347826
0.000217391304347826
0.000179028132992327
0.000230179028132992
1.27877237851662e-05
3.83631713554987e-05
6.39386189258312e-05
0.000153452685421995
0.000601023017902813
0.000677749360613811
1.27877237851662e-05
3.83631713554987e-05
0.00020460358056266
0.00020460358056266
6.39386189258312e-05
6.39386189258312e-05
0.000690537084398977
0.000166240409207161
0.00020460358056266
0.000179028132992327
0.000677749360613811
0.000677749360613811
0.000601023017902813
0.00010230179028133
0.000703324808184143
0.000703324808184143
0.000294117647058824
0.000767263427109974
0.000601023017902813
0.000690537084398977
0.000153452685421995
0.000166240409207161
2.55754475703325e-05
1.27877237851662e-05
2.55754475703325e-05
0.000690537084398977
0.000690537084398977
0.000575447570332481
0.000575447570332481
2.55754475703325e-05
2.55754475703325e-05
0.000242966751918159
0.000677749360613811
0.000230179028132992
0.000741687979539642
0.000754475703324808
0.00020460358056266
0.000242966751918159
0.000690537084398977
0.000153452685421995
0.000140664961636829
0.000140664961636829
7.67263427109974e-05
0.000166240409207161
6.39386189258312e-05
0.000153452685421995
3.83631713554987e-05
0.00020460358056266
0.000217391304347826
1.27877237851662e-05
0.000601023017902813
1.27877237851662e-05
5.1150895140665e-05
0.000601023017902813
0.000140664961636829
0.00010230179028133
0.000242966751918159
0.000728900255754476
0.000728900255754476
0.000703324808184143
0.000703324808184143
3.83631713554987e-05
6.39386189258312e-05
5.1150895140665e-05
6.39386189258312e-05
5.1150895140665e-05
7.67263427109974e-05
0.000166240409207161
2.55754475703325e-05
0.000856777493606138
0.000690537084398977
0.000703324808184143
7.67263427109974e-05
7.67263427109974e-05
6.39386189258312e-05
3.83631713554987e-05
0.00071611253196931
7.67263427109974e-05
7.67263427109974e-05
0.000153452685421995
5.1150895140665e-05
5.1150895140665e-05
0.000115089514066496
3.83631713554987e-05
2.55754475703325e-05
0.000421994884910486
0.000818414322250639
0.000805626598465473
0.000818414322250639
0.000805626598465473
8.95140664961637e-05
0.000115089514066496
0.000780051150895141
0.000613810741687979
0.00071611253196931
0.000780051150895141
0.000843989769820972
0.000805626598465473
0.000754475703324808
0.000549872122762148
0.000166240409207161
6.39386189258312e-05
2.55754475703325e-05
8.95140664961637e-05
0.000728900255754476
0.000242966751918159
0.000818414322250639
0.000843989769820972
0.000792838874680307
0.000792838874680307
0.000831202046035806
0.000792838874680307
1.27877237851662e-05
0.000831202046035806
7.67263427109974e-05
0.000562659846547315
6.39386189258312e-05
7.67263427109974e-05
0.000166240409207161
0.000255754475703325
0.000690537084398977
0.000805626598465473
0.000217391304347826
0.000843989769820972
0.000179028132992327
0.000690537084398977
0.000754475703324808
0.000728900255754476
0.000831202046035806
0.000856777493606138
0.000741687979539642
7.67263427109974e-05
0.000741687979539642
0.000818414322250639
0.000831202046035806
3.83631713554987e-05
0.00071611253196931
0.000831202046035806
0.000792838874680307
0.000115089514066496
0.000179028132992327
0.000703324808184143
0.000255754475703325
0.000843989769820972
0.000166240409207161
0.000140664961636829
3.83631713554987e-05
0.000191815856777494
2.55754475703325e-05
1.27877237851662e-05
7.67263427109974e-05
1.27877237851662e-05
0.000690537084398977
0.000818414322250639
0.000345268542199489
6.39386189258312e-05
0.000664961636828645
2.55754475703325e-05
0.000639386189258312
0.000242966751918159
0.000805626598465473
0.000792838874680307
0.000856777493606138
8.95140664961637e-05
5.1150895140665e-05
0.000153452685421995
8.95140664961637e-05
0.000370843989769821
0.00040920716112532
0.000831202046035806
2.55754475703325e-05
0.000856777493606138
0.000856777493606138
6.39386189258312e-05
0.000179028132992327
0.000179028132992327
6.39386189258312e-05
6.39386189258312e-05
0.000166240409207161
0.000153452685421995
5.1150895140665e-05
0.000447570332480818
0.000869565217391304
0.000805626598465473
6.39386189258312e-05
6.39386189258312e-05
6.39386189258312e-05
2.55754475703325e-05
2.55754475703325e-05
2.55754475703325e-05
5.1150895140665e-05
6.39386189258312e-05
6.39386189258312e-05
0.000818414322250639
5.1150895140665e-05
0.000179028132992327
0.000728900255754476
8.95140664961637e-05
0.000818414322250639
0.000856777493606138
0.000703324808184143
0.000843989769820972
0.000652173913043478
0.000703324808184143
0.000831202046035806
5.1150895140665e-05
0.000677749360613811
0.000140664961636829
0.000179028132992327
6.39386189258312e-05
5.1150895140665e-05
0.000703324808184143
5.1150895140665e-05
5.1150895140665e-05
0.000166240409207161
0.000473145780051151
8.95140664961637e-05
3.83631713554987e-05
0.00051150895140665
8.95140664961637e-05
3.83631713554987e-05
0.000140664961636829
0.000639386189258312
0.000127877237851662
0.000140664961636829
0.000626598465473146
0.000537084398976982
0.000639386189258312
0.000690537084398977
0.000179028132992327
0.000191815856777494
0.000179028132992327
0.000191815856777494
0.00010230179028133
8.95140664961637e-05
7.67263427109974e-05
0.000613810741687979
0.000639386189258312
0.000677749360613811
0.000626598465473146
0.000690537084398977
3.83631713554987e-05
0.000140664961636829
0.00020460358056266
0.000690537084398977
0.00010230179028133
0.00010230179028133
0.000664961636828645
2.55754475703325e-05
1.27877237851662e-05
1.27877237851662e-05
0.000115089514066496
6.39386189258312e-05
8.95140664961637e-05
0.000140664961636829
8.95140664961637e-05
0.000690537084398977
0.000703324808184143
0.000677749360613811
0.000690537084398977
0.000588235294117647
0.00010230179028133
6.39386189258312e-05
0.000690537084398977
0.000677749360613811
0.000652173913043478
1.27877237851662e-05
0.000652173913043478
0.000677749360613811
0.00010230179028133
5.1150895140665e-05
0.000690537084398977
0.000690537084398977
3.83631713554987e-05
0.000498721227621483
0.000677749360613811
0.000677749360613811
0.000690537084398977
0.000677749360613811
0.000626598465473146
0.000703324808184143
0.000690537084398977
0.000677749360613811
0.000140664961636829
0.000140664961636829
0.000690537084398977
8.95140664961637e-05
0.000690537084398977
6.39386189258312e-05
6.39386189258312e-05
0.000230179028132992
0.000575447570332481
8.95140664961637e-05
5.1150895140665e-05
0.000524296675191816
3.83631713554987e-05
0.000677749360613811
3.83631713554987e-05
0.000179028132992327
0.000191815856777494
6.39386189258312e-05
6.39386189258312e-05
7.67263427109974e-05
6.39386189258312e-05
0.000127877237851662
8.95140664961637e-05
0.00020460358056266
0.000652173913043478
0.000179028132992327
0.000179028132992327
3.83631713554987e-05
0.000153452685421995
7.67263427109974e-05
0.000191815856777494
5.1150895140665e-05
3.83631713554987e-05
0.000140664961636829
3.83631713554987e-05
0.000677749360613811
0.000127877237851662
2.55754475703325e-05
1.27877237851662e-05
0.000166240409207161
7.67263427109974e-05
7.67263427109974e-05
0.00040920716112532
0.000588235294117647
0.000588235294117647
0.000677749360613811
0.000652173913043478
5.1150895140665e-05
0.00010230179028133
8.95140664961637e-05
0.000588235294117647
0.000652173913043478
0.000664961636828645
0.000677749360613811
0.000677749360613811
0.000677749360613811
1.27877237851662e-05
1.27877237851662e-05
0.000127877237851662
0.000588235294117647
2.55754475703325e-05
0.00040920716112532
2.55754475703325e-05
0.000179028132992327
0.00010230179028133
3.83631713554987e-05
0.000332480818414322
0.000294117647058824
0.000268542199488491
0.000332480818414322
2.55754475703325e-05
5.1150895140665e-05
3.83631713554987e-05
0.000230179028132992
0.000166240409207161
6.39386189258312e-05
0.000396419437340153
0.000383631713554987
5.1150895140665e-05
8.95140664961637e-05
7.67263427109974e-05
0.000127877237851662
6.39386189258312e-05
0.000242966751918159
0.000242966751918159
0.000255754475703325
0.000268542199488491
0.000370843989769821
0.000370843989769821
0.000230179028132992
0.000230179028132992
0.00030690537084399
1.27877237851662e-05
0.000358056265984655
0.000217391304347826
3.83631713554987e-05
0.000396419437340153
0.00030690537084399
0.000332480818414322
0.000268542199488491
0.000153452685421995
0.000179028132992327
0.000255754475703325
0.000242966751918159
0.00020460358056266
0.000268542199488491
0.00040920716112532
0.000242966751918159
2.55754475703325e-05
6.39386189258312e-05
5.1150895140665e-05
3.83631713554987e-05
0.000217391304347826
0.000242966751918159
0.000242966751918159
0.000255754475703325
0.000217391304347826
0.000191815856777494
0.000230179028132992
0.000140664961636829
0.000115089514066496
0.000217391304347826
0.000217391304347826
0.000255754475703325
0.000255754475703325
0.000242966751918159
0.000230179028132992
0.000294117647058824
5.1150895140665e-05
7.67263427109974e-05
0.000115089514066496
0.000140664961636829
6.39386189258312e-05
8.95140664961637e-05
5.1150895140665e-05
6.39386189258312e-05
0.000115089514066496
0.000127877237851662
0.000115089514066496
6.39386189258312e-05
5.1150895140665e-05
3.83631713554987e-05
6.39386189258312e-05
0.000294117647058824
7.67263427109974e-05
7.67263427109974e-05
0.000358056265984655
0.000191815856777494
0.00010230179028133
0.000217391304347826
0.000179028132992327
0.000230179028132992
0.000332480818414322
0.000255754475703325
2.55754475703325e-05
6.39386189258312e-05
0.000127877237851662
0.00010230179028133
0.000127877237851662
6.39386189258312e-05
0.00030690537084399
3.83631713554987e-05
5.1150895140665e-05
0.000332480818414322
8.95140664961637e-05
8.95140664961637e-05
3.83631713554987e-05
0.000179028132992327
0.000179028132992327
0.000268542199488491
0.000255754475703325
0.000166240409207161
0.00010230179028133
0.00010230179028133
7.67263427109974e-05
1.27877237851662e-05
1.27877237851662e-05
2.55754475703325e-05
0.000255754475703325
0.000268542199488491
0.000127877237851662
0.000294117647058824
2.55754475703325e-05
0.000294117647058824
1.27877237851662e-05
0.000191815856777494
0.000153452685421995
0.000281329923273657
0.000140664961636829
0.000115089514066496
0.000230179028132992
2.55754475703325e-05
0.000140664961636829
0.00010230179028133
5.1150895140665e-05
0.000294117647058824
0.000153452685421995
0.000115089514066496
0.000140664961636829
0.000115089514066496
0.000115089514066496
8.95140664961637e-05
2.55754475703325e-05
0.00010230179028133
0.000153452685421995
0.000127877237851662
0.000281329923273657
0.000294117647058824
0.000115089514066496
0.000294117647058824
7.67263427109974e-05
3.83631713554987e-05
0.00010230179028133
0.000153452685421995
2.55754475703325e-05
0.000319693094629156
0.000166240409207161
0.000140664961636829
2.55754475703325e-05
3.83631713554987e-05
0.000294117647058824
1.27877237851662e-05
0.00010230179028133
6.39386189258312e-05
0.00010230179028133
0.000127877237851662
0.000294117647058824
0.000294117647058824
5.1150895140665e-05
2.55754475703325e-05
0.000294117647058824
0.000179028132992327
3.83631713554987e-05
3.83631713554987e-05
0.000268542199488491
2.55754475703325e-05
1.27877237851662e-05
3.83631713554987e-05
5.1150895140665e-05
0.000127877237851662
0.000115089514066496
3.83631713554987e-05
3.83631713554987e-05
3.83631713554987e-05
0.000166240409207161
0.000268542199488491
0.000319693094629156
0.000127877237851662
8.95140664961637e-05
3.83631713554987e-05
0.000127877237851662
0.000140664961636829
0.000115089514066496
0.000294117647058824
0.000140664961636829
0.000127877237851662
0.000127877237851662
3.83631713554987e-05
5.1150895140665e-05
3.83631713554987e-05
8.95140664961637e-05
3.83631713554987e-05
0.00020460358056266
3.83631713554987e-05
0.00030690537084399
5.1150895140665e-05
8.95140664961637e-05
0.00010230179028133
7.67263427109974e-05
8.95140664961637e-05
0.000281329923273657
2.55754475703325e-05
6.39386189258312e-05
0.000294117647058824
0.000140664961636829
3.83631713554987e-05
7.67263427109974e-05
0.000115089514066496
0.000294117647058824
7.67263427109974e-05
0.000127877237851662
0.000127877237851662
0.000127877237851662
2.55754475703325e-05
8.95140664961637e-05
7.67263427109974e-05
6.39386189258312e-05
0.000294117647058824
1.27877237851662e-05
6.39386189258312e-05
6.39386189258312e-05
0.000294117647058824
0.000281329923273657
7.67263427109974e-05
7.67263427109974e-05
3.83631713554987e-05
2.55754475703325e-05
0.000268542199488491
0.000127877237851662
0.000294117647058824
2.55754475703325e-05
0.000115089514066496
3.83631713554987e-05
0.000242966751918159
0.000294117647058824
6.39386189258312e-05
0.000281329923273657
0.000281329923273657
0.000140664961636829
6.39386189258312e-05
7.67263427109974e-05
0.000281329923273657
7.67263427109974e-05
0.000191815856777494
0.000294117647058824
0.00010230179028133
0.000294117647058824
8.95140664961637e-05
6.39386189258312e-05
0.000127877237851662
0.00010230179028133
8.95140664961637e-05
1.27877237851662e-05
7.67263427109974e-05
3.83631713554987e-05
7.67263427109974e-05
0.000294117647058824
3.83631713554987e-05
6.39386189258312e-05
5.1150895140665e-05
5.1150895140665e-05
0.000294117647058824
0.000115089514066496
0.000115089514066496
0.000191815856777494
0.000281329923273657
6.39386189258312e-05
0.000294117647058824
0.000115089514066496
0.00010230179028133
0.000268542199488491
0.000294117647058824
8.95140664961637e-05
5.1150895140665e-05
6.39386189258312e-05
7.67263427109974e-05
