1 0.000254979250314434
0 0.00633221680730953
2 0.00258425052452977
30 4.01079674702553e-05
54 0.0104006432513422
37 0.00109548647705327
48 0.00032947260235335
45 2.72123143753232e-05
43 9.66354891087176e-05
60 0.000115821146581734
61 0.000123401591476661
62 0.00140363546643282
36 0.000736302349849032
64 6.82020725354784e-05
35 0.0007439465030601
66 0.000686337481406319
67 6.51003751006917e-05
68 0.0011270572152386
69 0.0508021302406152
80 3.64260298380931e-05
81 1.85678032409424e-05
84 0.000172887306584074
24 0.000150227351967494
25 0.000343773321949112
26 5.49124272448755e-05
27 0.00070033624585778
20 0.000413238637474341
21 0.000445196299938983
22 0.000935929833418595
49 0.00673203979389009
46 7.63023597739372e-05
23 1.37848629518362e-05
44 3.26805552927575e-05
42 6.18786793330949e-05
28 0.000169453730829233
29 0.000116950096132985
40 0.000137740145192994
41 0.000622142417900421
3 8.15284869062866e-05
5 4.3016646161681e-06
4 0
7 0.00281630289238132
6 0
9 0.00277500800347925
8 9.44085300637892e-05
52 5.43018682070593e-05
82 1.69703631156507e-05
74 0.000644952098235553
78 1.13110905398298e-05
83 1.59559878674999e-05
39 0.0012712049253255
77 2.76647006272776e-05
76 0.00252213389724795
75 0.000969302010695622
38 0.000144035099902987
47 0.000779489833989448
72 0.00916903340428813
71 0.0116922539024607
70 0.00111280266092801
59 0.000139479270737557
79 0.000361844560486073
58 0.00187129241460531
11 0.00975967353538182
10 8.53963155804773e-06
13 8.99582292603394e-05
12 0.000739759484332606
15 2.69112737014986e-05
14 0.000489965137903959
17 2.23153061724019e-05
16 3.85400307041591e-05
19 0.000130159214778626
18 5.95481174380733e-05
31 0.000154764472714879
56 0.00165730440435925
51 0.000783964261585737
50 0.000389856353198774
53 0.00132990992946839
34 0.00363157511416163
33 0.0529319424575874
55 0.00156651115097563
63 6.94708510476868e-05
32 4.23959598321489e-05
73 0.000910885351423274
57 0.00736034620907048
65 1.36848457820491e-05
133 0.000816292700307675
164 0.00105041485405472
131 0.0033235565446039
130 0.00300543646108145
137 0.0013801464811131
136 5.67193179162708e-05
135 0.00398871418773656
90 0.000158397475909251
139 1.46942574165954e-05
138 0.00193645279695708
93 0.000259236400714248
160 0.00167286404828154
161 0.000388252657848757
163 0.000256529045244367
87 0.000201924857069495
119 5.93603438641221e-05
120 0.000140482874736841
121 0.000403325473247587
122 3.37309405839131e-05
123 0.000193656958241389
124 0.00149055172188831
125 0.00158664306928273
126 0.000507072190705856
127 0.000501607763092043
128 1.81965447025954e-05
129 2.76490381016556e-05
132 0.0041036012086506
134 0.000626191016727556
115 0.000391334426677878
114 0.0231274188848992
88 0.000253630758015272
116 0.000111940458783448
111 5.64170824594285e-05
110 3.66704890507345e-05
113 0.000411721333877375
112 3.83622863264578e-05
86 8.71852494816097e-06
118 0.00431190980189389
85 0.000191795988028059
108 3.67466869873243e-05
109 9.64531338585509e-05
102 0.00385063128875222
103 0.00333261895491677
100 0.00453069331788671
101 0.000740537346926865
106 0.00467695675475696
107 6.61616310050385e-05
104 0.00152452018396455
105 0.000298936410269957
171 0.000595692470317349
170 0.000789125503876638
167 0.000325791026006213
97 0.00081700448233423
99 0.000945385634403937
98 0.000171732034519556
168 0.000407848656951253
169 0.000269303555187581
91 0.00632299541985658
165 0.000314694002064576
166 0.000764778668526985
92 2.44047958731867e-05
95 0.000353741304070912
94 0.00047999161582967
162 0.000569977992163839
96 0.000938648807651923
117 0.000723758978537494
89 1.92441169644675e-05
151 2.15498332970579e-05
150 0.000141970968708685
153 5.29064125804561e-05
152 5.7457301417372e-05
155 0.000160848390943499
154 0.000253990686471464
157 0.000174283308166623
156 0.000485276913480269
159 0.00249054072510319
158 0.00182326285727
146 4.21963296666941e-06
147 0.00269702849544807
144 1.82472860229688e-05
145 0.000137754997684222
142 3.29357921430244e-05
143 0.000602483474501663
140 4.10340541289948e-06
141 2.23224790160271e-05
148 0.00030957695472083
149 0.000445200582452361
216 8.46793290598593e-05
217 0.000790583685711393
214 0.00253186415805427
215 0.0159059185835792
212 0.0873422793684778
213 0.000985987893764882
210 0.000497361960889225
211 0.0136071902213299
218 0.000642616710216324
219 0.00135257760794457
227 0.00819405362558761
224 0.000262587647318412
262 0.000121215525791519
259 0.00155488375053713
201 0.000400427198094739
199 0.00871607634351779
198 7.92767732979232e-05
200 0.000556188633460149
195 0.00264322445757754
194 0.00020810966896167
197 0.00512028019135067
196 0.014214313183806
191 0.000442933736978502
190 0.000176653027864209
193 3.18126915309713e-05
192 0.000353788037938623
253 0.000149478357642617
205 0.00133283523440711
251 0.00124153170946995
207 0.0049701198279551
256 0.000323199267283277
206 0.0195249216950587
226 0.000502274254875651
172 0.000197104829899898
177 3.97391504936313e-05
254 3.03418086844951e-05
247 0.00158673147661672
255 4.39879620682322e-05
225 0.000502316903446898
178 0.000388795343740951
244 0.00054060748441229
241 0.00195790581440905
240 0.000131828924735248
243 0.00143064463088013
242 0.000182868255846695
245 0.00281997452457232
252 0.00101208113845124
223 0.000594317995434951
176 2.37374326473437e-05
258 0.000198925451883955
179 0.000587560057903301
250 0.00018442173214842
174 0.0361364788720843
173 0.000530905150230363
257 0.00149495256601811
203 0.00520901709001354
249 0.000731366460114968
175 0.000101694591996841
248 0.00260221295861394
182 0.0554241545429276
183 0.000204398326016917
180 0.061861011768938
181 0.00019755969459671
186 0.000256781095793927
187 0.000244489901513068
184 0.000153159682403477
188 0.00023778767064033
189 0.0205884622375229
202 4.69573835498482e-05
221 0.00387864469244666
185 0.000177266955318113
229 0.00545257531061803
228 0.000904997382732764
222 0.0162652968364806
220 0.00121348803195558
204 0.00314104514912587
238 0.00356448951735588
239 0.00123907237280254
234 0.0263785902350232
235 7.99409705267583e-05
236 0.0131412562786601
237 0.0001808603724838
230 0.000958082159601412
231 0.00112708430402294
232 0.000391966019571975
233 8.2335766414491e-05
209 0.000268442491474819
208 0.0034857752513558
263 0.000282726845256557
261 0.000544800296028497
260 0.00264371297120684
246 0.00347514879628687
264 0.00143643321422823
322 1.82349335465752e-05
289 4.91946396553203e-05
334 0.000382819074677363
281 5.04433901139651e-05
280 0.000177150535703216
283 0.304684044999546
282 4.40933853501021e-05
284 0.000428468069047965
287 0.000133520388924977
286 0.000169457856615322
336 0.000265555584425431
265 0.0028352922440046
269 4.24736050555637e-05
268 1.45760514413647e-05
298 0.00517256874127312
299 0.00024948447828906
296 0.00010928075027735
297 0.00226700732237399
295 0.000257574588518933
292 2.4380731967201e-05
293 5.08361023348532e-05
291 0.000157897793789677
319 0.000440553082501847
316 9.08842217885333e-05
315 0.000101154467127589
276 0.000375396040991705
278 6.07855063751002e-05
279 0.000137025694446076
312 0.000105787929275933
308 0.0203523403491251
309 8.18681435093227e-05
300 0.00624113868967549
301 0.000388907463778625
302 0.000226556270109661
303 0.0224487076758127
304 0.000472405520585109
305 0.021159016742561
306 0.0199214968026212
307 0.0315147815132346
290 7.97156867699221e-05
339 0.000300383611463011
338 0.000196678640031079
335 0.00153105361305704
337 0.000293379788426215
331 0.00168470665107374
330 0.000798974434693389
333 0.00381842827003331
332 0.0203449829596722
272 0.000250100313846142
288 0.000159944158239147
313 0.000352378938449662
311 0.0331530572474751
310 0.0308920391989063
273 0.000380777073925653
317 0.000587660760777154
271 0.000194193018234729
314 0.0185910097373315
274 0.00293153850702884
275 0.000227300900472502
285 0.0002199725396212
318 0.000113218408315542
323 0.00193700244454239
320 0.000275038379973347
321 5.30051154326806e-05
327 0.000828076834664896
324 3.63928702916317e-05
325 0.000214283993561799
328 0.00171349437166383
329 0.00624598151309464
294 5.7670990682789e-05
270 0.000676468442495304
267 0.000410468794592471
326 0.00229547918764963
266 0.00251144106724776
344 8.09076839296085e-05
346 0.000119152541682488
347 0.000492333890269261
340 3.6097148476722e-05
341 0.00538436390570202
342 0.0254257077692477
343 7.09323245385383e-05
348 0.0057462030535515
349 0.00455153406674849
277 7.00361419470215e-05
345 0.00019813439483505
407 0.000126470371005213
406 0.000395091778278088
405 3.43480972736424e-05
404 0.00201964645614843
403 4.1638053551668e-05
402 0.00177162862354227
401 0.000372172736115765
400 0.00172269041211894
409 8.30819225594208e-05
408 9.06686268739159e-05
379 7.96848849282963e-05
378 0.000434852480252088
371 2.39489900452125e-05
370 9.61290370853532e-05
373 5.5723049170395e-05
372 0.000710448829417992
375 0.000131816544645625
374 0.000769849387791194
377 6.95446526595508e-05
376 0.00129359862883435
393 0.00921423844430662
392 0.00232432999328026
397 0.000945715087315735
396 0.000885402425972352
395 0.00145625229322809
394 0.000508651721012206
399 0.00239635302139739
414 0.000462847290303999
415 0.00058538159133587
416 0.00155204996575387
417 0.00624857699703976
410 0.0097485666164088
411 0.000168125949625832
412 0.000166622002123358
413 0.00083250967307196
418 0.00173868097618381
419 8.08779204055623e-05
368 0.000112682188074297
369 0.00011756878996581
366 0.00035064687766113
367 9.06507861098063e-05
364 0.000183715889413349
365 0.000346256776969238
362 0.000308098881957889
363 0.0001744557644224
360 0.000168743175600622
361 0.000113459589358489
380 0.00351541073739055
381 0.000217767551853882
382 0.00165071558532391
383 0.00267877542883743
384 0.00240969523056977
385 0.00105107283880367
386 0.00164700384330901
387 0.00714734636286601
388 0.000202476004414066
389 0.000890796877450068
357 0.000284770108402548
356 0.00015570759243451
355 0.0150439998865312
354 0.00102516525658531
353 0.000375567806738434
352 8.51443326440001e-05
351 0.000105040456416935
350 0.000896787682597649
359 4.82297150879728e-05
358 0.000177569644898561
421 0.000570137955286782
420 0.00106671767274839
423 4.40497340216764e-05
422 0.00091843171731711
425 2.74108757438083e-05
424 0.00078762954247783
426 0.000846546368191742
391 0.000335099352929953
390 0.000399149676090449
398 0.000757784310402721
449 0.000380155307394178
448 0.000173045986644728
443 0.000199153177239928
442 0.000246090265591621
441 0.000421799742941895
440 2.10281257077276e-05
447 0.000918501490403176
446 0.000133192327983264
445 0.00108944602657934
444 4.66919822990281e-05
438 0.000402558382337643
439 3.8767051047393e-05
436 4.13141724671123e-05
437 0.000310259948954252
434 3.21837227322928e-05
435 1.62619282935601e-05
432 0.000455230956802328
433 8.41965168358458e-05
430 0.00888277004658277
431 0.000511432649207623
499 0.00733700441510494
494 0.000526040907086184
495 6.70206244143485e-05
497 4.59781434277585e-05
490 0.00380875122442545
491 0.00363785287715639
492 0.00430782923415105
493 0.00637332893504815
518 0.0190890780552097
511 0.000663475259622683
510 0.00542595415101555
513 0.00156140042994266
512 0.00038975334590551
515 0.00557418849057111
514 0.00185562486949272
517 0.000276490501131586
516 0.00274722374508662
458 0.0097234722063241
459 4.5829632993422e-05
450 0.000226289176469239
451 8.32212322961911e-05
452 0.00018790886552648
453 9.41074865006616e-05
454 0.000180523747196889
455 0.000167712569498153
456 0.000165576114618199
457 0.000243949991697374
498 0.000309002896315487
496 0.0156152087837647
508 0.00832349704371742
509 0.00305041279658519
506 0.0125819873123753
507 0.0929123187747973
504 0.000664802514529456
505 0.00211412823393253
502 0.000523158849087538
503 0.00112188214844105
500 0.000129235785509776
501 0.000539835021378811
469 6.69990696302595e-05
468 4.10450588532503e-05
465 7.60038891215049e-05
464 2.68028153542945e-05
467 0.000111486514594816
466 2.87195588920212e-05
461 0.000363952709966327
460 0.00011517519999422
463 0.000287160642507123
462 0.000116225738147962
429 3.13607773277092e-05
428 5.30752363597719e-05
427 0.000869444787607294
489 0.00363353230432931
488 0.00300918397038535
487 0.00786844985091363
486 0.00709035180124512
485 0.0255931700708026
484 0.00087755460070426
483 3.08146855466023e-05
482 0.000156898191060585
481 0.000249493090796068
480 0.00770442909828232
472 0.000107767309994449
473 0.000248717139758107
470 0.000277688760590869
471 0.000116256584497359
476 3.40247165525079e-05
477 5.71975949799107e-05
474 0.000111221871627045
475 0.000166123840920962
478 0.209862141350132
479 0.000841179842929749
524 0.00728640651196542
525 0.0069756659336972
526 0.0231279612223311
527 4.60631122169845e-05
520 0.000772120092516207
521 0.0389914214276914
522 0.00882408501340603
523 0.000805813849199893
528 0.00296314178226476
529 0.022479725996783
559 0.00013557618985354
558 0.000141421148254833
555 0.000258419507643614
554 0.000536505821075367
557 6.10421141638085e-05
556 7.69021988923572e-05
551 4.41933481349507e-05
550 0.000118940245542968
553 0.000172879054574741
552 0.00844389323392199
586 9.17375780535184e-05
587 0.000120593682952384
584 0.0106490726014328
585 0.000163751971429019
582 0.065900318710576
583 3.76959813259879e-05
580 0.000361565407930931
581 0.00310317201382143
588 0.0022460044799125
589 0.000161865335068577
519 0.000589987054000246
542 0.00554046489278973
543 0.00066095256992001
540 0.00862466137849769
541 0.00163142144794114
546 0.0106990874319451
547 0.00034072062311854
544 0.000104673613363061
545 4.74399467455536e-05
548 0.00976422148660672
549 0.000882389842405341
579 0.000342561529976463
578 0.000113950829835078
573 0.000152468306910135
572 0.000106287414177208
571 1.19276435869271e-05
570 0.00377730915226711
577 0.000629423768320202
576 0.00073356352895791
575 0.000177578524445657
574 0.00676797854860843
537 0.000203992620539788
536 0.000503441119362416
535 6.61378295430691e-05
534 0.0152581531152721
533 0.00024677089016457
532 3.74639377080231e-05
531 4.49869696516005e-05
530 0.000313906124283721
539 0.00140198526879498
538 0.00592231613689392
568 6.07025915173647e-05
569 0.0244314196616333
560 0.000411516635346547
561 0.000405300313729268
562 0.000679133004709644
563 0.000116186582891634
564 0.000116142195913065
565 0.000301732027335923
566 0.000336772183655715
567 0.0557395800128454
591 8.80989046273144e-05
590 0.0393178712768935
593 0.00130016278276743
592 0.000432397756052999
594 5.71238227289146e-05
597 4.97910231404373e-05
596 1.75386821989301e-05
599 3.24402274417264e-05
598 0.000182567479224346
641 0.00537137013355219
640 0.000111219458971719
643 0.00390779863627019
642 0.00329392417134723
645 0.330940676995378
644 0.00564106592687491
647 0.00340949750255179
649 0.00513629295691845
618 3.63054080124842e-05
619 0.00520901443088107
612 1.95311129853688e-05
613 3.04718234754352e-05
610 0.000466360922064043
611 0.000413691522658685
616 0.000384516175166775
617 0.00162143943041832
614 0.00177393305359673
615 0.000982346055685096
622 0.002038279685598
629 0.00293392474339984
628 0.0689143450112066
623 0.00182989186474654
621 0.000425818956724961
620 0.000422775829631182
627 0.000761797372759675
626 0.000437068033302278
625 0.000724715499253792
624 0.00184329199062649
595 0.00114673531443235
656 0.00972412435455441
654 0.000708905130445275
657 0.0158859207916034
655 0.000856015918583181
652 0.0998770777528209
653 0.00867692151199592
650 0.0034552938788194
651 0.000102970341892861
658 0.000282188070656919
659 0.0949504709183668
669 0.00618514454768965
668 0.0065061518927641
667 0.00342293793429715
666 0.00352782297710996
665 8.16914158664073e-05
664 0.000851581958083084
663 0.00487710390449479
662 9.86281406750105e-05
661 0.000255275961836539
660 0.00328093363474048
630 5.76059638693735e-05
631 0.00138425993665128
632 0.00212136942464125
633 0.000239828393651276
634 3.21882529080498e-05
636 5.18679530025504e-05
637 3.89557621604464e-05
639 0.000313744842568475
646 0.00152912563373078
648 0.00214786472770211
605 0.0239971940675719
604 0.0206184856073296
607 0.000358947096287885
606 0.000179576274802683
601 5.22153373770942e-05
600 0.000757969883885467
603 0.00120915099528639
602 0.000559555409284222
609 0.000532080525161236
608 9.98773478590716e-05
635 7.56825012999406e-05
638 2.26003838009935e-05
719 0.000185018870338825
718 0.000240089983262294
717 0.000320177826515394
716 0.00021397219070895
715 9.68278738071688e-05
714 0.00014126480191816
713 0.000212533568712976
712 5.30167980744992e-05
711 0.00539154600975907
710 0.000588206717662428
744 4.21450893744032e-05
740 0.00280040777455067
741 0.000197469758390886
742 0.000244026725681108
743 0.000209346097173215
745 2.71117648413273e-05
689 0.000204207168610404
688 0.0633888344225208
685 0.000141318743363907
684 0.00233562218262724
687 0.0102333131182436
686 0.0018781944364821
681 0.00082948386162274
680 0.000791330089334062
683 9.14327475661164e-05
682 0.0122509099171799
708 6.64108187211704e-05
709 0.0131949461775933
704 0.00351848846038182
705 0.00197721789558836
706 0.00146677281180487
707 4.53701626980183e-05
700 9.74501969811876e-05
701 0.0101404221315992
702 0.00025586943407146
703 0.00925284128722552
692 0.000443425147653065
693 0.000765422620360115
690 0.000700282781509268
691 0.00553620852547311
696 0.000145245743077762
697 0.00127977629517733
694 2.46548144049319e-05
695 6.59396370322506e-05
698 0.000804190342601721
699 0.00162538784108085
731 4.8341490077461e-05
730 3.23439032656427e-05
733 6.9505542089395e-05
732 0.00308823054613344
735 0.000146260086802766
734 6.78696393432373e-05
736 3.29189195864777e-05
678 0.0027503946420092
679 0.000236749338195585
674 1.21521043926141e-05
675 0.00891055821681148
676 0.000743039070054082
677 0.0083753894285637
670 0.000137300140234344
671 0.00105603544234251
672 0.000146857312383579
673 0.000456422932446858
737 0.000146627792621463
739 6.1970171807834e-05
738 9.26633677257641e-05
726 0.000482553762247666
727 7.72227515817482e-05
724 5.39131592682307e-05
725 6.48813102597765e-05
722 0.00121159778730962
723 0.000144997341646188
720 0.000201855506852989
721 0.000622421534245424
728 6.19718566306366e-05
729 7.62558250444098e-05
818 0.000425963793809683
819 0.0294785798865876
810 0.000363289646893505
811 0.000549967621199425
812 0.0521528081258991
813 0.0167812483396451
814 0.0210365115283716
815 0.000491861492530995
816 0.000293340829924052
817 0.00123477719373287
749 0.0022928295880105
746 0.000268751471659098
747 0.000154242930008097
748 0.00129445356899002
758 0.000139995582053717
821 0.0467893482869838
820 0.000968996563146912
822 0.000414581457130254
797 0.00416604435658672
796 0.000183959527379146
795 0.000852665798689451
794 0.00010831153924064
793 0.00388004726419984
792 0.0276686227153213
791 0.000444292185447308
790 0.0127080897660287
799 0.0113884235372826
798 0.00491948234852303
753 2.13400679267888e-05
752 6.03599238864745e-05
809 0.00887806324410513
759 4.9165385450777e-05
775 0.000131168872435427
774 0.000177339641721277
777 0.0118843079357344
776 0.0516723453719273
771 0.000180967554341254
770 0.000366977050427216
773 0.000434402982108964
772 0.000370528470606058
779 0.000295611713440658
778 0.00459328506231697
805 4.70948985697068e-05
784 0.0570913248572085
785 0.0154759583621965
786 0.0153247549090605
787 0.00734901269177952
780 0.0162486951972503
781 0.00137081552731539
782 0.0159385063631394
783 0.0151547466417298
788 0.000290340263412867
808 0.000689185759546158
803 0.00402358493947967
802 0.000181429903119037
801 0.000380581510349624
800 0.000781639851631248
807 0.0004736714786659
806 0.00634197983776263
804 0.001383245383573
768 0.000456497546197017
769 0.0860801476782492
762 0.000766545595849748
763 3.68131335738359e-05
760 0.000132717573608375
761 0.000515851340912543
766 3.46329700896043e-05
767 0.00116675898085784
764 0.000159466537737394
765 0.000437709999617897
751 3.88351453246729e-05
750 0.000126944078363795
757 1.85665191528588e-05
756 4.72004287438182e-05
755 3.58499793681223e-05
754 0.00188284729564493
854 0.0401127135288189
855 0.000526851385314866
856 0.0172951542551112
857 0.00417070382828151
850 0.0320895856967783
851 0.00722094838707002
852 6.97871032752604e-05
853 0.000148331356333301
858 0.0356120620322708
859 4.14592604120718e-05
829 0.000200679472208984
828 0.000294028431097913
825 0.000465038890097545
824 2.46213266294597e-05
827 0.000471202405504892
826 0.000200962046611282
823 0.000199148942193025
869 1.9427670537523e-05
868 0.000750303879783155
861 0.000557227487159488
860 0.053761412562028
863 0.036990542397314
862 0.000199695882581963
865 0.000343541843987679
864 0.0106206046011305
867 0.000444760971590769
866 0.000353169268008551
883 0.0108460923635753
882 0.000262476504072589
881 6.40136544456993e-05
880 0.000155415196913444
887 0.000220061949337561
886 0.000709250746634377
885 0.000335817583970927
889 0.00165778137959412
888 0.00149692349880829
832 0.000636450777230729
833 0.00212765383563138
830 0.000393943949420671
831 0.0381787195875944
836 0.00726442635557575
837 0.0413169794446282
834 0.000885810779204077
835 0.000272190029513111
838 0.000617216630338071
839 0.000117536983924705
789 0.000386926770211383
884 0.000115779134051561
878 9.57667369568179e-05
879 0.000201175477147615
876 0.000228035538187886
877 0.000203387885039884
874 3.33577871944038e-05
875 2.22419753768173e-05
872 1.66245513778694e-05
873 0.000523000875769333
870 0.00057416799642108
871 2.32725610583867e-05
890 0.36493130309031
891 0.0261925586835284
892 0.0256583887494698
893 0.033405929721389
894 0.000115894342012802
895 0.000368781442268895
896 0.00101097799845254
847 0.000446712601985926
846 0.0105653100430468
845 0.000427926322796359
844 0.0276181246677799
843 0.000164399414667493
842 0.000714590469831361
841 0.000634848011675819
840 0.000742820284268933
849 0.000186875463232975
848 0.000115377847087084
902 0.000515436261076163
903 0.00216782635705849
900 8.83842766444127e-05
901 0.000423546723892537
906 0.00155720708189257
907 0.000179904885043582
904 0.000170166399659236
905 0.00130772814035671
908 0.000101293712621754
909 0.000358674516403139
948 0.000159646498710181
949 6.6616160787315e-05
946 9.48675935971623e-05
947 4.69800039623262e-05
944 7.79657745707443e-05
945 0.00063178656264337
942 0.000431773712660079
943 0.00134272985277125
940 3.65822664803757e-05
941 0.000697180354071217
939 0.000224563187371142
938 0.000666802230795288
933 5.63572503464194e-05
932 0.000191129432900511
931 0.000261470607836863
930 0.00111280252894515
937 0.0112414052428725
936 0.0109436674520003
935 0.000656702588990669
934 0.00382468257094892
928 0.00095185484329085
929 0.00188076768232456
920 0.00750088471515108
921 0.133299836872504
922 0.0262350670881083
923 0.00125305563731875
924 0.00113472737372303
925 0.00271358808772042
926 0.00100370565929472
927 0.000827086517003073
964 3.36026023480341e-05
965 0.000805922702057136
966 0.000912792373664086
967 0.000352158347291451
960 0.00124598860201507
961 0.00773846792255341
962 0.000865924552864922
963 0.000257139306760749
897 0.000166075817517823
898 0.000352234188777109
899 9.95330737002761e-05
919 3.88710930164818e-05
918 0.000835252642424771
915 0.000599290117426911
914 0.000268146363320018
917 0.0367518194270906
916 7.31580182483689e-05
911 0.000361411980966183
910 0.000922687530523703
913 0.00244586916297109
912 0.000144581672922708
959 0.000157885255451814
958 0.000493799515368179
951 0.0115787805667051
950 5.14875698417548e-05
953 0.000160872080012594
952 0.0460775906778153
955 0.000185757109591307
954 0.00613631174427214
957 0.0190128310599774
956 0.000564446725524156
1018 0.000109121875749503
1019 0.00011989420017101
1014 0.000133693199688726
1015 0.000112957332392235
1016 0.00117962896655948
1017 6.26839037330193e-05
1010 0.000234178386382252
1011 0.00015507079342021
1012 0.00120363638580696
1013 0.000106106061917868
1009 0.00803099025284597
1008 0.000212189154677777
1007 0.0078774502385486
1006 0.000582509469464291
1005 0.000539807484287035
1004 0.000141890030439014
1003 8.2676024904506e-05
1002 0.00145697374228491
1001 0.000574363276341046
1000 0.000118737146287723
977 0.000304559444804201
976 0.00376474193523304
975 0.000752136213972151
974 1.53387206021087e-05
973 3.22622161789142e-05
972 3.94554260147644e-05
971 0.00058046816326951
970 6.1868318092316e-05
979 4.72010319945138e-05
978 0.000260003232143279
1042 7.78213425167973e-05
1041 6.89391785055668e-05
1040 3.26875801838173e-05
995 0.000512658901636529
994 0.0152584984345927
997 0.00142159548969326
996 7.69767130754078e-05
991 0.000274336956980626
990 0.00193690134097058
993 0.000174021962631977
992 0.00137243114664889
999 0.000297333497309814
998 2.86111800303083e-05
1039 1.28321255188983e-05
1032 0.000172223705621007
1030 0.00511629297862656
1031 0.000776171644727357
1036 0.000876205726648151
1037 8.15863641846243e-05
1034 0.000187935579063134
1035 7.27674832059528e-05
968 0.000166379955731444
969 2.13940977473414e-05
1033 0.000170485638117127
988 0.000229542706631323
989 0.000460415490879617
982 0.00250390795623582
983 0.000318743888353435
980 0.000525138887451049
981 0.000218218101426017
986 0.000118457769682389
987 0.000398734551049573
984 0.000140753235305628
985 3.18304527313313e-05
1038 0.000767751187564301
1025 0.00115179484192126
1024 0.000209745931476874
1027 0.000581353640862173
1026 6.50361077296636e-05
1021 0.000213865763695668
1020 0.000853700289830608
1023 0.000944873782626127
1022 0.00118770819929402
1029 0.000986127717170136
1028 0.00044367874941986
1069 0.00510643887364114
1068 0.000846955941366892
1061 0.00599408159337109
1060 0.0236626769722438
1063 0.010707534490397
1062 1.70057158512504e-05
1065 0.000109904885504406
1064 0.010735784588403
1067 0.00246232914552612
1066 0.000323941507582525
1087 0.000133117803829945
1086 0.000251966720827456
1085 0.000173852738367935
1084 0.000398875280260584
1083 0.000205994790404434
1082 0.000689136695649004
1081 0.29346699188658
1080 0.000467219861313628
1120 0.000339418971328683
1089 0.0069251120776508
1088 0.00468856384739003
1050 0.00143078103724638
1051 0.000114288784820436
1052 0.00144065485570241
1053 0.00123148699382192
1054 0.000385613024883712
1055 0.00148814752175799
1056 0.00219689784906111
1057 0.00162025065999574
1058 2.64354345403911e-05
1059 6.24516469769005e-05
1043 9.04875960924413e-06
1047 0.000369732765273864
1046 0.000110720107100911
1045 0.00208911674624314
1044 8.87661343065614e-05
1049 0.000145066467073611
1048 0.000365296286077104
1106 0.000243892391593078
1107 0.000213196069771329
1104 0.00631684510060053
1105 0.000264514445992648
1102 0.00069463711149422
1103 0.0008407501483232
1100 0.00567592926707889
1101 9.79003533345508e-05
1108 0.00292377058071064
1109 3.40421972741508e-05
1099 0.00222658745467046
1078 0.00161087451587069
1079 0.000324269893158295
1076 0.0118076824464932
1077 7.36474754394413e-05
1074 0.0128938711443868
1075 0.000261874486279139
1072 0.000203749372036738
1073 0.000677424034243212
1070 0.000430368749549111
1071 2.69550221399179e-05
1094 0.00281524615175586
1095 0.00138762726828869
1096 0.000216164518646364
1097 0.000757640516115816
1090 0.00473648060526515
1091 0.00203578639893498
1092 0.000124765400084077
1093 0.000558857256061653
1098 0.287810051550197
1111 0.000356124225336666
1110 0.000255198719817345
1113 0.000258768011095459
1112 0.000352061028925908
1115 9.89574482486521e-05
1114 0.000180521946519707
1117 8.55946640591549e-05
1116 8.65737692294638e-05
1119 0.000343307655334114
1118 9.80760448772077e-05
1121 1.75947866740758e-05
1122 0.000255310223289726
1123 3.15566897277067e-05
1124 0.00235489455358369
1125 2.96772708570591e-05
1126 0.000214570435438286
1127 4.5341261719085e-05
1190 0.000247274203081997
1193 2.17153664290973e-05
1192 0.000549215107406762
1195 0.00105898034240256
1194 0.00253112410681604
1197 0.000867704858370347
1196 0.000701403267357324
1177 0.00109010703160169
1176 0.000134729618184341
1175 0.00138238788999811
1174 0.000207197361970022
1173 0.00012737271759639
1172 0.000306954483793482
1171 0.000373785106873455
1170 0.00273086604043418
1179 0.000957572549539587
1178 0.00163400770520786
1191 0.000872623330624773
1139 7.73383570694073e-05
1138 0.00416355715104228
1133 4.92553389402119e-05
1132 0.000680564834743302
1131 9.78005520161421e-05
1130 0.000264853091730427
1137 6.84926031880713e-05
1136 0.00061627846080806
1135 0.00151523744788946
1134 0.000919614160705821
1128 2.41656629278598e-05
1129 0.0003797186440154
1151 3.23181414336537e-05
1142 0.00197013778804642
1143 0.000718969403549072
1140 0.0018662863793987
1141 0.000574851034106175
1146 0.000113931572886293
1147 0.000227721645539514
1144 0.000498616816386076
1145 0.000961907973762275
1148 2.76335664898343e-05
1149 8.47285257558467e-05
1188 0.000474035290680963
1182 3.35007623052986e-05
1201 0.000132888650060956
1169 0.000386276683144864
1159 0.000518814465161068
1158 0.000398716306703481
1199 0.000293506533219811
1198 0.0012407048610199
1155 0.000439576318619445
1154 0.000370706637103548
1157 0.000672158892035376
1156 1.64163943244342e-05
1150 9.21329827764128e-05
1153 0.00168489476035913
1152 4.23362859357851e-05
1189 5.82630782465275e-05
1186 0.000116753222003133
1187 0.000353569816141629
1184 0.00032685076098552
1185 0.000418052228860279
1183 0.00193175215686569
1180 0.000228588795559552
1181 0.00288857602407054
1164 0.000466811609163153
1165 0.0015159507801837
1166 0.00121230621581844
1167 0.000137326103579641
1160 0.000417002921242847
1161 0.00124467484494693
1162 0.00238423536537901
1163 6.10109967757551e-05
1205 0.000759312101719188
1204 4.43220830822863e-05
1207 2.77988674439864e-05
1206 5.21417875316772e-05
1168 0.000484471313266487
1200 0.000524349976210959
1203 0.000670888406630844
1202 3.64953135532447e-05
1269 0.00114087568639736
1261 0.00368552784095638
1260 0.000632342307448154
1258 0.0030464498438804
1234 0.00934185014638335
1235 0.0887246270988499
1236 4.57567366815349e-05
1237 2.48043908370199e-05
1230 2.05579943081146e-05
1231 0.000210823680193807
1232 6.02737993024747e-05
1233 6.2762240603111e-05
1238 0.000292140126571947
1239 2.27647901211661e-05
1241 4.34247372997581e-05
1240 0.0013857920901555
1243 0.0053529030568771
1242 0.000122629059661209
1245 0.00147891922054048
1244 0.00107950120406078
1247 0.000631028068590157
1246 0.00166151010431518
1249 0.00475902366096472
1248 0.000516640843972184
1279 2.21245014648171e-05
1270 2.72820847286989e-05
1271 0.00113995239556799
1272 2.51653669620104e-05
1273 2.77022329084605e-05
1274 0.0022317750062129
1275 0.00158773492517345
1285 6.74532161994861e-05
1284 2.46123132394398e-05
1287 2.07267918092187e-05
1286 5.3773798142366e-05
1281 0.00070295437249974
1280 5.68059853224083e-05
1283 2.0390180863531e-05
1278 3.815211094637e-05
1276 0.00167570686234721
1277 3.48082839306088e-05
1227 0.0026789568272649
1226 4.78096829798397e-05
1225 2.44244895292811e-05
1224 3.33897441644112e-05
1223 3.80257942790378e-05
1222 3.26052117227093e-05
1221 0.00127288029876137
1220 8.80721654902147e-05
1229 0.000401872366938871
1228 4.2778379135298e-05
1288 2.22223579502694e-05
1268 4.84906849561028e-05
1263 0.00155282843555009
1262 0.229385922230738
1267 0.000933014517246467
1266 0.000615683488887585
1265 0.00163053864686536
1264 0.00278136541178051
1209 0.000376865525841495
1212 0.00198342421355328
1213 0.000341173693512443
1210 0.0004711224138787
1211 0.000144964669517282
1216 3.31674359816471e-05
1217 0.004056589302161
1214 5.29029070520656e-05
1215 0.000386483966245326
1218 0.00134201719499755
1219 0.000234558388287101
1256 0.00402364812165968
1257 0.000822036731783369
1254 0.00358137312409765
1255 0.010604103171145
1252 0.00394267535081495
1253 0.00113378430500212
1250 0.0858412533172706
1251 0.000518449876954505
1259 0.00178040192962083
1282 5.68059853224083e-05
1208 0.000277772564426257
1339 0.00729893682261455
1338 0.00131111889212209
1335 0.000233893754992896
1334 0.0200582748917282
1337 0.000909622876285743
1336 0.000206075388823672
1331 0.000869381748514007
1330 0.00086201120723557
1333 0.000436748732442695
1332 3.6298141602185e-05
1352 9.15586058856543e-05
1317 0.000342108336077448
1316 3.28959439423912e-05
1315 0.00152038021218454
1314 0.000753555630890096
1351 0.00028416893842149
1312 0.000122820799440453
1289 0.00251929521877714
1304 0.00238200120470125
1306 0.0323501091151916
1307 0.000611594748666853
1300 2.92124598873204e-05
1301 8.42222808246662e-05
1302 4.76122004138684e-06
1303 7.65367493832714e-05
1308 0.000161205778401542
1309 0.000115695992976141
1346 0.0225869749105645
1347 0.0210022048062209
1311 4.25313819841671e-06
1348 0.00151050489466707
1340 1.37338110385007e-05
1341 0.000260693816899889
1342 0.0053127896756684
1343 0.0359232947373642
1344 0.000904082508399274
1345 0.00779886039665852
1310 0.0011343980689789
1313 0.0394808313790294
1319 0.00121317587990423
1318 0.00072888789077557
1305 1.62078853924803e-05
1359 0.000153953075672487
1358 0.000202686001118641
1353 0.000931188391297387
1357 0.00010304833643327
1356 6.52968801814648e-05
1355 0.000241628061582177
1292 0.000266634186192978
1293 3.01804191763554e-05
1322 0.00117132395200113
1323 0.00359676883735691
1320 0.000996622142063289
1326 0.000884708977378418
1327 0.00211494238925282
1324 0.000773534414587192
1325 0.0120709415176067
1328 0.000113293996156226
1329 0.0304169565138517
1321 0.0116093537227551
1349 0.0240808941792659
1298 4.02765879841605e-05
1299 2.85483495117458e-05
1290 4.55691425755205e-05
1291 0.000156794575399548
1296 2.31737669677944e-05
1297 0.00018458850719739
1294 9.32056027124868e-05
1295 5.2364767914644e-05
1350 0.00180590173236028
1354 3.61328533222899e-05
1364 0.000150556369035268
1362 5.35893777119615e-05
1363 0.000167223019268796
1360 0.000782349664141423
1361 0.000161040984281665
1398 0.00462192766043207
1391 9.69684121619929e-05
1390 9.34808850329108e-05
1409 0.0274864486060862
1408 0.0031761771794653
1403 0.00653161296496458
1402 0.00939668800626293
1401 0.00557484149670596
1400 7.39581917548966e-05
1407 0.00971329912691828
1406 0.00340549604462735
1448 0.000206067493926307
1440 9.65144789904142e-06
1450 0.00487415153351169
1451 0.00359269721413596
1371 2.80252185122717e-05
1370 2.4865640513869e-05
1373 0.00338775779011712
1372 0.000222836993040286
1375 0.000261386538984111
1374 3.38986112169941e-05
1377 5.91831707174065e-06
1376 7.61012175881786e-06
1379 0.000234276786685476
1378 2.48887225658839e-05
1436 0.00110510133464808
1437 0.000724686244393195
1434 0.00016552472638243
1435 0.00036635313260549
1432 0.000629095843269725
1433 0.00233694709148369
1430 0.00111619321521098
1431 0.0256541491689066
1438 1.44885833781841e-05
1439 3.96105216948552e-05
1388 0.0118651864712401
1389 0.000208455391126659
1384 9.61978431062497e-05
1385 4.5010062545287e-05
1386 7.73802953688066e-05
1387 0.00402456631177984
1380 1.48663116367474e-05
1381 4.54528499667823e-05
1382 7.5118647136792e-05
1383 7.72568540491941e-05
1421 0.00514600666468197
1420 0.00113071392133729
1423 0.00193358873417877
1422 0.0162943075655778
1425 0.000341017580276367
1424 0.00579198344768933
1427 0.000508652580086151
1426 0.00593222873686818
1429 0.00111554884943467
1428 0.000571259323797564
1447 0.000104604488217877
1444 0.000203918797067299
1443 2.98540791492422e-05
1442 0.000232636964536869
1418 0.00134420101324267
1419 0.00968793196256362
1449 3.23254027077751e-06
1410 0.00199160185104272
1411 1.12710184891724e-05
1412 4.86672652859549e-06
1413 0.000611225494062978
1414 0.000611225494062978
1415 8.23246215485564e-06
1416 0.00247773125350603
1417 0.00145051478667867
1399 0.00817381609455056
1397 0.0106416598083957
1396 8.88792750919787e-05
1395 0.0128382924636001
1394 0.00975020876833447
1393 7.85627871155692e-05
1392 0.00102990648711221
1405 0.0337336055243496
1404 0.00288357915576283
1446 0.000201449129269311
1445 0.000179980566632643
1441 1.27056114608631e-05
1366 3.8545501434018e-05
1367 0.000132866101646171
1365 0.000135782312474025
1368 0.000121754373318668
1369 5.68926647142814e-05
1490 0
1491 2.42661689896008e-05
1492 1.47067690846066e-07
1493 3.41197042762872e-05
1494 1.47067690846066e-07
1495 7.05924916061115e-05
1496 1.47067690846066e-07
1497 1.85305290466043e-05
1498 6.35332424455004e-05
1499 1.85305290466043e-05
1454 7.70436291771111e-06
1453 0.00109716407736559
1457 8.88795578828526e-05
1472 0
1473 2.9119402787521e-06
1470 3.23548919861345e-07
1471 1.50009044662987e-06
1476 0
1477 1.13830392714855e-05
1474 4.58851195439725e-06
1475 2.64721843522918e-05
1478 3.52962458030558e-05
1479 1.17654152676853e-06
1483 0
1482 0
1481 0
1480 3.17666212227502e-05
1487 1.17654152676853e-06
1486 1.17654152676853e-06
1485 1.47067690846066e-07
1484 1.47067690846066e-07
1489 0
1488 0
1502 8.23579068737968e-06
1503 8.23579068737968e-06
1500 1.85305290466043e-05
1501 5.73563994299656e-05
1506 0
1504 8.23579068737968e-06
1505 0
1469 1.13830392714855e-05
1468 3.23548919861345e-07
1465 0.000671859465552108
1464 1.50009044662987e-06
1467 2.9119402787521e-06
1466 0
1461 0
1460 3.23548919861345e-07
1463 0.000354122967504774
1462 0
1455 0.000932578848443054
1456 0
1452 1.08588093648927e-05
1458 0.00303241313975094
1459 0.000363045010417102
