344 0.00136732445591
345 0.00117491736427
346 0.000638212141917
347 0.0087773580798
340 0.000420451893902
341 0.000672839500022
342 0.000406622438371
343 0.00120773890694
348 0.000588974526826
349 0.000392618972153
298 0.000546889932784
299 0.00158808352904
296 0.00135975430647
297 0.000822792132126
294 0.00405803572565
295 0.00196104293665
292 0.00303045633936
293 0.00512589784341
290 0.00087188535308
291 0.00115816020504
270 0.000434933711888
271 0.00129818826097
272 0.000562413182854
273 0.00108857327423
274 0.000408979927881
275 0.000484748522028
276 0.0037805747565
277 0.000479113810686
278 0.00068545360178
279 0.00182551523555
108 0.000372221218368
109 0.000975012446679
102 0.000694269430506
103 0.00162742593391
100 0.000863804388244
101 0.00116985179303
106 0.00202495559893
107 0.000774398354687
104 0.00124093633256
105 0.00066233234664
1372 0.00552345538215
1001 0.00276551852778
1210 0.00483846819755
1375 0.00450466429198
1374 0.00376644665802
99 0.00213896039734
98 0.00175274860602
91 0.00201859435978
90 0.00190277665735
93 0.000538777903695
92 0.00181367155022
95 0.00180220742356
94 0.000558401516832
97 0.00168470324399
96 0.00108379787673
1377 0.00320002166892
559 0.00525689863382
558 0.00379578185092
555 0.000856010977106
554 0.00149926467575
557 0.00304190086922
556 0.00212974100831
551 0.00454845707982
550 0.00509894131032
553 0.00212922424203
552 0.000877889026503
1199 0.00242949219181
1198 0.00936269547318
1191 0.00721661910726
1190 0.00295853510967
1193 0.00440128703252
1192 0.00518086040955
1195 0.00441445473297
1194 0.0027893515469
1197 0.0402325798569
1196 0.00230569040085
1177 0.00458217156032
1176 0.0033232254732
1175 0.0041782292808
1174 0.00682788913843
1173 0.00276836149888
1172 0.00320148013661
1171 0.00302331078319
1170 0.00334417661593
1179 0.00335001602633
1178 0.00478084699274
511 0.00449191676509
510 0.000282104074167
513 0.00309260385227
1285 0.00917698620111
1284 0.00312502636447
1287 0.0104193635407
512 0.00193844609659
1281 0.014243052016
1280 0.0074676602492
1283 0.00414265385678
1282 0.00626086492276
1003 0.00153930634995
879 0.00264690478245
1289 0.0336136462087
1288 0.00365962478538
514 0.000469861040745
689 0.00729741669623
688 0.0015268281916
685 0.00209428706077
684 0.000690364928876
687 0.00711545938476
686 0.00112525943501
681 0.000839777511875
680 0.000594986503693
683 0.000507696101022
682 0.0139851829008
458 0.00235104269071
1226 0.00214156038564
621 0.00184676714639
873 0.00550615782567
1224 0.003010591598
1223 0.000857375286652
1222 0.00100781316787
1221 0.0021306723568
1220 0.00916385140012
407 0.000939696352026
406 0.00166941919327
405 0.00197384647802
404 0.00321899294221
403 0.00156097472872
402 0.00259767117551
401 0.000565980415675
400 0.00304267618492
1379 0.00324714617473
1378 0.00407732010549
452 0.000636780685192
409 0.00383173434449
408 0.00241249435633
1343 0.0342070460041
454 0.000663592836819
455 0.000569323424426
1346 0.00386354550306
1347 0.00145396419314
379 0.000405565913077
378 0.001432826899
371 0.000507158789929
370 0.000370159925453
373 0.000762339540354
372 0.000842635276568
375 0.00064809105921
374 0.000543098885526
377 0.00122453322724
376 0.000988680426038
393 0.00735142699287
392 0.00119050339428
391 0.00184667949662
390 0.0010864301298
397 0.00277573150532
396 0.000637090305508
395 0.00157492286676
394 0.00108849126932
399 0.00496771095474
398 0.000415825092574
895 0.00130571555873
245 0.00118840120594
244 0.000751368857203
247 0.000926523781072
246 0.00133649249596
241 0.00144907269691
240 0.000948283473435
243 0.00465101733292
242 0.00178401018162
249 0.000903579624106
248 0.00125567099023
179 0.00206235668879
178 0.00208140499502
177 0.000341209754698
176 0.000497292330557
175 0.000282633083357
174 0.00229313977175
173 0.000983172113064
172 0.00037486931521
171 0.00176823204422
170 0.00424502917951
1502 0.0
1503 0.0
1500 0.0
1501 0.0
1506 0.0
1367 0.0026712962963
1504 0.0
1505 0.0
1227 0.00277879736952
659 0.00145151239048
1365 0.00241432702781
1142 0.0121024678867
1143 0.00690573986716
1140 0.002964569306
1141 0.0109142518281
1146 0.00220802046638
1147 0.00718723448915
1144 0.00277119684287
1145 0.00531886507031
1148 0.00498334579482
1149 0.00324258418417
692 0.00106297828517
693 0.000770739232064
690 0.000331619087831
691 0.0177446253201
696 0.000907899804911
697 0.00623439131815
694 0.000526150379622
695 0.0013078606902
698 0.00297662945446
699 0.00200251264359
542 0.000699201285125
543 0.000612340439342
540 0.000418760996596
541 0.00192592002957
546 0.000537950819317
547 0.000730967434126
544 0.000931721363034
545 0.000984598882078
548 0.0189801798556
549 0.00082588134058
414 0.00223180105835
415 0.000872366394033
416 0.000642597484989
417 0.00595050162825
410 0.00693947025881
411 0.000956267845487
412 0.00234308047649
413 0.00084528711888
1384 0.00357045057574
1385 0.00508073744437
1386 0.00269316937614
1387 0.0113095238095
418 0.00116271604406
419 0.0016249213816
1382 0.00139829261113
1383 0.00244990792061
368 0.000698649850124
369 0.000880363408359
366 0.00412324994601
367 0.000591638885783
364 0.000392523975393
365 0.00176605140016
362 0.000775006479428
363 0.000316086073649
360 0.00115854238563
361 0.000695400899432
380 0.00147393978773
381 0.00273808963042
382 0.000924328364806
383 0.00101036274772
384 0.00322986960154
385 0.00171842157476
386 0.000821111020289
387 0.00296956068667
388 0.00244971262061
389 0.00106736049653
258 0.00203140321483
259 0.000822847437605
252 0.000968457339294
253 0.000856820190891
250 0.00288200167089
251 0.00182054748349
256 0.0010694402278
257 0.00377108464855
254 0.000469101823907
255 0.000397573317445
168 0.000770451361396
169 0.00121338189367
164 0.00243957643566
165 0.000363249959602
166 0.000641798542848
167 0.00034283871623
160 0.00240196754918
161 0.00289255122515
162 0.00159563269836
163 0.000450481859707
678 0.000741304293224
679 0.00222756424395
670 0.000484360439008
671 0.0110905921163
809 0.00167802005213
808 0.00138507133708
803 0.00122300759815
802 0.00709433286145
801 0.00341997357671
800 0.00387597637638
807 0.0062533410267
806 0.00132150681856
805 0.000581210099648
804 0.00173362895105
608 0.00161961768943
1159 0.00631771169506
1158 0.00641647460745
1155 0.00300298242877
1154 0.00185748414887
1157 0.00580864838883
1156 0.0042806464959
1151 0.00423562497631
1150 0.00469388667037
1153 0.00548045215573
1152 0.0046578088857
59 0.00159239099549
58 0.0022802413213
55 0.00122887199088
54 0.000895925604955
57 0.000428965901012
56 0.00269865719885
51 0.00230057168215
50 0.00329237889968
53 0.00177099707562
52 0.000612957924124
537 0.00162189685976
536 0.000544354012649
535 0.000730483784523
534 0.00057714921581
533 0.00193880217722
532 0.000357622784515
531 0.000231893003582
530 0.00677717979826
539 0.00042720894431
538 0.0075479320693
429 0.000815810871499
428 0.000523836404783
1399 0.00327901202675
1398 0.0198293650794
421 0.00167690704035
420 0.000874145544402
423 0.00128217952755
422 0.00097283935922
425 0.00108246825771
424 0.00276939176318
427 0.0004762305417
426 0.000771239989858
853 0.00312405573882
229 0.00222613976508
228 0.000773764248038
227 0.0047114780254
226 0.000615978380292
225 0.00197482291275
224 0.0040313294438
223 0.000724049813444
222 0.00243785130598
221 0.00113855574772
220 0.000912379159294
151 0.00134627937908
150 0.000429824250401
153 0.00113444614096
152 0.00118725147895
155 0.000969183154874
154 0.000194128869642
157 0.000889512268765
156 0.00103872097116
159 0.00221139271609
158 0.00159755022312
818 0.00185302252454
0 0.00161561428615
810 0.0018593260445
811 0.00299293103184
812 0.0283613394717
813 0.0191817219362
814 0.00126943244377
815 0.000857558608701
816 0.00316593072719
817 0.00291123297459
1490 0.0
1397 0.00488647779787
1492 0.0
1493 0.0
1494 0.0
1495 0.0
1496 0.0
1396 0.00254175688215
1498 0.0
1499 0.0
1395 0.00580905498627
1394 0.00413823588507
1393 0.00214490968801
1392 0.00649875621891
1391 0.00357289928179
1390 0.00346617937379
1128 0.00318666587588
1129 0.00465278761108
1120 0.00262787467517
1121 0.00187201523573
1122 0.00107132984008
1123 0.00180036689452
1124 0.00629849634866
1125 0.00437378445296
1126 0.00244490829044
1127 0.0056371057689
524 0.000408468977304
525 0.000259306627117
526 0.000752541075662
527 0.000265025234478
520 0.000215671503354
521 0.0174719355678
522 0.000669737455272
523 0.000278623586303
1014 0.00223768592916
1015 0.0015047046561
1016 0.00259947231694
1017 0.00618892395392
528 0.000805492218577
529 0.000740785373404
1012 0.0101229627187
1013 0.00435940213492
1234 0.00932829869508
1235 0.0310595392315
1236 0.0021151022988
1237 0.00122783570271
1230 0.00136315030387
1231 0.00464800373293
1232 0.00143660136423
1233 0.00136270114505
1238 0.000640756900038
1239 0.0011162526913
438 0.00205158860891
439 0.000758991714199
436 0.000368988385288
437 0.000349501978961
434 0.000586055671609
435 0.000708298744158
432 0.00126548785185
433 0.000886026802885
430 0.0107248487809
431 0.00159747810664
238 0.00192219781252
239 0.000914000507207
234 0.0124210751969
235 0.000647733084927
236 0.000622257954409
237 0.00111315585652
230 0.000675684102353
231 0.00143788751045
232 0.00229311260909
233 0.000752659146446
1 0.000694444444444
146 0.00111592312662
147 0.001103916013
144 0.0014447741189
145 0.00209739518613
142 0.000807688960241
143 0.000969915240032
140 0.00125030340417
141 0.000750049714594
148 0.0010250591307
149 0.00117579204473
939 0.00307724554689
938 0.00149611660936
933 0.00378812676004
932 0.00228643175423
931 0.00651742345525
930 0.00267973221843
937 0.00382381986864
936 0.00242748607753
935 0.00566008955126
934 0.00228026017208
829 0.00172921452938
828 0.0061030646772
825 0.00553966377308
824 0.000978107837459
827 0.00907758237041
826 0.000950164381641
821 0.0117179004121
820 0.00101973612433
823 0.000608934177009
822 0.00137265435066
1483 0.0
1482 0.0
1481 0.0
1480 0.0
1487 0.0
1486 0.0
1485 0.0
1484 0.0
1489 0.0
1488 0.0
797 0.000804944881447
796 0.00218088429469
795 0.00412796265449
794 0.00470001005606
793 0.000357701968568
792 0.028835514916
791 0.00686303919662
790 0.00175017928803
799 0.00164442479689
798 0.00115705407911
1270 0.00406613238281
1271 0.0142514852825
1272 0.00367291574019
1139 0.00538750535753
611 0.0027179075475
1133 0.00467333827377
1132 0.00478275031923
1131 0.00217185545833
1130 0.00412708252665
1137 0.00317949367207
1136 0.00379338832002
1135 0.00197933589831
1134 0.0103569146049
1276 0.00885325472863
1277 0.00931693983867
519 0.0115098293218
518 0.000460499360099
1009 0.00199654726994
1008 0.00969926589961
1007 0.00172252144681
1006 0.00171799059012
1005 0.00170268517768
1004 0.00317984922236
515 0.000394785129107
1002 0.00738802118847
517 0.00122710607172
1000 0.00110833461952
623 0.00141339529186
622 0.00263415120688
1225 0.00089904376192
620 0.0118316415303
627 0.00110710429402
626 0.000969699942745
625 0.00103227948627
624 0.00141091562038
629 0.000737296087768
628 0.0259065049582
1229 0.0149531489512
1228 0.000551421190533
2 0.000694444444444
1286 0.00753814045259
11 0.00688473822063
10 0.000814154602173
13 0.000289427358393
12 0.00153118172098
15 0.000620936741318
14 0.00119843601437
17 0.000428776841401
16 0.00176767676768
19 0.000649929093279
18 0.000769595496144
201 0.000999181702852
200 0.000556267325593
203 0.000709302052615
202 0.000677373132755
205 0.000685122140079
204 0.000512769497169
207 0.00194127240707
206 0.000535441827416
209 0.000550948849567
208 0.00201337738108
928 0.00299841238997
929 0.00303317447654
920 0.00137812345458
921 0.00187121253367
922 0.00180320932596
923 0.00236971784187
924 0.0141170829635
925 0.0203278047122
926 0.00282401984217
927 0.00351283144898
832 0.00093165774131
833 0.00047070229739
830 0.00552201124123
831 0.00886690505506
836 0.00133091100731
837 0.00784578844567
834 0.000858762591514
835 0.00194275872521
838 0.00108675283324
839 0.00172013757814
3 0.0010559103119
784 0.0234036396311
785 0.000903897414852
786 0.00135921880462
787 0.00105280078856
780 0.00088625193255
781 0.000720702505846
782 0.000790771099271
783 0.00098310126556
788 0.00339563199349
789 0.00012317650729
60 0.00104796826296
61 0.000718779635422
62 0.00548317327842
63 0.000728303886319
64 0.000624728007704
65 0.000812958740334
66 0.00177859486523
67 0.000557179267349
68 0.00112080265186
69 0.0105477158496
1371 0.00218046509427
1370 0.00101412266714
1373 0.00616883116883
1038 0.00316819107038
1039 0.00142464163171
508 0.000386351693239
509 0.00268976764776
1032 0.00179848562454
507 0.0260497836134
1030 0.0641690446974
505 0.00304468886318
502 0.00228815842611
503 0.00195834696952
500 0.00383712440688
501 0.000798556398234
1212 0.00347717726882
1213 0.00316845218655
632 0.000679976082807
633 0.00102696499011
1216 0.00111644816786
1217 0.00159782014481
636 0.00044989245542
637 0.000954337736965
638 0.00289375543909
639 0.0058589177078
1218 0.00129784134315
1219 0.00935702947846
465 0.000896810034584
1106 0.0023993850442
1107 0.00336165760237
1104 0.0028791132757
1105 0.005855779342
1102 0.00183544496855
1103 0.00180854681479
1100 0.00696754981178
1101 0.00357286039438
1458 0.0
1459 0.0
1108 0.038861346406
1109 0.00763714797166
216 0.00264832490264
217 0.000700337031569
214 0.00183545931633
215 0.00133396017811
212 0.000612797851967
213 0.0005743749289
210 0.00061861530131
211 0.00218223621168
218 0.000352446552148
219 0.00164650401498
4 0.000436046511628
919 0.000723712630635
918 0.00148581793509
915 0.0035996183944
914 0.00151552409945
917 0.00360959272643
916 0.00587826329777
911 0.00171497974759
910 0.00149474046756
913 0.00997999424937
912 0.00139792278745
847 0.0015386656105
846 0.00152345424191
845 0.00888412576365
844 0.0339756509842
843 0.00229378333647
842 0.00111065865078
841 0.000872859020061
840 0.000711962986304
849 0.000859657870088
848 0.00204488125613
663 0.00174159401643
662 0.00106470828155
753 0.000732745417833
752 0.00162402355983
751 0.00080519002891
750 0.000796154193608
757 0.000985131473449
756 0.000796833298251
755 0.00129584441648
754 0.00253323518437
759 0.00147928241279
758 0.00135370754997
506 0.00143056231077
1033 0.00209487560387
504 0.0011489570092
1025 0.00254977672587
1024 0.00177746106607
1027 0.00487048048217
1026 0.00309499427657
1021 0.00335220750906
1020 0.00324720991378
1023 0.00686130058982
1022 0.00448940067943
1036 0.00618091564858
1029 0.00292568594333
1028 0.00258557673904
1037 0.00300727306879
1034 0.00570848022896
1035 0.00159311884017
605 0.00916159328619
604 0.033617216859
607 0.00748805907651
606 0.00175382444434
601 0.0010871664217
600 0.00295712612356
603 0.00151344007826
602 0.00557785156913
1205 0.00529016905111
1204 0.0021178015028
1207 0.00247263852396
1206 0.00179977760801
609 0.00208946110103
1200 0.0036987058135
1203 0.00288075184787
1202 0.00395863133376
1211 0.00118810949388
634 0.000783784228132
635 0.00112307912863
1214 0.00192183682588
1215 0.00113809571994
1111 0.00440747996889
1110 0.00665911549877
1113 0.00257744916457
1112 0.010361661349
1115 0.00399060185224
1114 0.0040825538108
1117 0.00658866297978
464 0.00155965603692
1119 0.00145801643346
1118 0.00369894593788
467 0.00461788529518
1449 0.00414242791496
1448 0.00683194422325
466 0.000544208071888
1357 0.00998097820523
460 0.000565492881461
1355 0.0168217115285
489 0.000339266782925
488 0.00044446974555
487 0.00059447727203
486 0.000921848339665
485 0.00132953308468
1354 0.00404629412247
483 0.000868015139449
482 0.000916577159185
481 0.00183147871148
480 0.00103925417029
199 0.00395013478645
198 0.00135887797824
195 0.000492929985449
194 0.000560178407612
197 0.00187650024515
196 0.00611589312954
191 0.00109779180045
190 0.000556487861194
193 0.000526137147591
192 0.00112844218947
1454 0.0
1455 0.0
1456 0.0
1457 0.0
1450 0.00491188141923
1451 0.037012987013
1452 0.0
1453 0.0
902 0.0075201174048
903 0.00335456636024
900 0.00122670655427
901 0.00268836268109
906 0.00614490019827
907 0.001621544213
904 0.000918229578307
905 0.0063330139297
908 0.000762996019988
909 0.00171543177951
854 0.00187673458242
855 0.000850712010867
856 0.00310048556525
857 0.000744446632233
850 0.00158309312901
851 0.0292471913817
852 0.00311655877733
819 0.00142605486662
858 0.00140440901336
859 0.000880175022678
6 0.0
740 0.00440931857928
741 0.00214607150733
742 0.00469306502757
743 0.00329290921591
744 0.00202886567556
745 0.00172395992957
746 0.00282854051179
747 0.00104450165427
748 0.00806568959341
749 0.012696940661
1050 0.0026646233321
1051 0.000697969918487
1052 0.0024494791795
1053 0.00177135203568
1054 0.0030684151889
1055 0.00128590967494
1056 0.00499878640115
1057 0.0026605550519
1058 0.00164195325698
1059 0.00237399069119
1278 0.00589120092721
1279 0.00377694990076
618 0.00101079101115
619 0.000637433821519
612 0.000976301997579
613 0.00169676628762
610 0.00394820871053
1273 0.00342498756885
616 0.00339899304314
617 0.0030769288639
614 0.000854244953867
615 0.00228476052606
1491 0.0
1472 0.0
1473 0.0
1470 0.0
1471 0.0
1476 0.0
1477 0.0
1474 0.0
1475 0.0
1478 0.0
1479 0.0
1304 0.0154557079618
1305 0.00461101047661
1306 0.0373756163685
1307 0.00396448981156
1300 0.00422779474064
1301 0.00457470355878
1302 0.00165918959177
1303 0.002761657743
1497 0.0
1308 0.00979595312398
1309 0.00627666939176
498 0.000948556783878
499 0.0011776973909
494 0.00533059011531
495 0.00022938065394
496 0.00141520635828
497 0.00133728504134
490 0.0011251656598
491 0.000350430855629
492 0.000663093080749
493 0.00145268134374
24 0.0029491387848
25 0.000791971477415
26 0.000644058916924
27 0.000685380754801
20 0.00446288812755
21 0.00161893555865
22 0.00890934489893
23 0.000418962129043
28 0.00134382958577
29 0.000598982014996
7 0.00122497736106
972 0.00133121370556
1087 0.00323241644551
1086 0.00294162410606
1085 0.00534784219195
1084 0.00430326039592
1083 0.00379071793984
1082 0.00557962906807
977 0.00222303812152
976 0.00960774063025
975 0.00974670593015
974 0.000586417930592
973 0.000949882917829
1081 0.0829294654569
971 0.0129791663262
970 0.00313177710865
1080 0.00516964153304
979 0.00247957378963
978 0.00224934782629
182 0.00262573408428
183 0.000820152569166
180 0.0032073463676
181 0.000815125126713
186 0.00163233442142
187 0.0013249104936
184 0.000459966524904
185 0.000551059032077
188 0.00225677271182
189 0.00319795922185
1464 0.0
869 0.000959883709428
868 0.00611513287698
861 0.00291243520149
860 0.00333140824053
863 0.00244340334584
862 0.00143686366529
865 0.00461389392678
864 0.00293370655577
867 0.00188040829935
866 0.00626868521657
883 0.0443633976992
882 0.00120695988769
881 0.000899903275027
880 0.00264874095732
887 0.00264652371352
886 0.00921535011763
885 0.00100995199332
884 0.00339649054756
889 0.0026457266596
888 0.00152194577831
775 0.00175852503246
774 0.0014182311206
777 0.000723547018644
776 0.0105251348549
771 0.00353443975621
770 0.00215370298211
773 0.00142473010962
772 0.00250670780337
779 0.00306671750976
778 0.000812835165164
77 0.000850694144625
76 0.00145514079042
75 0.00108461838801
74 0.00104208998458
73 0.00116802548981
72 0.001747091591
71 0.0015149865873
70 0.00149555655679
79 0.00140002341791
78 0.00138327137573
1043 0.000219539471897
1042 0.00190899556968
1041 0.00459568351781
1040 0.00152130669889
1047 0.00669852789138
1046 0.000707192793924
1045 0.00211161801218
1044 0.00417286750113
1049 0.00249934077246
1048 0.00299723776133
1269 0.0112819885213
1268 0.00391549781701
669 0.00135040154509
668 0.00173510873627
667 0.00102842592685
1262 0.0031627992474
665 0.00209773260212
664 0.00817357265227
1267 0.0121919171125
1266 0.014624103352
1265 0.0061477340144
1264 0.00592311518121
1469 0.0
1468 0.0
1465 0.0
1018 0.00899222008581
1467 0.0
1466 0.0
1461 0.0
1460 0.0
1463 0.0
1019 0.00777696833717
1317 0.00157398664866
1316 0.0100842987096
1315 0.0105676595999
1314 0.00253835099502
1313 0.0310381713027
1312 0.00403118423528
1311 0.00243554226281
1310 0.00770626002287
1319 0.00227153215443
1318 0.00272534346625
1010 0.00208605913503
1011 0.00844187296419
319 0.000972075629987
318 0.000762558787608
313 0.000724182861838
312 0.00121271389808
311 0.00124952389684
310 0.00170290559707
317 0.000903803765692
316 0.000816229594211
315 0.00066814683846
314 0.00136897700842
1335 0.00254366855522
1334 0.000945248512177
1337 0.0138903374995
1336 0.000787944521416
1331 0.0180090779286
1330 0.00585764853548
1333 0.00213022906299
1332 0.00100871039357
630 0.00184624150327
631 0.000370015768403
964 0.00249222991441
965 0.00287702534045
966 0.0024449883189
967 0.00181781168092
960 0.00243766768217
961 0.0206273353016
962 0.00149983033184
963 0.0173463264518
968 0.0039014060602
969 0.000762150788579
1241 0.00212469602804
878 0.00132117080619
1240 0.00904259787154
876 0.00232688578296
877 0.00677052087325
874 0.00185604526391
875 0.0023714226373
872 0.00209959119116
1243 0.00894103201929
870 0.00522429034885
871 0.00177067872081
1242 0.00413898371202
9 0.00152177905361
1245 0.00817689458714
1244 0.00485027740307
890 0.0715495264984
891 0.00173801583718
892 0.00214032760883
893 0.00392064314151
894 0.00320652988379
1247 0.00724898994541
896 0.0169089402804
897 0.00124413557516
898 0.00264182653651
899 0.00116347761093
646 0.00127346004564
1249 0.00945074234392
648 0.000749183289941
768 0.00470725226238
769 0.0107019744916
762 0.00141933056589
763 0.000784844633448
760 0.00165191203198
761 0.00728959128814
766 0.000920290396554
767 0.0013704047006
764 0.00105341909392
765 0.00152488539428
1078 0.00823578046189
1079 0.0043122501756
1076 0.00221975981552
1077 0.00169948115013
1074 0.003005080089
1075 0.00105057562477
1072 0.00273187859083
1073 0.00118789445721
1070 0.00150727194413
1071 0.00680952237073
1094 0.00212751061824
1095 0.00573735323314
1096 0.00430557598275
1097 0.00620082557274
1090 0.00692803587843
1091 0.00615637219167
1092 0.00522571725155
1093 0.00270158410033
674 0.0015084800982
675 0.000944693562265
676 0.000962407386532
677 0.000322623205722
1098 0.00329505150497
1099 0.0021766691895
672 0.00119831790082
673 0.00202647051626
1418 0.00775833333333
1419 0.0522321428571
1410 0.00897890295359
1411 0.00372084923984
1412 0.00621215986395
1413 0.0245490808186
1414 0.0245490808186
1415 0.00432784140379
1416 0.0108018145399
1417 0.00564668367347
1322 0.014589066073
1323 0.00604553556872
1320 0.0150710341488
1321 0.000433754395681
1326 0.0124321950623
1327 0.000999416060452
1324 0.00391250684921
1325 0.000449858990695
1328 0.000795492558512
1329 0.000860013445888
5 0.000846957226587
1256 0.0107313136121
1257 0.00781506209178
1254 0.0191114190522
1255 0.00490332473452
1252 0.00707682295027
1253 0.00940046661663
1250 0.0211764426737
1251 0.00568699330828
1258 0.0166362085992
1259 0.00587460588008
308 0.00100581136364
309 0.00050542787295
300 0.0130919902006
301 0.0013877436847
302 0.000891866871976
303 0.000836579958087
304 0.00152784340099
305 0.000453749483915
306 0.000913479408298
307 0.000616533820481
470 0.00653359038374
1443 0.0281202865762
476 0.000630345948283
959 0.00184635215679
958 0.00420287820683
951 0.0156187657999
950 0.000831106733188
953 0.00462993026806
952 0.0107584468295
955 0.00449976435846
954 0.0128763741865
957 0.00287948611347
956 0.00256942807054
1442 0.00947831327872
477 0.00073578569093
1440 0.00509980314416
1263 0.00570188822329
666 0.000984905502741
1261 0.0165091141885
1260 0.00614693566769
719 0.00180185525767
718 0.0015720261154
717 0.000695583148275
716 0.00115614217837
715 0.000996537380532
714 0.000701358227736
713 0.00142787742786
712 0.000885825943268
711 0.0010981726911
710 0.0031503828316
661 0.00196666711637
660 0.00104898249179
1069 0.00623299290396
1068 0.00212947310395
1061 0.00593808526962
1060 0.0193992602874
1063 0.00126428129201
1062 0.00420689031548
1065 0.00120561560661
1064 0.00122506013166
1067 0.0128902760453
1066 0.00219631537358
591 0.000850964205827
590 0.000433637641794
593 0.000793456777327
592 0.00344155279295
595 0.000804685334647
594 0.0021594430861
597 0.00102145808552
596 0.00091758800157
599 0.00142530984836
598 0.00109239980798
1089 0.020108782353
1088 0.0022652378615
1409 0.00501388888889
1408 0.00315494130142
1403 0.00175107665805
1402 0.00251692670003
1401 0.0268646164723
1400 0.00146327677375
1407 0.00253660637382
1406 0.00406252092961
1405 0.00546887776797
1404 0.010029491342
449 0.00477775137197
448 0.000863832531417
1339 0.00335278885963
1338 0.00185569274028
443 0.000696675465808
442 0.000379440490813
441 0.000589215875202
440 0.000623003204288
447 0.0094160353855
446 0.00138633502695
445 0.00314557135607
444 0.00130510873608
39 0.00203609185083
38 0.00119205202162
33 0.00393255205798
32 0.00230736862548
31 0.000447371453304
30 0.00149429312545
37 0.00229097845263
36 0.000758183916925
35 0.00300353001646
34 0.00268352550518
641 0.000737991166332
640 0.00096630777384
643 0.00197720408026
642 0.000719711482725
645 0.0458882140783
644 0.000810123040939
647 0.00775767538764
1246 0.00843827290903
649 0.00170728691901
1248 0.00536696914789
339 0.000408063784597
338 0.000603047556389
335 0.00653809415467
334 0.000511546919127
337 0.00103953517133
336 0.000648276434252
331 0.000541113978949
330 0.00038811391309
333 0.00226088658145
332 0.00730424719158
8 0.000399968934452
1462 0.0
948 0.00321464330712
949 0.00401276212718
946 0.00194245317989
947 0.00218930457643
944 0.00335044404819
945 0.00373454505812
942 0.00401327787191
943 0.0106754713569
940 0.00500079484698
941 0.00428307216668
133 0.000927510114397
132 0.00100805090552
131 0.0020000891741
130 0.000364215316035
137 0.0005147411938
136 0.00105855500571
135 0.00110777698899
134 0.00100391077239
139 0.00131774774853
138 0.00119136888209
708 0.00140236779348
709 0.00170940279712
704 0.00449591975748
705 0.00245436182448
706 0.00162470811313
707 0.000741296367139
700 0.00645136500471
701 0.00244494754356
702 0.000787051954597
703 0.0524967405779
88 0.00112808578328
89 0.000947081910982
82 0.000951197908965
83 0.000742873087298
80 0.000926186756646
81 0.00125603149566
86 0.000352885622974
87 0.000926579583722
84 0.000758100588487
85 0.00109976753075
1388 0.0111281896725
1389 0.00328504240338
586 0.00195619051743
587 0.00154257567074
584 0.000694895250871
585 0.00178593360555
582 0.00135408243904
583 0.00388853973292
580 0.00104962988045
581 0.00354338692613
588 0.00320695822522
589 0.00182614775788
1436 0.00814295574376
1437 0.0191059338909
1434 0.00386634292982
1435 0.00430294832987
1432 0.00603256770595
1433 0.02114547389
1430 0.00767131474793
1431 0.0304927667269
1380 0.00367646573737
1438 0.00628137978608
1439 0.0158988957902
1349 0.00244867138971
1348 0.0109178100538
459 0.000908080232481
450 0.00305690277772
451 0.00326429563709
1342 0.0300708926697
453 0.000299924569944
1344 0.00591539422298
1345 0.0229919695452
456 0.00101193358234
457 0.00279447040068
656 0.00195110800312
657 0.0019518210624
654 0.00554429387145
655 0.00737059939299
652 0.00113400789467
653 0.00113493143909
650 0.00201549700146
651 0.000853503415838
658 0.00573437720664
516 0.00171115247256
1376 0.000970926363684
322 0.000427437518718
323 0.0032461525974
320 0.00103354861475
321 0.000531087998165
326 0.0046159339629
327 0.00233736658781
324 0.000944827347097
325 0.00139274465211
328 0.000521651097985
329 0.00138389824679
1340 0.00295393861781
1341 0.00603182050701
995 0.00220070908523
994 0.00814554073337
997 0.00713453403641
996 0.00278778827732
991 0.00092346628761
990 0.00251224657178
993 0.00328333394423
992 0.0026398605284
999 0.00275305572837
998 0.00209304624717
120 0.00102000650049
121 0.00158725085565
122 0.00117020402261
123 0.00173093848425
124 0.000877390003067
125 0.000687045123807
126 0.00118072349277
127 0.00176634810588
128 0.00063835233061
129 0.000905347209487
579 0.00248866316432
578 0.000873880200507
573 0.0019864264175
572 0.0013790748171
571 0.00334346305849
570 0.00980833200866
577 0.00171638237432
576 0.00341163783576
575 0.00246270365693
574 0.0220014255705
1209 0.00137570665647
1208 0.00746117572779
1421 0.0167565442085
1420 0.00523469387755
1423 0.00812670068027
1422 0.0173699015471
1425 0.00637617065557
1424 0.0242430795848
1427 0.0061592380622
1426 0.011977596946
1429 0.00731470814132
1428 0.00760477847053
731 0.00196251568713
730 0.00167690648032
733 0.00348558344454
732 0.00852945793776
735 0.00388778698883
734 0.00119646200096
737 0.00395941873597
736 0.00214536491339
739 0.00145534203677
738 0.00187988790984
1359 0.00864229713989
1358 0.00882468694168
469 0.000827015145074
468 0.000772622600902
1353 0.00890677786202
1352 0.0130588984616
1351 0.0040888056436
1350 0.0119092209824
461 0.00799570116623
1356 0.00536683489307
463 0.00104210353825
462 0.00179044949248
1274 0.0220989988909
1275 0.0084528900631
1138 0.00487167513113
357 0.00134222958795
356 0.00123754440135
355 0.00994386366143
354 0.0072568319588
353 0.000580734639326
352 0.000504413029374
351 0.000592098342842
350 0.00409351717344
359 0.00114909793198
358 0.00047291610145
1447 0.00396825396825
1446 0.00893860240422
1445 0.00826815428265
289 0.000961276101564
288 0.00141531145274
1444 0.00723169146324
281 0.00102052878585
280 0.00304185387917
283 0.0627467585563
282 0.0009533566135
285 0.000660779371037
284 0.00454253905981
287 0.0012266860233
286 0.00137910422702
1441 0.0103156266866
1116 0.005768313264
263 0.00116578983398
262 0.00151087579182
261 0.00157046364126
260 0.00277183528904
267 0.00151888668447
266 0.000762070307862
265 0.000374564783127
264 0.000869719695605
1031 0.00485513828129
269 0.00137024800492
268 0.00148795550771
988 0.0016617737819
989 0.000711658235127
982 0.00776086409278
983 0.00184736718186
980 0.001951116623
981 0.00214131192128
986 0.00516907004096
987 0.00131152142416
984 0.00342744689538
985 0.00298481564898
115 0.000710997353597
114 0.0156523033499
117 0.000858939016323
116 0.00136262560282
111 0.0017558164801
110 0.00114730901393
113 0.000728186950201
112 0.00144655462851
119 0.000724218962567
118 0.000949985352769
484 0.00164356583068
568 0.00105697742892
569 0.00192651796226
560 0.00116310750111
561 0.00195096469125
562 0.00109925508616
563 0.00103025207346
564 0.00197447796219
565 0.00176974669513
566 0.00112907491962
567 0.0107137492169
1188 0.00559454137416
1189 0.00675946025956
1186 0.00756962692205
1187 0.00413404575593
1184 0.0023979076776
1185 0.00699856764736
1182 0.00490139569665
1183 0.00370955020019
1180 0.0116943875001
1181 0.00340120250254
726 0.00590977930589
727 0.00190852241057
724 0.0023027984488
725 0.00316037738168
722 0.0143118705048
723 0.0052979282228
720 0.000927250662571
721 0.00383682324463
728 0.00277564235323
729 0.000896144175872
1164 0.00180241224618
1165 0.00379956487036
1166 0.00556805902239
1167 0.00268987010658
1160 0.00336053581786
1161 0.00350162892862
1162 0.00266857494075
1163 0.0028105338069
1168 0.00701345852881
1169 0.00573422180622
1366 0.00287957099167
48 0.000904869821068
49 0.000312525400351
46 0.00105327354144
47 0.0012563299278
44 0.000663510168134
45 0.000878691101452
42 0.000746254963001
43 0.00116404526987
40 0.0011649521447
41 0.00100978913125
1298 0.00423108346945
1299 0.00352371803823
1292 0.0047318285489
1293 0.00307068346337
1290 0.000878391930497
1291 0.00729661803165
1296 0.0107528823672
1297 0.00178350860367
1294 0.0032366807587
1295 0.00310352466147
474 0.00081424671504
475 0.00123449683438
1381 0.00237795524017
1201 0.00415982353192
472 0.000731574017011
473 0.00120500866319
1364 0.006504061831
471 0.00101275997086
1362 0.0065022541329
1363 0.00767061071052
1360 0.0225684475457
1361 0.00841954194319
478 0.0220498942116
479 0.00184745780076
1368 0.00506272436258
1369 0.00172841364162
