1 0.0793253150083
0 0.0862638225835
2 0.0793209058417
30 0.086009065634
54 0.0936761465799
37 0.0817800812034
48 0.0861700632207
45 0.0799474743417
43 0.0861440551128
60 0.0867515147112
61 0.086772614435
62 0.0944199032022
36 0.0865778327367
64 0.0867462413834
35 0.0876735526816
66 0.0937192104156
67 0.0867567886801
68 0.0941582486803
69 0.103111446315
80 0.0871169291862
81 0.086640909295
84 0.0885109729578
24 0.0866672183286
25 0.0858589986763
26 0.0859883355627
27 0.0862794689842
20 0.0868518298946
21 0.0871169291862
22 0.07951537399
49 0.0936331223016
46 0.0867673385419
23 0.0798982373327
44 0.0859469053842
42 0.0859624370218
28 0.0865883391177
29 0.0863943829155
40 0.0865883391177
41 0.0860038821792
3 0.0797197037595
5 0.0738339412768
4 0.0733519618092
7 0.0863577862026
6 0.0733519618092
9 0.0863996135496
8 0.0754620282903
52 0.0861180626998
82 0.0867884459648
74 0.093959864169
78 0.0866882770622
83 0.0867884459648
39 0.0937684747354
77 0.0870903464542
76 0.0940589518191
75 0.094083756395
38 0.0867040778297
47 0.086175266727
72 0.0941768901867
71 0.0941458251088
70 0.0942017570136
59 0.0868095636595
79 0.0885329373409
58 0.0937438361032
11 0.0888194695337
10 0.0755499188416
13 0.0754460701559
12 0.0863682392422
15 0.0799071850047
14 0.0859883355627
17 0.0798669362547
16 0.0794622427195
19 0.086735696651
18 0.0798401262727
31 0.0863682392422
56 0.094295124686
51 0.094344996496
50 0.0943512341817
53 0.0943824349867
34 0.0816817822104
33 0.10277727166
55 0.0944074104921
63 0.0865778327367
32 0.0798848195812
73 0.0941271958973
57 0.0936822961333
65 0.0866882770622
133 0.0961502773884
164 0.104256459453
131 0.103477805598
130 0.0963645362279
137 0.0962021313873
136 0.0949981638263
135 0.096397083018
90 0.0942141953521
139 0.0943138204348
138 0.0953472584351
93 0.0938424684026
160 0.104233614564
161 0.0957695736527
163 0.103044437649
87 0.0936577027629
119 0.0945324865526
120 0.0958338873816
121 0.0946641735986
122 0.0945575415451
123 0.0960661337596
124 0.102357080548
125 0.103223321302
126 0.0947710464204
127 0.0944949289497
128 0.0944199032022
129 0.0944949289497
132 0.096332011408
134 0.0962151036272
115 0.0946453387053
114 0.10480775683
88 0.0943325235985
116 0.0947207232841
111 0.094551276552
110 0.0945888789686
113 0.094639062073
112 0.0870744046006
86 0.0867198843582
118 0.102681135199
85 0.0868888466268
108 0.0870850318544
109 0.0946265113055
102 0.102962656349
103 0.102910681258
100 0.103014683967
101 0.0940155752684
106 0.102371765925
107 0.0946139638665
104 0.0942888944168
105 0.0939227601026
171 0.104180348737
170 0.104104349066
167 0.102799482567
97 0.0938918624251
99 0.0940775540246
98 0.094102368414
168 0.103171082779
169 0.103074208523
91 0.102401149325
165 0.102806888336
166 0.103582958336
92 0.0870425383958
95 0.0942764363479
94 0.0940031893155
162 0.104218390199
96 0.0940589518191
117 0.0946892984539
89 0.0868042832724
151 0.0948718532774
150 0.102269056686
153 0.0948277239018
152 0.0948403281052
155 0.0956412048119
154 0.0958660766491
157 0.0960208866235
156 0.0957760011409
159 0.104416654496
158 0.104233614564
146 0.0939908066257
147 0.10356040762
144 0.0943512341817
145 0.0950867815164
142 0.0944074104921
143 0.102225101504
140 0.0939969975628
141 0.0942826649708
148 0.102577804557
149 0.102903260528
216 0.11121122327
217 0.111515387747
214 0.120916998559
215 0.112261046019
212 0.112384817845
213 0.111777427508
210 0.112155172666
211 0.111654989203
218 0.112031905872
219 0.112111117684
227 0.121452120596
224 0.111865047974
262 0.111098670066
259 0.112058297369
201 0.102873588307
199 0.121142819779
198 0.102666360935
200 0.103260666932
195 0.111428313969
194 0.103066764192
197 0.120957994321
196 0.12170070075
191 0.111611326216
190 0.103014683967
193 0.102533583633
192 0.111821220577
253 0.111254573712
205 0.112155172666
251 0.11199673654
207 0.120978502628
256 0.111402218345
206 0.111987947657
226 0.111961589283
172 0.102747672043
177 0.102563060011
254 0.110317131803
247 0.112900507674
255 0.110368323047
225 0.112128735523
178 0.104073980236
244 0.112624293031
241 0.112722149842
240 0.112367119449
243 0.12117367895
242 0.112499993457
245 0.113151158975
252 0.111987947657
223 0.112005526803
176 0.102203138079
258 0.11124590092
179 0.104089162436
250 0.11139352252
174 0.122232326938
173 0.0962540413462
257 0.120988759389
203 0.111489251328
249 0.111891360906
175 0.102918103058
248 0.113097354335
182 0.122295176707
183 0.111567697365
180 0.121939880116
181 0.102806888336
186 0.111620056081
187 0.104028460198
184 0.102970085648
188 0.111611326216
189 0.122148627664
202 0.10258517842
221 0.112473393521
185 0.10299237998
229 0.121421119459
228 0.112208084369
222 0.121711080341
220 0.11207589861
204 0.111315321139
238 0.112437946502
239 0.11210231084
234 0.122494628069
235 0.111020881982
236 0.111856279746
237 0.112544354653
230 0.1116637259
231 0.111970374029
232 0.111821220577
233 0.110917333825
209 0.111402218345
208 0.12099901789
263 0.111315321139
261 0.111489251328
260 0.120743076148
246 0.113330878097
264 0.111979160154
322 0.118872337942
289 0.120467872446
334 0.128761383831
281 0.119209958817
280 0.120773731973
283 0.142949255434
282 0.120356111748
284 0.119740092046
287 0.120702225915
286 0.12079417784
336 0.128079556363
265 0.113213995795
269 0.111115971113
268 0.110710815904
298 0.130492174195
299 0.120123099074
296 0.120022070395
297 0.130206424909
295 0.120692017676
292 0.11983058334
293 0.120681811163
291 0.120845322805
319 0.121029803833
316 0.119921211512
315 0.120133211297
276 0.119770240621
278 0.120457703807
279 0.119911134947
312 0.120001885049
308 0.132282389414
309 0.119991794921
300 0.130099591303
301 0.11955951885
302 0.120072563483
303 0.132257869972
304 0.121122255729
305 0.132074263489
306 0.132098714894
307 0.132306917949
290 0.120254690907
339 0.12063080448
338 0.128033592051
335 0.128494725103
337 0.127941762327
331 0.129992932866
330 0.129650442173
333 0.130899139332
332 0.139798434267
272 0.112358272341
288 0.120835090347
313 0.121142819779
311 0.132196611116
310 0.132577333426
273 0.112437946502
317 0.121091422741
271 0.120559467517
314 0.132159883034
274 0.113258921984
275 0.112278711015
285 0.111297957963
318 0.119951451374
323 0.130194545844
320 0.121070876135
321 0.120244558224
327 0.129685788531
324 0.11955951885
325 0.120467872446
328 0.129969254736
329 0.130827137605
294 0.12063080448
270 0.111576420406
267 0.111463127158
326 0.129803749045
266 0.113196035298
344 0.119750139884
346 0.119951451374
347 0.127918825475
340 0.119740092046
341 0.131031348545
342 0.132306917949
343 0.119709958644
348 0.131079490861
349 0.130911147326
277 0.120123099074
345 0.127234523627
407 0.12586544514
406 0.127930292873
405 0.124743218269
404 0.129333189868
403 0.125588525653
402 0.129344912263
401 0.128045080036
400 0.129251192555
409 0.126737337211
408 0.125987676966
379 0.118546470925
378 0.127838611216
371 0.117444030697
370 0.119359519655
373 0.118684499085
372 0.129110867366
375 0.119429443217
374 0.129134233734
377 0.124939801873
376 0.130016619625
393 0.137694173774
392 0.130325334886
397 0.136993608236
396 0.128807872281
395 0.129099187353
394 0.127999140461
399 0.137046232306
414 0.12656872878
415 0.128079556363
416 0.129298035426
417 0.137455443749
410 0.137641051022
411 0.125654875143
412 0.126748593747
413 0.128321411474
418 0.129356636784
419 0.12575453093
368 0.119770240621
369 0.127587162897
366 0.127987660717
367 0.119539488775
364 0.127884435612
365 0.128286804836
362 0.128137058184
363 0.119921211512
360 0.128160073372
361 0.119399465947
380 0.130349142948
381 0.12753015344
382 0.129886449167
383 0.130372959711
384 0.137019915218
385 0.136352227881
386 0.129921924344
387 0.137323173306
388 0.127291269021
389 0.129180991853
357 0.128645309384
356 0.120042262534
355 0.139103462033
354 0.127769936162
353 0.128819499639
352 0.119951451374
351 0.127223180619
350 0.129286321526
359 0.116876528829
358 0.128091052598
421 0.13662636831
420 0.128332951169
423 0.125268821717
422 0.12820612856
425 0.124906994923
424 0.134692063898
426 0.129040818971
391 0.127211839633
390 0.128022106127
398 0.128842760654
449 0.137217540096
448 0.136352227881
443 0.127200500668
442 0.135807234202
441 0.135936599066
440 0.124721413826
447 0.135536367841
446 0.136196069574
445 0.137217540096
444 0.126692331055
438 0.136980458533
439 0.126009926446
436 0.125976555173
437 0.135484896705
434 0.125998800724
435 0.123373598772
432 0.133071840451
433 0.126032183785
430 0.137033072498
431 0.136914747865
499 0.147912771248
494 0.143193098234
495 0.132429697197
497 0.132306917949
490 0.144278881508
491 0.145292447261
492 0.144205983933
493 0.144045868275
518 0.149227482694
511 0.14401679453
510 0.146320354455
513 0.144235134122
512 0.142620669298
515 0.146290355407
514 0.144249713636
517 0.142520964446
516 0.145248083155
458 0.130396785179
459 0.134160234747
450 0.127598570905
451 0.126782375355
452 0.127564352999
453 0.133707712639
454 0.127030658447
455 0.136757299185
456 0.136914747865
457 0.136365257238
498 0.135343552447
496 0.148189243717
508 0.148683310794
509 0.145011931409
506 0.14900933664
507 0.156133743654
504 0.137006760465
505 0.143567647585
502 0.143135648646
503 0.144293469868
500 0.132824126675
501 0.13596250162
469 0.135523496391
468 0.133420196054
465 0.136170077958
464 0.132675940591
467 0.136274103991
466 0.132848856544
461 0.133084250396
460 0.126322246348
463 0.136079185372
462 0.136196069574
429 0.126333429267
428 0.125798873149
427 0.129122549493
489 0.145322038391
488 0.144162280735
487 0.147805532574
486 0.147744323118
485 0.14762205617
484 0.136391323425
483 0.13320847727
482 0.135549241736
481 0.13662636831
480 0.147866792767
472 0.134934040942
473 0.136757299185
470 0.133109077231
471 0.135665216941
476 0.133295574164
477 0.132947868176
474 0.134286479439
475 0.136261092046
478 0.156304755422
479 0.136443485706
524 0.147974120386
525 0.14762205617
526 0.148791827442
527 0.132651275051
520 0.143279359136
521 0.155301166286
522 0.148281631026
523 0.143279359136
528 0.145277656215
529 0.148900502608
559 0.141968008058
558 0.142321972374
555 0.143049560645
554 0.143495466767
557 0.132135408981
556 0.141714242006
551 0.138563201961
550 0.14189742637
553 0.141686101767
552 0.147958778331
586 0.14184101153
587 0.141714242006
584 0.147958778331
585 0.142279403489
582 0.148978224971
583 0.141307299435
580 0.143264975103
581 0.150043362107
588 0.148916040593
589 0.141982132822
519 0.142010390785
542 0.146305353393
543 0.143221840325
540 0.147928103763
541 0.144133159984
546 0.148420428185
547 0.142834793014
544 0.142649182027
545 0.139757361375
548 0.147882115751
549 0.143336924166
579 0.149618622038
578 0.141405312822
573 0.141953886104
572 0.141953886104
571 0.13826784391
570 0.147667882554
577 0.14257792157
576 0.142691972503
575 0.141911537092
574 0.147759620729
537 0.142478276458
536 0.136560996842
535 0.132159883034
534 0.148544021755
533 0.143668822813
532 0.132491172314
531 0.132577333426
530 0.142606417208
539 0.14406040955
538 0.150836319311
568 0.139620625868
569 0.154110412203
560 0.142222684572
561 0.14336572403
562 0.143380128303
563 0.141911537092
564 0.14189742637
565 0.142137690936
566 0.143264975103
567 0.153794850415
591 0.14189742637
590 0.148947126291
593 0.141996260398
592 0.146862449007
594 0.13760123585
597 0.137614505014
596 0.137217540096
599 0.13709889682
598 0.142222684572
641 0.154963885004
640 0.148297040112
643 0.156099586195
642 0.155284267356
645 0.162702361988
644 0.156014257899
647 0.150995917575
649 0.155605977211
618 0.143842598226
619 0.156751144222
612 0.136888481247
613 0.136875351717
610 0.146847336592
611 0.154093771407
616 0.153910959556
617 0.154010621304
614 0.155453422331
615 0.14148943258
622 0.155098621563
629 0.155182950957
628 0.159110538187
623 0.155149208197
621 0.153861177035
620 0.153927560889
627 0.155098621563
626 0.153712022512
625 0.154628065554
624 0.155014383771
595 0.143770140741
656 0.157338744983
654 0.150518132792
657 0.157547186686
655 0.148621372318
652 0.159966642417
653 0.157512408057
650 0.155453422331
651 0.145485005301
658 0.147439034714
659 0.159966642417
669 0.156287637389
668 0.156441834795
667 0.155656895397
666 0.15541956186
665 0.148420428185
664 0.151460668329
663 0.155963105683
662 0.145812038112
661 0.153513599075
660 0.155436490251
630 0.146847336592
631 0.154611312784
632 0.156373265067
633 0.147851472959
634 0.143755658003
636 0.145574050495
637 0.146771821146
639 0.147652603932
646 0.154594563644
648 0.15414370458
605 0.158386505771
604 0.159039609606
607 0.154060500594
606 0.142166010859
601 0.137376050924
600 0.145470175025
603 0.143842598226
602 0.146500607432
609 0.14184101153
608 0.144191413256
635 0.146922929785
638 0.143639901057
719 0.148420428185
718 0.144264296098
717 0.144468760579
716 0.143495466767
715 0.143293746059
714 0.14441028304
713 0.149056028515
712 0.141953886104
711 0.157130854107
710 0.150772574432
744 0.141363290441
740 0.150438795804
741 0.14401679453
742 0.149196279874
743 0.144118604019
745 0.140819263568
689 0.147484747519
688 0.159394886295
685 0.147165351861
684 0.155216708397
687 0.158703560609
686 0.150629345261
681 0.147028891098
680 0.149336795416
683 0.14526286818
682 0.158668269624
708 0.141968008058
709 0.157390803684
704 0.149901514391
705 0.154947059392
706 0.154779004013
707 0.141982132822
700 0.149211879653
701 0.157148157361
702 0.149775652498
703 0.144717819389
692 0.145011931409
693 0.149321169509
690 0.148916040593
691 0.149712800776
696 0.148497650052
697 0.149791373675
694 0.146983460397
695 0.14722608243
698 0.149744220042
699 0.154678345653
731 0.141517494744
730 0.140555738895
733 0.141279320562
732 0.150391233744
735 0.143915128782
734 0.141756473329
736 0.141545568042
678 0.155351885151
679 0.145797141091
674 0.145633474538
675 0.157061679177
676 0.147439034714
677 0.156647905269
670 0.148574952316
671 0.149305546872
672 0.148745300917
673 0.147286863144
737 0.143857098488
739 0.141587698879
738 0.143322528573
726 0.14950889649
727 0.140680443316
724 0.141419325835
725 0.141714242006
722 0.150232910517
723 0.14381360647
720 0.144615161836
721 0.148947126291
728 0.141014072826
729 0.141447360194
818 0.147454269167
819 0.159483953621
810 0.147851472959
811 0.148466751664
812 0.156014257899
813 0.155809850093
814 0.159199287929
815 0.149024897347
816 0.147180529806
817 0.149336795416
749 0.143121293451
746 0.148947126291
747 0.14401679453
748 0.143092591697
758 0.143683288059
821 0.155707846917
820 0.149368057044
822 0.148466751664
797 0.157027114547
796 0.147820842863
795 0.148466751664
794 0.147560998552
793 0.156476142215
792 0.155622946238
791 0.147774921508
790 0.15907506599
799 0.158809527821
798 0.158351355637
753 0.140847060501
752 0.14157365248
809 0.158615362565
759 0.14126533528
775 0.150027587994
774 0.149289927503
777 0.158421671514
776 0.156647905269
771 0.143466614758
770 0.144133159984
773 0.144220557554
772 0.144118604019
779 0.143509897124
778 0.158298659678
805 0.140916600869
784 0.156544802216
785 0.158456852876
786 0.158492049867
787 0.158333786419
780 0.158509654226
781 0.156321877204
782 0.15858011079
783 0.158492049867
788 0.148297040112
808 0.149305546872
803 0.158140782026
802 0.147683164338
801 0.148574952316
800 0.148435866133
807 0.148667821335
806 0.158421671514
804 0.155963105683
768 0.143020887653
769 0.157009837936
762 0.150407084422
763 0.141097727605
760 0.150106491743
761 0.142949255434
766 0.141041946728
767 0.150438795804
764 0.149980285549
765 0.144220557554
751 0.141167515778
750 0.143857098488
757 0.140362193076
756 0.148559485426
755 0.141069831653
754 0.150597553503
854 0.159057335822
855 0.147958778331
856 0.1507885056
857 0.149744220042
850 0.159448314748
851 0.144820622793
852 0.147378128369
853 0.147989465623
858 0.158915636637
859 0.146953188858
829 0.148066239572
828 0.147545742039
825 0.147989465623
824 0.146095661036
827 0.148189243717
826 0.148081603922
823 0.148189243717
869 0.136888481247
868 0.144703145102
861 0.145529514277
860 0.15985912591
863 0.159644525898
862 0.143625444545
865 0.143741178183
864 0.150280372472
867 0.143915128782
866 0.143279359136
883 0.136079185372
882 0.144776546312
881 0.142620669298
880 0.138281241957
887 0.143741178183
886 0.144541924136
885 0.144176845524
889 0.145396068976
888 0.145292447261
832 0.147347694063
833 0.150549891022
830 0.147912771248
831 0.1554703581
836 0.15854487468
837 0.155318068894
834 0.147484747519
835 0.147836156324
838 0.14721089509
839 0.146756727375
789 0.149133913366
884 0.143351322652
878 0.143121293451
879 0.144483387364
876 0.138590115276
877 0.13903569924
874 0.137336388894
875 0.137033072498
872 0.137177969528
873 0.145485005301
870 0.14526286818
871 0.137230735359
890 0.146575843981
891 0.15075664663
892 0.150248727837
893 0.151219923387
894 0.144118604019
895 0.144894143263
896 0.135897763737
847 0.148978224971
846 0.158897941988
845 0.144644477701
844 0.146440473781
843 0.147820842863
842 0.148714299395
841 0.147667882554
840 0.147499991421
849 0.147652603932
848 0.147499991421
902 0.134653936309
903 0.145336838476
900 0.143958682235
901 0.144235134122
906 0.145085646299
907 0.144249713636
904 0.143828100887
905 0.139743675773
908 0.143582092464
909 0.143726701279
948 0.13305943282
949 0.133507570119
946 0.133345394973
947 0.132614293932
944 0.133507570119
945 0.143466614758
942 0.143683288059
943 0.138643973283
940 0.13340772338
941 0.139076348991
939 0.142378770528
938 0.143871601673
933 0.134160234747
932 0.143279359136
931 0.134185464692
930 0.144366455943
937 0.150422938442
936 0.150217096526
935 0.13838851988
934 0.144967738419
928 0.144351852822
929 0.145129911217
920 0.149650001783
921 0.152057796164
922 0.150740722193
923 0.144337252655
924 0.138711354685
925 0.139266362545
926 0.144351852822
927 0.144308061179
964 0.124961682749
965 0.139008612605
966 0.138442221284
967 0.138401941325
960 0.138617039048
961 0.132368279102
962 0.13838851988
963 0.128045080036
897 0.144249713636
898 0.143958682235
899 0.144293469868
919 0.134362340363
918 0.144967738419
915 0.134273844279
914 0.143944161489
917 0.151155853935
916 0.143582092464
911 0.14401679453
910 0.13994924164
913 0.135472035029
912 0.143958682235
959 0.133971312148
958 0.129556279346
951 0.138940942167
950 0.133445148401
953 0.134147623331
952 0.151027877765
955 0.134273844279
954 0.138643973283
957 0.144967738419
956 0.139347955961
1018 0.11983058334
1019 0.119790348107
1014 0.128298338308
1015 0.128022106127
1016 0.129427028569
1017 0.127644223345
1010 0.129462253198
1011 0.120295238725
1012 0.123405605067
1013 0.127872976434
1009 0.139812130597
1008 0.120386571368
1007 0.139784740621
1006 0.130206424909
1005 0.130170794217
1004 0.129169299149
1003 0.129615115077
1002 0.13201317456
1001 0.129450509525
1000 0.128379130712
977 0.129298035426
976 0.131952142117
975 0.129450509525
974 0.132688276801
973 0.133220912715
972 0.132712956105
971 0.129286321526
970 0.128982503344
979 0.127143836155
978 0.129298035426
1042 0.126906395465
1041 0.126906395465
1040 0.119439438985
995 0.129356636784
994 0.1327252992
997 0.131988754809
996 0.127257215712
991 0.129380092203
990 0.139008612605
993 0.129286321526
992 0.138940942167
999 0.128668507529
998 0.12771276329
1039 0.119021052293
1032 0.127804264463
1030 0.122959022661
1031 0.123160647018
1036 0.122874325555
1037 0.126895110884
1034 0.127827160247
1035 0.127291269021
968 0.127872976434
969 0.132799406011
1033 0.127838611216
988 0.12914592009
989 0.134235953062
982 0.123458985812
983 0.129356636784
980 0.138617039048
981 0.128959191849
986 0.129169299149
987 0.12940355613
984 0.127404911793
985 0.124917928659
1038 0.129005823269
1025 0.130004775166
1024 0.128819499639
1027 0.122853169507
1026 0.127348065054
1021 0.128935888778
1020 0.129969254736
1023 0.122842594215
1022 0.12914592009
1029 0.129910097132
1028 0.129391823103
1069 0.122906073292
1068 0.129040818971
1061 0.122927247566
1060 0.123384265692
1063 0.130935169924
1062 0.118921868083
1065 0.127667061818
1064 0.133908456132
1067 0.122557747939
1066 0.122694731063
1087 0.113737340958
1086 0.123086287476
1085 0.122832020744
1084 0.122442077821
1083 0.12309690477
1082 0.122484114411
1081 0.128645309384
1080 0.123150018726
1120 0.12135916464
1089 0.125688076184
1088 0.133507570119
1050 0.130182668947
1051 0.127724193771
1052 0.130004775166
1053 0.129099187353
1054 0.122726386051
1055 0.130170794217
1056 0.122715832574
1057 0.133345394973
1058 0.119180091615
1059 0.126962848487
1043 0.118971439516
1047 0.122779180676
1046 0.127701334854
1045 0.133595058697
1044 0.119941369726
1049 0.127895896845
1048 0.123022622155
1106 0.12137980922
1107 0.121338527081
1104 0.124449500043
1105 0.113664867941
1102 0.115785997322
1103 0.115823587128
1100 0.12629988645
1101 0.113384905212
1108 0.115187861571
1109 0.113205014834
1099 0.126099003004
1078 0.122715832574
1079 0.123181909106
1076 0.134223327408
1077 0.120102879734
1074 0.134122407613
1075 0.127976183033
1072 0.123054446581
1073 0.129029151627
1070 0.123426951825
1071 0.119030979815
1094 0.133295574164
1095 0.125345842512
1096 0.123086287476
1097 0.123405605067
1090 0.125765613554
1091 0.125456036659
1092 0.122726386051
1093 0.115795392486
1098 0.13785378835
1111 0.114238105748
1110 0.113719214041
1113 0.113646764116
1112 0.115532902931
1115 0.113312880499
1114 0.113466042538
1117 0.113330878097
1116 0.113258921984
1119 0.1213075839
1118 0.113249933894
1121 0.113034646891
1122 0.121204553847
1123 0.113267911501
1124 0.115402103914
1125 0.113106318221
1126 0.115262290364
1127 0.11324094723
1190 0.10598309818
1193 0.104562017658
1192 0.11474329959
1195 0.113366890451
1194 0.116580542194
1197 0.115011477837
1196 0.114687970505
1177 0.114937372503
1176 0.10592016752
1175 0.114697188314
1174 0.114586672314
1173 0.106046103663
1172 0.114687970505
1171 0.113178080498
1170 0.116752222613
1179 0.114937372503
1178 0.11508567879
1191 0.113384905212
1139 0.106109184103
1138 0.107459519352
1133 0.113151158975
1132 0.115767211568
1131 0.105077860025
1130 0.115308857224
1137 0.113420951915
1136 0.115757820977
1135 0.124178769318
1134 0.115336815404
1128 0.113061512993
1129 0.115383442513
1151 0.112980952973
1142 0.115364787146
1143 0.115057842215
1140 0.12424363721
1141 0.115280912594
1146 0.113682977535
1147 0.113267911501
1144 0.106243479526
1145 0.114265547041
1148 0.105959490422
1149 0.113249933894
1188 0.114669539333
1182 0.105912306442
1201 0.106069750037
1169 0.113258921984
1159 0.114946630447
1158 0.114715628376
1199 0.114632694754
1198 0.115076398436
1155 0.106148647501
1154 0.114835633459
1157 0.114955889882
1156 0.112891576378
1150 0.114605076855
1153 0.121648829341
1152 0.105998842531
1189 0.106014591561
1186 0.105450559152
1187 0.113366890451
1184 0.106046103663
1185 0.114697188314
1183 0.114531494141
1180 0.114595873846
1181 0.115318175111
1164 0.11492811605
1165 0.115048566349
1166 0.114724850631
1167 0.106053984616
1160 0.114522302945
1161 0.115039291979
1162 0.116647246771
1163 0.105935893178
1205 0.114651114084
1204 0.105427188017
1207 0.105810218507
1206 0.105489534077
1168 0.114697188314
1200 0.114678754179
1203 0.106768099431
1202 0.105975227759
1269 0.10741099029
1261 0.0992462909103
1260 0.107548603286
1258 0.107654074909
1234 0.107784170468
1235 0.108637516519
1236 0.105731823146
1237 0.105372695636
1230 0.105380476813
1231 0.106322635747
1232 0.10580237374
1233 0.1057710063
1238 0.105481736788
1239 0.105708327185
1241 0.105818064437
1240 0.0997039346747
1243 0.107435249341
1242 0.106441591482
1245 0.107072510279
1244 0.107784170468
1247 0.107564816236
1246 0.0997596936035
1249 0.107710953053
1248 0.107540498643
1279 0.0985268169704
1270 0.098268999931
1271 0.107394823675
1272 0.0985064138192
1273 0.0982757673024
1274 0.0992324884917
1275 0.10721731157
1285 0.09865623346
1284 0.0979587051756
1287 0.0977841864464
1286 0.0983773898386
1281 0.0985880771674
1280 0.0985948885587
1283 0.0979452585449
1278 0.0985812667172
1276 0.10721731157
1277 0.0982893048418
1227 0.116571019196
1226 0.105583191551
1225 0.105333806982
1224 0.105645722313
1223 0.1055988173
1222 0.105583191551
1221 0.114338788318
1220 0.105333806982
1229 0.0983570485215
1228 0.106093406958
1288 0.0980798912027
1268 0.098560841011
1263 0.107257603683
1262 0.118124527522
1267 0.10745142813
1266 0.0987928291449
1265 0.107257603683
1264 0.107225367571
1209 0.114494738206
1212 0.114522302945
1213 0.114586672314
1210 0.114614281343
1211 0.114513113224
1216 0.105637901917
1217 0.116637712873
1214 0.10580237374
1215 0.114467186733
1218 0.114568273683
1219 0.106251389844
1256 0.107743481842
1257 0.107572924544
1254 0.107670319677
1255 0.10830771228
1252 0.107743481842
1253 0.107597256805
1250 0.108497104615
1251 0.107540498643
1259 0.107516192044
1282 0.0985948885587
1208 0.106267214014
1339 0.0990465308855
1338 0.0988681181238
1335 0.0910174384207
1334 0.0995856536636
1337 0.0915664046839
1336 0.0910232438448
1331 0.0915252961133
1330 0.0910697139118
1333 0.0910290500095
1332 0.0910464729487
1352 0.0844615540364
1317 0.0984724273391
1316 0.091273579597
1315 0.0913787806236
1314 0.0987654797563
1351 0.0913378403097
1312 0.0986425946636
1289 0.0914139015437
1304 0.091402191571
1306 0.0920269824594
1307 0.0987449776501
1300 0.097904940793
1301 0.098282535606
1302 0.0906243993776
1303 0.0982622334916
1308 0.0983434923161
1309 0.0981068621613
1346 0.0996551967178
1347 0.0996273678441
1311 0.0906301547694
1348 0.0914490494712
1340 0.0910000265909
1341 0.0912152391818
1342 0.0915840339493
1343 0.0917076291369
1344 0.0913670796465
1345 0.0913846322361
1310 0.0989846997988
1313 0.0920032504029
1319 0.0987518107396
1318 0.098758644775
1305 0.0980529350693
1359 0.0848179742644
1358 0.0848230157512
1353 0.0914139015437
1357 0.084787737924
1356 0.0847776639339
1355 0.084441563136
1292 0.0986221435383
1293 0.0984792227589
1322 0.0915840339493
1323 0.099322272898
1320 0.0915429095515
1326 0.0915722803516
1327 0.0916722821994
1324 0.0987449776501
1325 0.0996273678441
1328 0.0914666335725
1329 0.099620413054
1321 0.099592603601
1349 0.099620413054
1298 0.0985064138192
1299 0.0979116581131
1290 0.0983434923161
1291 0.0985744572079
1296 0.097904940793
1297 0.0984588393127
1294 0.0982757673024
1295 0.0986017008912
1350 0.0913378403097
1354 0.0843866369226
1364 0.0844066018217
1362 0.0843916272619
1363 0.0848179742644
1360 0.0846017558097
1361 0.0848129333768
1398 0.0786260284848
1391 0.0843118525936
1390 0.0843018913633
1409 0.0846820802871
1408 0.0784488162827
1403 0.0848785116873
1402 0.0848936595478
1401 0.0683524483666
1400 0.084267045586
1407 0.0848684161165
1406 0.0784617559379
1448 0.0639967001659
1440 0.0639995702305
1450 0.0640225400179
1451 0.0601172136237
1371 0.0843467354453
1370 0.0842869539306
1373 0.0786520291556
1372 0.0847021852445
1375 0.084677055539
1374 0.0843716694454
1377 0.0782209173974
1376 0.0839547250852
1379 0.0846569625081
1378 0.0842819759626
1436 0.0683328106205
1437 0.0639594127375
1434 0.0683164544496
1435 0.0683229959783
1432 0.0683295387598
1433 0.068362271473
1430 0.068339355282
1431 0.0732578242812
1438 0.0640167960254
1439 0.0640282850412
1388 0.0787431670804
1389 0.0846619848718
1384 0.0843168340915
1385 0.0840982036065
1386 0.0842969116309
1387 0.0785654270534
1380 0.0843018913633
1381 0.084108116756
1382 0.0846268408349
1383 0.0842969116309
1421 0.0683557224217
1420 0.0731451777037
1423 0.0731526766967
1422 0.0732465440127
1425 0.0683262672124
1424 0.0683459011973
1427 0.0683262672124
1426 0.0731977029646
1429 0.0683360827946
1428 0.0683328106205
1447 0.064008181969
1444 0.0640225400179
1443 0.0601425496038
1442 0.0639995702305
1418 0.0731114512526
1419 0.0683426280829
1449 0.0639995702305
1410 0.0731901947379
1411 0.0731226899466
1412 0.0730104582523
1413 0.0683164544496
1414 0.0683164544496
1415 0.0731189433314
1416 0.0683360827946
1417 0.073148927008
1399 0.0787301344477
1397 0.0787388223901
1396 0.0842720217904
1395 0.0787431670804
1394 0.0787344781792
1393 0.0786130345948
1392 0.0785351613559
1405 0.0849644211121
1404 0.0731939486587
1446 0.0640225400179
1445 0.0639967001659
1441 0.0640024405525
1366 0.0843417504136
1367 0.0844016097113
1365 0.0846871056316
1368 0.0843168340915
1369 0.0843367659712
1490 0.00358565737052
1491 0.00439060086186
1492 0.00364643122426
1493 0.00448207171315
1494 0.00364643122426
1495 0.00488953277798
1496 0.00364643122426
1497 0.00478087649402
1498 0.00448207171315
1499 0.00478087649402
1454 0.064005311132
1453 0.0639021322317
1457 0.063945082986
1472 0.00243951729315
1473 0.0036199288866
1470 0.0566451957686
1471 0.0035068061089
1476 0.00243951729315
1477 0.0043160690571
1474 0.00400777841017
1475 0.00311716098569
1478 0.0043160690571
1479 0.00398406374502
1483 0.00298804780876
1482 0.00298804780876
1481 0.00243951729315
1480 0.00374059318282
1487 0.00398406374502
1486 0.00398406374502
1485 0.00364643122426
1484 0.00364643122426
1489 0.00298804780876
1488 0.00298804780876
1502 0.00325968851865
1503 0.00325968851865
1500 0.00478087649402
1501 0.00391162622238
1506 0.00268924302789
1504 0.00325968851865
1505 0.00268924302789
1469 0.0043160690571
1468 0.0566451957686
1465 0.0600388075644
1464 0.0035068061089
1467 0.0036199288866
1466 0.056640699226
1461 0.0600564942765
1460 0.0566451957686
1463 0.0639164427374
1462 0.00280544488712
1455 0.0600388075644
1456 0.0638878281326
1452 0.0639680136716
1458 0.063907855665
1459 0.0639164427374
