1 0.000710491367862
0 0.00199590526782
2 0.00061365648517
30 0.003510481882
54 0.00390023240372
37 0.0032249573136
48 0.00340036678682
45 0.00330629861506
43 0.00321776386517
60 0.00401366755201
61 0.00422670429394
62 0.00612798804781
36 0.00319729020426
64 0.00414314962373
35 0.005305523936
66 0.00542911686587
67 0.00403248118637
68 0.00613830392715
69 0.00860897679125
80 0.00529963479416
81 0.00458582337317
84 0.00477174634794
24 0.00393766205021
25 0.00227810978309
26 0.00321112375893
27 0.00243027888446
20 0.00540346550307
21 0.00459171251502
22 0.00164065958389
49 0.00376189685702
46 0.0039968696642
23 0.00199147853032
44 0.00334558591033
42 0.00341032694618
28 0.0036067634225
29 0.00372351862392
40 0.00353150888509
41 0.0036067634225
3 0.00135402833112
5 0.000472000885347
4 0.000192009738822
7 0.00280046480744
6 0.000147742363878
9 0.00284583886676
8 0.000795152722444
52 0.00311816227155
82 0.0051972664896
74 0.00558883513565
78 0.00550990482514
83 0.0053356020363
39 0.00577218902169
77 0.00548777113767
76 0.00582677227598
75 0.00621411180674
38 0.00391940175805
47 0.00338653323215
72 0.00599166824764
71 0.00433330171378
70 0.00667283247961
59 0.00418797034086
79 0.00541915670651
58 0.00518785967242
11 0.00590479352432
10 0.00101648959717
13 0.000789619300575
12 0.00281208499336
15 0.00201693227092
14 0.00263778220452
17 0.00190405046481
16 0.00123118636565
19 0.00350439511794
18 0.00182547587428
31 0.0037954531082
56 0.00611526117751
51 0.00614790836653
50 0.00639912571934
53 0.00626134351483
34 0.00291508568899
33 0.00745324258521
55 0.00620047587428
63 0.00394394643648
32 0.00212040725985
73 0.00587546638841
57 0.00355771359008
65 0.0038886122178
133 0.00681902021543
164 0.00858847678071
131 0.00778642045574
130 0.00698502287148
137 0.00651136195957
136 0.00727623895951
135 0.00712335841818
90 0.00604146904446
139 0.00539698349459
138 0.00691601319589
93 0.00575594447606
160 0.00831757625582
161 0.00701500874808
163 0.0079789308375
87 0.00523766046923
119 0.0058075633972
120 0.00726722738675
121 0.00637252576994
122 0.00650532789477
123 0.00763519994098
124 0.00713005122368
125 0.00841541242438
126 0.00591325175489
127 0.00579704989566
128 0.0058285904003
129 0.00631553152469
132 0.00699055629335
134 0.00739172937878
115 0.00614786884209
114 0.00965655894939
88 0.00557942831847
116 0.00687883387087
111 0.00670674445077
110 0.00669567760703
113 0.00577997533675
112 0.00532212420161
86 0.00465941788402
118 0.00738569531398
85 0.00474739929172
108 0.00545492632644
109 0.00662097641181
102 0.00721028584076
103 0.0078549294884
100 0.00768734585468
101 0.00579246506039
106 0.0077497944729
107 0.00672611142731
104 0.00566567065073
105 0.00574100423702
171 0.00830073884357
170 0.00763174813972
167 0.00712654672316
97 0.00527509011573
99 0.00599166824764
98 0.00599609498514
168 0.0080268344611
169 0.00747791901178
91 0.00778639410612
165 0.00737831741816
166 0.0076616286178
92 0.00484755422753
95 0.00649955732625
94 0.00585333270094
162 0.00882997112081
96 0.00586716625561
117 0.0054932650351
89 0.00480218016822
151 0.0065830592972
150 0.00702296633572
153 0.00628259448977
152 0.00630694154599
155 0.00715429288138
154 0.00591670355615
157 0.00697279664411
156 0.00738464132886
159 0.00922616412656
158 0.00842658466662
146 0.0055734206033
147 0.00754310799132
144 0.00588495225447
145 0.00663420392504
142 0.00562385379118
143 0.00664582411096
140 0.00548275153355
141 0.00515627964333
148 0.00757630852252
149 0.0076067423428
216 0.0116796570332
217 0.00981987394338
214 0.0124396330024
215 0.00996283384979
212 0.00859675056388
213 0.00965572893611
210 0.0100746880204
211 0.00885792807606
218 0.00839636164337
219 0.0101266626615
227 0.013648013765
224 0.0113626710091
262 0.00951968820246
259 0.0098450534083
201 0.00704745831489
199 0.0139436170661
198 0.0076257009001
200 0.00715037996163
195 0.00841304095786
194 0.00712049948355
197 0.0129520278674
196 0.015267211577
191 0.00789621935538
190 0.00711164600856
193 0.00669110594658
192 0.008801487173
253 0.0105781264073
205 0.00964470161681
251 0.0103855633263
207 0.012482793693
256 0.0087792349122
206 0.00859730390607
226 0.00914036973798
172 0.00725840026139
177 0.00698726258985
254 0.0102887284436
247 0.0107469748232
255 0.00840296222517
225 0.0117480343178
178 0.00721290762874
244 0.0101198009789
241 0.00989648788205
240 0.0113495644646
243 0.0124983028444
242 0.0117252838094
245 0.0102542631303
252 0.0105200254777
223 0.00924961529543
176 0.00750076413921
258 0.0104288294154
179 0.007160340121
250 0.0114640272484
174 0.0107800807353
173 0.00654458884041
257 0.0137096742899
203 0.00833363635405
249 0.0107120352165
175 0.007316501191
248 0.0101299982849
182 0.011008215814
183 0.00830403254706
180 0.0101400219229
181 0.0069180948165
186 0.0083947806657
187 0.00699931754464
184 0.0066435975674
188 0.00832976295875
189 0.0150619611501
202 0.00721954773499
221 0.00895855730517
185 0.00724444813339
229 0.0132058933578
228 0.00926510887666
222 0.0119392535677
220 0.00990034570712
204 0.00787325565463
238 0.0094509132781
239 0.0096733568372
234 0.015434731732
235 0.00873374227956
236 0.00835636290816
237 0.011205695496
230 0.00891128607264
231 0.00979196968739
232 0.00997781361327
233 0.008549716478
209 0.00911625982841
208 0.0124202660258
263 0.00994022826443
261 0.0100746904158
260 0.0130085897392
246 0.0100423330727
264 0.00886946921309
322 0.0130174266305
289 0.0106482295925
334 0.0134907054728
281 0.0110267156482
280 0.011497056507
283 0.0202255781514
282 0.0101585217571
284 0.0127104568738
287 0.009912284484
286 0.0117089075157
336 0.0120713432392
265 0.00921014594819
269 0.0102389911254
268 0.00856236429942
298 0.015079219143
299 0.00879334753339
296 0.00874354673657
297 0.014178931405
295 0.00968699516508
292 0.0108766808667
293 0.0107184250013
291 0.0114101027348
319 0.0131542075491
316 0.0143417589309
315 0.0144899755881
276 0.0121942676624
278 0.0108695664672
279 0.011834595241
312 0.0146089441582
308 0.0144282515846
309 0.0142160712056
300 0.0156157502671
301 0.0135481871861
302 0.00850798106276
303 0.0141883382222
304 0.0146034107364
305 0.0137517512368
306 0.0139807953777
307 0.0136869311521
290 0.0098917317742
339 0.00912817225566
338 0.0119488174692
335 0.014668454793
337 0.0123612945451
331 0.0137808148764
330 0.0126829839778
333 0.0155853823209
332 0.0151443685981
272 0.00944808308852
288 0.0116867738282
313 0.0139935485976
311 0.0135165808074
310 0.0136198054749
273 0.00935184107246
317 0.0136407534291
271 0.0108845462307
314 0.0144655626578
274 0.00932279060765
275 0.00918820988293
285 0.00864074366315
318 0.0138868326045
323 0.0141081036051
320 0.014253224181
321 0.00983158874842
327 0.0132866803036
324 0.0140189759886
325 0.0128077099417
328 0.0135926785329
329 0.0149632676052
294 0.0109176281885
270 0.00834675846877
267 0.00907697253315
326 0.0152020742832
266 0.00955657768158
344 0.0106015572151
346 0.0125756092439
347 0.0126185723123
340 0.00875880317115
341 0.0131467506044
342 0.0127503731513
343 0.0105849569495
348 0.0128735576619
349 0.0129827768697
277 0.00706449334935
345 0.0129433051271
407 0.0111254802266
406 0.0116975965233
405 0.0116325788163
404 0.012428917272
403 0.0117485435289
402 0.0121079788037
401 0.0112959491446
400 0.0119336364904
409 0.0129094554368
408 0.0118879067111
379 0.0107908830693
378 0.0126029924959
371 0.011360377578
370 0.0120513175219
373 0.0119662872726
372 0.01215759156
375 0.011867528867
374 0.0122378261771
377 0.0113196410532
376 0.0129494242293
393 0.0142253426815
392 0.0125387916274
397 0.0131759292242
396 0.0121437448305
395 0.0123946064633
394 0.011142432619
399 0.0133612198079
414 0.0118308597666
415 0.0112462932707
416 0.0118401504059
417 0.0129925250344
410 0.0145865829058
411 0.0110431376393
412 0.0117526013716
413 0.0114858113887
418 0.0104703913469
419 0.00982851441019
368 0.0123626910753
369 0.0125840279501
366 0.0128199421576
367 0.0120110025912
364 0.0124733595127
365 0.0130720362344
362 0.012638848351
363 0.0124045869838
360 0.013067886168
361 0.0118541037316
380 0.0128846173194
381 0.0128467265544
382 0.012286836485
383 0.0124761262236
384 0.0133159212044
385 0.0124532607351
386 0.0117696591626
387 0.0134161156646
388 0.0118750181499
389 0.0123109140564
357 0.0125479421346
356 0.0125028842708
355 0.0150178173236
354 0.0117165191493
353 0.012857616137
352 0.0124301592977
351 0.0126720488822
350 0.0133531340653
359 0.0108341491584
358 0.0125181011809
421 0.0116010670567
420 0.00998309450252
423 0.00964393526645
422 0.0100057815322
425 0.0102309786274
424 0.0112729219652
426 0.0102791193976
391 0.0120994774556
390 0.0118786148741
398 0.0121622458624
449 0.0126632249815
448 0.0110073484874
443 0.010601287546
442 0.0112591191824
441 0.0119420356646
440 0.00751289593172
447 0.011981599631
446 0.0102079035396
445 0.0121812639367
444 0.00913552638154
438 0.0103379389535
439 0.00806808259248
436 0.00789594765939
437 0.0113725543307
434 0.00798646461993
435 0.00740130525738
432 0.0102224748838
433 0.0090587076344
430 0.0134013834587
431 0.0104936125554
499 0.0126220519373
494 0.0133461972033
495 0.0128957766632
497 0.0121428623944
490 0.0128166607076
491 0.0122467062781
492 0.0123994287216
493 0.0120451052747
518 0.0136189777649
511 0.0156220764811
510 0.0139591909861
513 0.0143770565608
512 0.0135636435462
515 0.0136693319039
514 0.014244254436
517 0.0135973974196
516 0.0143051220765
458 0.0111055667256
459 0.0108907154525
450 0.011023948753
451 0.00930835359122
452 0.0107511510549
453 0.0108035341153
454 0.0108265900397
455 0.0113126089272
456 0.0120019810682
457 0.0120590675372
498 0.0121167630879
496 0.0131425672785
508 0.0136922033809
509 0.0125644920042
506 0.0132426272267
507 0.0170846257549
504 0.0121500510519
505 0.016030918506
502 0.0125819346287
503 0.0158045093279
500 0.0122247522472
501 0.0125767748925
469 0.0113320058464
468 0.0104953285058
465 0.011203353788
464 0.0107938805698
467 0.0119640148475
466 0.0103662153289
461 0.0109081217771
460 0.0107537333185
463 0.0108132176036
462 0.0116483031871
429 0.00877825536939
428 0.00809482746485
427 0.00903279277532
489 0.012207972325
488 0.0125552065243
487 0.0128678328828
486 0.0129918737563
485 0.0125390673772
484 0.0102524112858
483 0.0100786618391
482 0.0100334722272
481 0.0109333910703
480 0.0133009273448
472 0.00951268500571
473 0.0111602613669
470 0.0110533741012
471 0.0104187828366
476 0.0102970475555
477 0.0100332877798
474 0.0104857372412
475 0.0102677204196
478 0.0151572981578
479 0.0101743900374
524 0.0107174589097
525 0.0106368553978
526 0.0128012673655
527 0.0107449248037
520 0.0109529982339
521 0.014609589632
522 0.0103374972747
523 0.0112200780627
528 0.00986162299409
529 0.012898471143
559 0.0125163460746
558 0.0126991334437
555 0.0119244543821
554 0.0128666476102
557 0.0111903325574
556 0.0113639035452
551 0.011572697997
550 0.0112855074135
553 0.0116865172418
552 0.0117138002546
586 0.0114620372987
587 0.0111986464178
584 0.0118508524086
585 0.0123252511101
582 0.011860812568
583 0.011625826586
580 0.0119345915262
581 0.0119299803413
588 0.012361368066
589 0.0116752237544
519 0.0106973002466
542 0.0112118015156
543 0.0115117800526
540 0.012294759247
541 0.0120086142646
546 0.0126166702561
547 0.0115947813806
544 0.0118769858959
545 0.0120135272725
548 0.0143685668213
549 0.0112250146563
579 0.0114273611883
578 0.0105249070687
573 0.00965644323214
572 0.0111303137249
571 0.0102509004202
570 0.0136542448993
577 0.0116463505507
576 0.0120008584451
575 0.0111031999578
574 0.0124439010893
537 0.0113003362655
536 0.00980641932584
535 0.0102957582664
534 0.0113326972017
533 0.0130433641539
532 0.010345005721
531 0.0110343395353
530 0.0120418147958
539 0.0114995394527
538 0.0122488821493
568 0.0106264353177
569 0.0126361422626
560 0.0117031175074
561 0.0130604658916
562 0.0119023206947
563 0.0122103478453
564 0.010778604419
565 0.0113674232474
566 0.0106575299055
567 0.013461544358
591 0.00928375013285
590 0.0105898197457
593 0.0102918926101
592 0.0106014121079
594 0.0102155313883
597 0.0104197146553
596 0.00899958376801
599 0.00995485691452
598 0.00975625737329
641 0.012358899585
640 0.0125961827755
643 0.0133227210667
642 0.0119125536556
645 0.0176455073442
644 0.0120917862203
647 0.015902321358
649 0.0123394320008
618 0.00926765474823
619 0.0123787076875
612 0.00935337248335
613 0.00955478903935
610 0.0101983260026
611 0.0123637674484
616 0.0126609122027
617 0.0128911388523
614 0.0121717577096
615 0.00950000816286
622 0.0129265164524
629 0.0125911910872
628 0.0154788440496
623 0.0128567953369
621 0.0123170351856
620 0.0128036241831
627 0.0131289893889
626 0.0124805226498
625 0.0126081434797
624 0.01238464354
595 0.00984876612616
656 0.014454576982
654 0.0141388855906
657 0.0138461675738
655 0.0132964431172
652 0.0136867237639
653 0.0133368257646
650 0.012580135852
651 0.0120470661108
658 0.0130839597174
659 0.0137388191895
669 0.0109606773078
668 0.0128369642015
667 0.0133958398102
666 0.0133239053259
665 0.0122271811116
664 0.0129422573148
663 0.0138019929753
662 0.0125660314306
661 0.011743764941
660 0.0124188424089
630 0.0124764480392
631 0.0122778988018
632 0.0126142302437
633 0.0125954166094
634 0.0124117070033
636 0.00856426119623
637 0.00862060149162
639 0.0125911523919
646 0.0122951646258
648 0.012203863165
605 0.0143120852882
604 0.0155338648367
607 0.0133564633316
606 0.00976289747953
601 0.00952053360171
600 0.010365487121
603 0.00996496798539
602 0.0107270193102
609 0.00956530401501
608 0.00928752476312
635 0.0124366074017
638 0.0127879796904
719 0.0108362988642
718 0.0123828648019
717 0.0117050584892
716 0.0109442254201
715 0.0111051976926
714 0.0120618868091
713 0.0116152744813
712 0.0110105621286
711 0.012078476065
710 0.012707083799
744 0.0108992419065
740 0.0116559854396
741 0.011576130036
742 0.0109749102067
743 0.0116228739075
745 0.0106175907334
689 0.0112296054801
688 0.0129464883648
685 0.0116446469459
684 0.011720471962
687 0.0128149203423
686 0.012539998551
681 0.0107287821556
680 0.0114297157948
683 0.0105817595235
682 0.0125684149663
708 0.010966797792
709 0.0117902350895
704 0.0107919919648
705 0.0118801075898
706 0.0116449371604
707 0.0109391306827
700 0.0117428787274
701 0.0120740493275
702 0.0133955284976
703 0.0131229851287
692 0.0100620882917
693 0.0114658958608
690 0.0119022813545
691 0.0124735485667
696 0.0117168716447
697 0.0134460864316
694 0.0113247532496
695 0.0117151110104
698 0.011580504581
699 0.0116680769246
731 0.0118970303619
730 0.0110106264825
733 0.0110836173473
732 0.011685424239
735 0.011932092135
734 0.0112217234864
736 0.0118917484592
678 0.0118986481462
679 0.0101538093196
674 0.011193136858
675 0.0119122301817
676 0.0110557570841
677 0.0121197100082
670 0.0117492402278
671 0.0129785205756
672 0.0113920498308
673 0.0120176167163
737 0.0115307902497
739 0.0111429869286
738 0.0107234136953
726 0.0121275225346
727 0.010831041791
724 0.0116906840301
725 0.0113766626615
722 0.0121931187357
723 0.0118995455537
720 0.0123801359571
721 0.0119261059786
728 0.0118240394971
729 0.0111099262531
818 0.0121756022217
819 0.0124963278661
810 0.0132561518182
811 0.0126153815658
812 0.0157755187947
813 0.0153403790119
814 0.0126657357048
815 0.0126131681971
816 0.0126743763559
817 0.0127402240761
749 0.0106173891495
746 0.00926100906803
747 0.0110831635072
748 0.0100970915152
758 0.00953544919556
821 0.015061068902
820 0.0130590768701
822 0.0128322065735
797 0.0102798495105
796 0.0123171430256
795 0.0134826944949
794 0.0125829600991
793 0.00995205811199
792 0.0153148104754
791 0.0115453430917
790 0.0113780209274
799 0.0125624864382
798 0.0125071522196
753 0.0100805696535
752 0.0102763676581
809 0.0127136218234
759 0.0102492782137
775 0.00957340555822
774 0.00937675625798
777 0.00945301213815
776 0.0123879086936
771 0.0089212393682
770 0.00969884111941
773 0.0105096255283
772 0.0103076556301
779 0.0091441397156
778 0.0106233004598
805 0.0121362001305
784 0.0136777110558
785 0.0098190388737
786 0.00980988744523
787 0.00961323814499
780 0.00946961240376
781 0.0094915028639
782 0.00950004622403
783 0.00974625309375
788 0.0117554002988
808 0.0132423182635
803 0.0118022794031
802 0.0127272121508
801 0.0125514195945
800 0.0131672894484
807 0.0137954057986
806 0.0127136218234
804 0.0111463560878
768 0.00986944362816
769 0.0124357940751
762 0.0104688380547
763 0.00993366034327
760 0.00995699653195
761 0.010007353527
766 0.00985065901525
767 0.0101514353195
764 0.00970799254788
765 0.0105732598798
751 0.0105886654754
750 0.0102406132399
757 0.0102561797893
756 0.00886611797344
755 0.0101349248822
754 0.0110048667855
854 0.0117027866738
855 0.00985795335858
856 0.0128683699881
857 0.0129703126448
850 0.0116888679895
851 0.0150370457126
852 0.0102953065101
853 0.0120543717863
858 0.0111829950721
859 0.00962900078562
829 0.0108886013555
828 0.0115294852521
825 0.0125174138795
824 0.0110148363423
827 0.0126834165355
826 0.0109518100591
823 0.0121352264841
869 0.0106467129009
868 0.0123942587371
861 0.0141234777622
860 0.0115375597195
863 0.0109978842262
862 0.0119268791711
865 0.012164998732
864 0.0137286042647
867 0.0124987066354
866 0.0122839247373
883 0.014187544479
882 0.0118203942439
881 0.0114425527406
880 0.0113242226422
887 0.0129729583789
886 0.0134901204997
885 0.0129740650633
889 0.0128261098755
888 0.0125192177857
832 0.0112745316879
833 0.0101285569028
830 0.0126357352254
831 0.0127615431011
836 0.011315819528
837 0.01276963041
834 0.0111770062791
835 0.011957899799
838 0.0111740179917
839 0.01090278911
789 0.00607048104434
884 0.0123366148641
878 0.0118575593807
879 0.0119122125628
876 0.0114408501493
877 0.0117027938275
874 0.0116511201802
875 0.0111837588563
872 0.0112276005834
873 0.0125383405296
870 0.0123149970294
871 0.0113724424613
890 0.0172964580091
891 0.0144907759754
892 0.014905836881
893 0.0150171286805
894 0.0120124689274
895 0.0117977721589
896 0.0126001183298
847 0.0115111904214
846 0.0107038128428
845 0.0143622053913
844 0.0154085754666
843 0.0112880388204
842 0.0112021195014
841 0.0112883429115
840 0.0112046733884
849 0.0107073336153
848 0.0111413571781
902 0.0104968229773
903 0.0111422136846
900 0.0110848490325
901 0.0118144849171
906 0.0110592123566
907 0.0117298235626
904 0.0118995810406
905 0.012419543687
908 0.0116844495032
909 0.0101594423412
948 0.0114819610802
949 0.0118301714135
946 0.0115341333435
947 0.0113681306875
944 0.0125602248925
945 0.0123444214397
942 0.0116590873791
943 0.012299284527
940 0.0118479549248
941 0.0119888793224
939 0.0118292005771
938 0.0115908681923
933 0.0124815065497
932 0.0129184690172
931 0.0126784963682
930 0.0133239814913
937 0.0121977264735
936 0.0116269935322
935 0.0124514733906
934 0.0122586084595
928 0.0132243798977
929 0.00992651638846
920 0.0123204954355
921 0.0121919421882
922 0.0126920054273
923 0.0105959023367
924 0.0127419528597
925 0.0129030940093
926 0.010565073272
927 0.0109395278347
964 0.0100347089018
965 0.0109515771431
966 0.0102604527518
967 0.0105699488942
960 0.0104109618266
961 0.0120981021542
962 0.0100912881404
963 0.0107352203481
897 0.00831904346185
898 0.0117627474227
899 0.0105020018498
919 0.00931467802762
918 0.0118507683548
915 0.00995363015562
914 0.0112539492819
917 0.0127989783294
916 0.0114306235373
911 0.0114603459176
910 0.0124657538511
913 0.0103026309777
912 0.0120167710109
959 0.0112024991598
958 0.0108143482808
951 0.013367569039
950 0.0110833966079
953 0.0122464717766
952 0.01289061219
955 0.0129248692976
954 0.0128110648968
957 0.0124572951497
956 0.011605885614
1018 0.0117396422324
1019 0.0117772695011
1014 0.0103272599079
1015 0.00955005254483
1016 0.00975257578521
1017 0.0108466227998
1010 0.0100452506899
1011 0.0124910662677
1012 0.0128176276692
1013 0.0119490187714
1009 0.00997580624543
1008 0.0128756390876
1007 0.00993375223923
1006 0.0101698015062
1005 0.0101906901738
1004 0.010498714612
1003 0.0104395558223
1002 0.012779591106
1001 0.00874092583625
1000 0.0106923843773
977 0.00937601847967
976 0.0103185044108
975 0.00953466893404
974 0.00837452936674
973 0.00858244769344
972 0.00777343500437
971 0.00891520235591
970 0.00930531274053
979 0.00781598810181
978 0.00930600441826
1042 0.00982712346214
1041 0.00990417636165
1040 0.00994069694598
995 0.00892138862562
994 0.0134613086801
997 0.0126589625093
996 0.00888345389491
991 0.00789763234356
990 0.00945296330728
993 0.00891115179516
992 0.00945517667603
999 0.0124287721596
998 0.0081414220224
1039 0.00900499530809
1032 0.0108747146713
1030 0.0123201827988
1031 0.0121952630876
1036 0.0112403594072
1037 0.0101635555117
1034 0.0107878399479
1035 0.0101558087211
968 0.00897274994333
969 0.00858023432469
1033 0.0106031619931
988 0.00738870214759
989 0.00807716561398
982 0.0101458616486
983 0.00947629547625
980 0.00945194842004
981 0.00929147918586
986 0.00919713020008
987 0.00983917483791
984 0.00995661862067
985 0.00804451842496
1038 0.0100093113771
1025 0.0117055628636
1024 0.0094316519712
1027 0.0120181935879
1026 0.0098090313426
1021 0.00939845143999
1020 0.0113146754329
1023 0.0119324331602
1022 0.0100724222235
1029 0.0109513498517
1028 0.01004221625
1069 0.0124189173101
1068 0.00921738034425
1061 0.012279198408
1060 0.0126340290853
1063 0.010481389643
1062 0.00908608363566
1065 0.00971841270718
1064 0.0114702875588
1067 0.0118565833128
1066 0.0108566939812
1087 0.0115023086901
1086 0.0105150865547
1085 0.0109634157868
1084 0.0108108479536
1083 0.0107528690847
1082 0.0113373367696
1081 0.0179051271318
1080 0.0111801224894
1120 0.00860204793427
1089 0.0169376842671
1088 0.0108581587105
1050 0.00977776136917
1051 0.00986344803428
1052 0.00945189978284
1053 0.00943184112857
1054 0.00986435670895
1055 0.00952517693567
1056 0.011530824279
1057 0.0101178633794
1058 0.00929635366665
1059 0.00942915579149
1043 0.00753545179598
1047 0.00986389559046
1046 0.00950170057965
1045 0.00994990775097
1044 0.0102232425165
1049 0.00965110297009
1048 0.0102522929813
1106 0.0107209004366
1107 0.010086481913
1104 0.0150375281818
1105 0.0114576638519
1102 0.0154248677125
1103 0.0148625337152
1100 0.0161703993762
1101 0.0115776124773
1108 0.0141111118628
1109 0.0110813911649
1099 0.0163336353213
1078 0.0117175560884
1079 0.0111649055793
1076 0.0110326567966
1077 0.00925369078361
1074 0.0110711140786
1075 0.0103257339773
1072 0.0108013597625
1073 0.00902189322953
1070 0.010815884995
1071 0.00883099017508
1094 0.0102161597131
1095 0.016696012067
1096 0.0119733368972
1097 0.0116492167113
1090 0.0174751802527
1091 0.0169959235323
1092 0.0108511632718
1093 0.0165376388502
1098 0.0159477550949
1111 0.00989267381205
1110 0.0154785790681
1113 0.0120791010173
1112 0.0140086052227
1115 0.0125610783367
1114 0.013315698744
1117 0.0127410908575
1116 0.013505218443
1119 0.00859399192302
1118 0.00925096370908
1121 0.00757890738101
1122 0.00800921230511
1123 0.00809335286704
1124 0.012359760427
1125 0.00798984532857
1126 0.013019343316
1127 0.0123351176652
1190 0.0117612452795
1193 0.010484652305
1192 0.0119271394371
1195 0.0112034004063
1194 0.0101657901547
1197 0.0107613382456
1196 0.0112669411065
1177 0.0110263896286
1176 0.0120860399163
1175 0.0118057883734
1174 0.00978401583093
1173 0.011720834073
1172 0.0105548050347
1171 0.0101550995338
1170 0.0116065851862
1179 0.0108935875037
1178 0.011277346585
1191 0.0109052037879
1139 0.0127189880024
1138 0.0129624585646
1133 0.0125702880946
1132 0.0133042403065
1131 0.01087300592
1130 0.0130874061182
1137 0.0119898463212
1136 0.0132268466361
1135 0.0130442437144
1134 0.0120570497013
1128 0.00756019139528
1129 0.0133797552402
1151 0.0119508953712
1142 0.0129569251427
1143 0.0108782960723
1140 0.0131435540753
1141 0.0117009805711
1146 0.0119840844815
1147 0.0118586602525
1144 0.0123098248591
1145 0.0120867782815
1148 0.0108727626504
1149 0.0121574650334
1188 0.0117758925727
1182 0.0116992428779
1201 0.0121561956923
1169 0.0106819252661
1159 0.0108154754593
1158 0.0123205662074
1199 0.0113355132803
1198 0.0115208829129
1155 0.0117908224374
1154 0.0109308790005
1157 0.0119899048521
1156 0.0117978154537
1150 0.0106846263069
1153 0.0118097931136
1152 0.0109040102092
1189 0.011491735085
1186 0.0107059891797
1187 0.0109985552987
1184 0.0118865610101
1185 0.0117899361762
1183 0.0107483150032
1180 0.0102805169103
1181 0.0121035081696
1164 0.0106716064907
1165 0.0108099420374
1166 0.0121192404475
1167 0.0117706348698
1160 0.0104417877932
1161 0.0115099353242
1162 0.0105816423184
1163 0.0107827984781
1205 0.00957028150573
1204 0.00881046673432
1207 0.00839014366928
1206 0.00910948851213
1168 0.0119844922028
1200 0.0117726536079
1203 0.00820905972618
1202 0.0114755848025
1269 0.011359637198
1261 0.01020305495
1260 0.0111382032457
1258 0.0116140775264
1234 0.0120500186649
1235 0.0105186541517
1236 0.00620761427495
1237 0.0062921688442
1230 0.00636808350913
1231 0.00641797253803
1232 0.00637517017222
1233 0.00603772851585
1238 0.0065157296577
1239 0.00565893552247
1241 0.00593560661588
1240 0.0132148185799
1243 0.0114634759469
1242 0.00988710113429
1245 0.0109273396174
1244 0.0128829103454
1247 0.0118941752274
1246 0.0133864517354
1249 0.0113634232235
1248 0.0105832107401
1279 0.0107673698515
1270 0.0112894501101
1271 0.0112304269435
1272 0.0114498222667
1273 0.0114074964433
1274 0.00951497203536
1275 0.0113060503757
1285 0.00995673434876
1284 0.00994141550716
1287 0.00995120092689
1286 0.00991800039568
1281 0.00872699258367
1280 0.0108343533794
1283 0.0101933493787
1278 0.0107433916901
1276 0.01131148672
1277 0.0107458186295
1227 0.00576649376673
1226 0.00644856048914
1225 0.00635664929491
1224 0.00750624533703
1223 0.00758581088099
1222 0.00686987717173
1221 0.00716511473274
1220 0.00776456876845
1229 0.00752475398923
1228 0.00608043380408
1288 0.0097409308959
1268 0.0112156711519
1263 0.0117359098851
1262 0.0097769814662
1267 0.0111991679639
1266 0.0110146234907
1265 0.0116435891097
1264 0.0114979727447
1209 0.00828862155722
1212 0.00734956212834
1213 0.00868940185954
1210 0.00883909548271
1211 0.00835399883228
1216 0.00753216504999
1217 0.00773521327143
1214 0.00743994135219
1215 0.00835769748795
1218 0.0071760844989
1219 0.00477814695903
1256 0.0109279332148
1257 0.0113872072298
1254 0.0114868088234
1255 0.00952428853422
1252 0.0107988200378
1253 0.0117302793856
1250 0.0108523097826
1251 0.0111199526613
1259 0.0117691104163
1282 0.0104662053234
1208 0.00576076585869
1339 0.00593927843473
1338 0.00425233183117
1335 0.00582964163716
1334 0.00669848190636
1337 0.00733417238395
1336 0.00591264296518
1331 0.00617649981847
1330 0.0058912250343
1333 0.00588947763792
1332 0.0044583498643
1352 0.00651847761516
1317 0.00697425912391
1316 0.00606034726018
1315 0.0065085544315
1314 0.00744191169598
1351 0.00662586635473
1312 0.00599098904233
1289 0.00705900784831
1304 0.00663632608254
1306 0.00783359059442
1307 0.00739211089916
1300 0.00830179312904
1301 0.00619019222958
1302 0.00588158970374
1303 0.00601937190826
1308 0.0065671806732
1309 0.00687035285185
1346 0.00778184191794
1347 0.0068745824857
1311 0.0058913874487
1348 0.00726663660706
1340 0.00681606935746
1341 0.00612188135638
1342 0.00838119887608
1343 0.00719479287222
1344 0.00726777132153
1345 0.00770459576591
1310 0.00684145699907
1313 0.00775906413884
1319 0.00632092103606
1318 0.00712540891073
1305 0.00633993177406
1359 0.00694668942316
1358 0.00696162966221
1353 0.00662290919929
1357 0.00666788000559
1356 0.0063026741623
1355 0.00627122102747
1292 0.00871774741875
1293 0.00813420549102
1322 0.00760118687596
1323 0.00644192823533
1320 0.00747004477768
1326 0.00747685962356
1327 0.00672137279893
1324 0.00643712289529
1325 0.0082040230221
1328 0.00678952125773
1329 0.00682272178894
1321 0.00672303282549
1349 0.00684618729453
1298 0.00830179312904
1299 0.00817598058972
1290 0.00942790163257
1291 0.00830825849564
1296 0.00836819419146
1297 0.00588997720636
1294 0.00770776572986
1295 0.00835805929246
1350 0.00722172852011
1354 0.00608687070944
1364 0.00628966838451
1362 0.00618665936794
1363 0.00686727025772
1360 0.00626791329959
1361 0.00661302408452
1398 0.00382516955417
1391 0.0039149610776
1390 0.00381701951053
1409 0.00369236742933
1408 0.00295621617151
1403 0.00365599693417
1402 0.0032280853045
1401 0.00499624777082
1400 0.0029743263745
1407 0.00363283160691
1406 0.00302261723392
1448 0.00300420685259
1440 0.00370753280213
1450 0.00227266045153
1451 0.00186942408651
1371 0.00397449690002
1370 0.00285638944413
1373 0.00292943061279
1372 0.00445228437109
1375 0.00403108789224
1374 0.00414193444887
1377 0.00378215895276
1376 0.00297749633846
1379 0.00373243320053
1378 0.00417181492696
1436 0.00545758506545
1437 0.0034402685259
1434 0.00515395029406
1435 0.00518715082527
1432 0.00525355188769
1433 0.00529324243597
1430 0.00545758506545
1431 0.00532478294062
1438 0.00424010114969
1439 0.00366935219124
1388 0.00373409322709
1389 0.00384856001518
1384 0.00406428842345
1385 0.00407243846709
1386 0.00417204006071
1387 0.00306374267502
1380 0.00404089796244
1381 0.00381535948397
1382 0.00302405212673
1383 0.00403108789224
1421 0.00502446822235
1420 0.00483024511478
1423 0.00477553928287
1422 0.00505932878012
1425 0.00535798347183
1424 0.00502280819579
1427 0.00508083408082
1426 0.00496304723961
1429 0.00542438453425
1428 0.00542272450768
1447 0.00296934629482
1444 0.00360627118194
1443 0.00294263578069
1442 0.00364113173971
1418 0.0036211363764
1419 0.0050907191956
1449 0.00242198779738
1410 0.00492486662872
1411 0.00261455087839
1412 0.00234894662872
1413 0.00494154193891
1414 0.00494154193891
1415 0.00254980984254
1416 0.00460802668943
1417 0.00470913822045
1399 0.00399117221021
1397 0.00405757327262
1396 0.00324144056156
1395 0.00402603276798
1394 0.00402437274142
1393 0.0033058063745
1392 0.00337220743692
1405 0.00407575852021
1404 0.00496138721305
1446 0.003239780535
1445 0.00320824003036
1441 0.00370753280213
1366 0.00429292182129
1367 0.00373228311137
1365 0.00420833551129
1368 0.00437101811421
1369 0.00350666958831
1490 0.000716681206602
1491 0.000836128074369
1492 0.000836128074369
1493 0.000955574942136
1494 0.000836128074369
1495 0.000597234338835
1496 0.000836128074369
1497 0.000477787471068
1498 0.000477787471068
1499 0.000477787471068
1454 0.00155280928097
1453 0.000477787471068
1457 0.0010750218099
1472 0.000358340603301
1473 0.000836128074369
1470 0.000716681206602
1471 0.000716681206602
1476 0.000358340603301
1477 0.000836128074369
1474 0.000597234338835
1475 0.000477787471068
1478 0.000477787471068
1479 0.000716681206602
1483 0.000477787471068
1482 0.000477787471068
1481 0.000358340603301
1480 0.000238893735534
1487 0.000716681206602
1486 0.000716681206602
1485 0.000836128074369
1484 0.000836128074369
1489 0.000477787471068
1488 0.000477787471068
1502 0.000597234338835
1503 0.000597234338835
1500 0.000477787471068
1501 0.000477787471068
1506 0.000477787471068
1504 0.000597234338835
1505 0.000477787471068
1469 0.000836128074369
1468 0.000716681206602
1465 0.000836128074369
1464 0.000716681206602
1467 0.000836128074369
1466 0.000597234338835
1461 0.000477787471068
1460 0.000716681206602
1463 0.000836128074369
1462 0.000477787471068
1455 0.000836128074369
1456 0.000358340603301
1452 0.00119446867767
1458 0.000597234338835
1459 0.000597234338835
