1 0.000232403718459495
0 0.000531208499335989
2 0.000199203187250996
30 0.00099601593625498
54 0.000896414342629482
37 0.000763612217795485
48 0.00112881806108898
45 0.00109561752988048
43 0.000763612217795485
60 0.00099601593625498
61 0.00126162018592297
62 0.00132802124833997
36 0.000763612217795485
64 0.00122841965471448
35 0.00139442231075697
66 0.000962815405046481
67 0.00106241699867198
68 0.00142762284196547
69 0.00199203187250996
80 0.00149402390438247
81 0.000962815405046481
84 0.00106241699867198
24 0.00106241699867198
25 0.000697211155378486
26 0.000796812749003984
27 0.000830013280212483
20 0.00156042496679947
21 0.00139442231075697
22 0.000365205843293493
49 0.000730411686586985
46 0.00119521912350598
23 0.000597609561752988
44 0.000896414342629482
42 0.00112881806108898
28 0.00112881806108898
29 0.00112881806108898
40 0.00106241699867198
41 0.00129482071713147
3 0.000597609561752988
5 0.000232403718459495
4 0.000132802124833997
7 0.000830013280212483
6 9.9601593625498e-05
9 0.00109561752988048
8 0.000298804780876494
52 0.000863213811420983
82 0.00142762284196547
74 0.00122841965471448
78 0.00172642762284197
83 0.00132802124833997
39 0.00126162018592297
77 0.00166002656042497
76 0.00146082337317397
75 0.00172642762284197
38 0.00102921646746348
47 0.00112881806108898
72 0.00156042496679947
71 0.000796812749003984
70 0.00169322709163347
59 0.00119521912350598
79 0.00132802124833997
58 0.00106241699867198
11 0.00169322709163347
10 0.000332005312084993
13 0.000265604249667995
12 0.00112881806108898
15 0.000630810092961487
14 0.000896414342629482
17 0.00049800796812749
16 0.000199203187250996
19 0.000896414342629482
18 0.000531208499335989
31 0.00126162018592297
56 0.00169322709163347
51 0.00172642762284197
50 0.00142762284196547
53 0.00192563081009296
34 0.000664010624169987
33 0.00189243027888446
55 0.00179282868525896
63 0.000929614873837981
32 0.000564409030544489
73 0.00142762284196547
57 0.000597609561752988
65 0.00099601593625498
133 0.00132802124833997
164 0.00249003984063745
131 0.00116201859229748
130 0.00129482071713147
137 0.00106241699867198
136 0.00166002656042497
135 0.00166002656042497
90 0.00122841965471448
139 0.00166002656042497
138 0.00162682602921647
93 0.00152722443559097
160 0.00152722443559097
161 0.00175962815405046
163 0.00189243027888446
87 0.00152722443559097
119 0.00139442231075697
120 0.00166002656042497
121 0.00192563081009296
122 0.00185922974767596
123 0.00166002656042497
124 0.00209163346613546
125 0.00235723771580345
126 0.00156042496679947
127 0.00126162018592297
128 0.00136122177954847
129 0.00159362549800797
132 0.00142762284196547
134 0.00169322709163347
115 0.00172642762284197
114 0.00169322709163347
88 0.000863213811420983
116 0.00205843293492696
111 0.00212483399734396
110 0.00189243027888446
113 0.00122841965471448
112 0.00106241699867198
86 0.00099601593625498
118 0.00235723771580345
85 0.00099601593625498
108 0.00122841965471448
109 0.00195883134130146
102 0.00215803452855246
103 0.00278884462151394
100 0.00229083665338645
101 0.00129482071713147
106 0.00282204515272244
107 0.00182602921646746
104 0.00112881806108898
105 0.00126162018592297
171 0.00215803452855246
170 0.00152722443559097
167 0.00195883134130146
97 0.00102921646746348
99 0.00149402390438247
98 0.00119521912350598
168 0.00235723771580345
169 0.00235723771580345
91 0.00232403718459495
165 0.00185922974767596
166 0.00222443559096946
92 0.00132802124833997
95 0.00136122177954847
94 0.00136122177954847
162 0.00222443559096946
96 0.00126162018592297
117 0.00139442231075697
89 0.00106241699867198
151 0.00119521912350598
150 0.00156042496679947
153 0.00152722443559097
152 0.00159362549800797
155 0.00152722443559097
154 0.00099601593625498
157 0.00162682602921647
156 0.00162682602921647
159 0.00249003984063745
158 0.00179282868525896
146 0.00172642762284197
147 0.00169322709163347
144 0.00205843293492696
145 0.00179282868525896
142 0.00172642762284197
143 0.00122841965471448
140 0.00189243027888446
141 0.00149402390438247
148 0.00142762284196547
149 0.00139442231075697
216 0.00232403718459495
217 0.00192563081009296
214 0.00275564409030544
215 0.00166002656042497
212 0.00162682602921647
213 0.00119521912350598
210 0.00182602921646746
211 0.00209163346613546
218 0.00122841965471448
219 0.00166002656042497
227 0.00249003984063745
224 0.00219123505976096
262 0.00132802124833997
259 0.00129482071713147
201 0.00189243027888446
199 0.00308764940239044
198 0.00182602921646746
200 0.00189243027888446
195 0.00116201859229748
194 0.00182602921646746
197 0.00268924302788845
196 0.00341965471447543
191 0.00102921646746348
190 0.00175962815405046
193 0.00156042496679947
192 0.00179282868525896
253 0.00159362549800797
205 0.00172642762284197
251 0.00182602921646746
207 0.00282204515272244
256 0.00175962815405046
206 0.00156042496679947
226 0.00212483399734396
172 0.00182602921646746
177 0.00179282868525896
254 0.00129482071713147
247 0.00195883134130146
255 0.00119521912350598
225 0.00252324037184595
178 0.00146082337317397
244 0.00149402390438247
241 0.00162682602921647
240 0.00209163346613546
243 0.00179282868525896
242 0.00212483399734396
245 0.00195883134130146
252 0.00119521912350598
223 0.00222443559096946
176 0.00159362549800797
258 0.00162682602921647
179 0.00139442231075697
250 0.00202523240371846
174 0.00195883134130146
173 0.00129482071713147
257 0.00235723771580345
203 0.00162682602921647
249 0.00162682602921647
175 0.00175962815405046
248 0.00156042496679947
182 0.00222443559096946
183 0.00122841965471448
180 0.00185922974767596
181 0.00205843293492696
186 0.00122841965471448
187 0.00132802124833997
184 0.00149402390438247
188 0.00139442231075697
189 0.00322045152722444
202 0.00156042496679947
221 0.00189243027888446
185 0.00185922974767596
229 0.00255644090305445
228 0.00182602921646746
222 0.00265604249667995
220 0.00215803452855246
204 0.00126162018592297
238 0.00189243027888446
239 0.00192563081009296
234 0.00282204515272244
235 0.00182602921646746
236 0.00132802124833997
237 0.00205843293492696
230 0.00185922974767596
231 0.00159362549800797
232 0.00136122177954847
233 0.00152722443559097
209 0.00146082337317397
208 0.00282204515272244
263 0.00162682602921647
261 0.00169322709163347
260 0.00245683930942895
246 0.00162682602921647
264 0.00152722443559097
322 0.00139442231075697
289 0.00239043824701195
334 0.00229083665338645
281 0.00222443559096946
280 0.00262284196547145
283 0.00315405046480744
282 0.00219123505976096
284 0.00312084993359894
287 0.00212483399734396
286 0.00239043824701195
336 0.00172642762284197
265 0.00109561752988048
269 0.00182602921646746
268 0.000929614873837981
298 0.00199203187250996
299 0.00139442231075697
296 0.00132802124833997
297 0.00205843293492696
295 0.00182602921646746
292 0.00245683930942895
293 0.00229083665338645
291 0.00252324037184595
319 0.00175962815405046
316 0.00192563081009296
315 0.00209163346613546
276 0.00288844621513944
278 0.00189243027888446
279 0.00252324037184595
312 0.00209163346613546
308 0.00192563081009296
309 0.00239043824701195
300 0.00222443559096946
301 0.00162682602921647
302 0.00116201859229748
303 0.00192563081009296
304 0.00249003984063745
305 0.00172642762284197
306 0.00205843293492696
307 0.00182602921646746
290 0.00199203187250996
339 0.00199203187250996
338 0.00149402390438247
335 0.00245683930942895
337 0.00195883134130146
331 0.00229083665338645
330 0.00152722443559097
333 0.00278884462151394
332 0.00212483399734396
272 0.00149402390438247
288 0.00292164674634794
313 0.00199203187250996
311 0.00192563081009296
310 0.00212483399734396
273 0.00132802124833997
317 0.00202523240371846
271 0.00172642762284197
314 0.00219123505976096
274 0.00149402390438247
275 0.00142762284196547
285 0.00122841965471448
318 0.00199203187250996
323 0.00149402390438247
320 0.00195883134130146
321 0.00152722443559097
327 0.00159362549800797
324 0.00199203187250996
325 0.00169322709163347
328 0.00215803452855246
329 0.00232403718459495
294 0.00235723771580345
270 0.00116201859229748
267 0.00139442231075697
326 0.00215803452855246
266 0.00139442231075697
344 0.00215803452855246
346 0.00159362549800797
347 0.00132802124833997
340 0.00219123505976096
341 0.00219123505976096
342 0.00192563081009296
343 0.00205843293492696
348 0.00229083665338645
349 0.00179282868525896
277 0.000896414342629482
345 0.00219123505976096
407 0.00156042496679947
406 0.00159362549800797
405 0.00146082337317397
404 0.00169322709163347
403 0.00149402390438247
402 0.00179282868525896
401 0.00136122177954847
400 0.00169322709163347
409 0.00166002656042497
408 0.00149402390438247
379 0.00109561752988048
378 0.00189243027888446
371 0.00169322709163347
370 0.00189243027888446
373 0.00185922974767596
372 0.00215803452855246
375 0.00229083665338645
374 0.00192563081009296
377 0.00106241699867198
376 0.00229083665338645
393 0.00229083665338645
392 0.00225763612217795
397 0.00142762284196547
396 0.00149402390438247
395 0.00209163346613546
394 0.00159362549800797
399 0.00189243027888446
414 0.00169322709163347
415 0.00152722443559097
416 0.00129482071713147
417 0.00225763612217795
410 0.00255644090305445
411 0.00132802124833997
412 0.00132802124833997
413 0.00172642762284197
418 0.00149402390438247
419 0.00126162018592297
368 0.00166002656042497
369 0.00185922974767596
366 0.00136122177954847
367 0.00162682602921647
364 0.00175962815405046
365 0.00202523240371846
362 0.00169322709163347
363 0.00172642762284197
360 0.00229083665338645
361 0.00199203187250996
380 0.00205843293492696
381 0.00175962815405046
382 0.00199203187250996
383 0.00209163346613546
384 0.00172642762284197
385 0.00149402390438247
386 0.00162682602921647
387 0.00179282868525896
388 0.00126162018592297
389 0.00189243027888446
357 0.00192563081009296
356 0.00182602921646746
355 0.00212483399734396
354 0.00136122177954847
353 0.00179282868525896
352 0.00149402390438247
351 0.00195883134130146
350 0.00195883134130146
359 0.00106241699867198
358 0.00179282868525896
421 0.00166002656042497
420 0.00146082337317397
423 0.00102921646746348
422 0.00136122177954847
425 0.00139442231075697
424 0.00132802124833997
426 0.00139442231075697
391 0.00179282868525896
390 0.00142762284196547
398 0.00149402390438247
449 0.00255644090305445
448 0.00172642762284197
443 0.00112881806108898
442 0.00192563081009296
441 0.00212483399734396
440 0.000730411686586985
447 0.00199203187250996
446 0.00212483399734396
445 0.00185922974767596
444 0.00102921646746348
438 0.00205843293492696
439 0.00116201859229748
436 0.000929614873837981
437 0.00179282868525896
434 0.00112881806108898
435 0.000730411686586985
432 0.00189243027888446
433 0.00122841965471448
430 0.00242363877822045
431 0.00219123505976096
499 0.00182602921646746
494 0.00179282868525896
495 0.00192563081009296
497 0.00149402390438247
490 0.00195883134130146
491 0.00149402390438247
492 0.00179282868525896
493 0.00142762284196547
518 0.00172642762284197
511 0.00315405046480744
510 0.00185922974767596
513 0.00239043824701195
512 0.00146082337317397
515 0.00202523240371846
514 0.00262284196547145
517 0.00159362549800797
516 0.00232403718459495
458 0.00152722443559097
459 0.00166002656042497
450 0.00146082337317397
451 0.00126162018592297
452 0.00136122177954847
453 0.00159362549800797
454 0.00149402390438247
455 0.00185922974767596
456 0.00229083665338645
457 0.00159362549800797
498 0.00162682602921647
496 0.00205843293492696
508 0.00219123505976096
509 0.00149402390438247
506 0.00175962815405046
507 0.00272244355909695
504 0.00169322709163347
505 0.00305444887118194
502 0.00179282868525896
503 0.00315405046480744
500 0.00156042496679947
501 0.00162682602921647
469 0.00195883134130146
468 0.00195883134130146
465 0.00175962815405046
464 0.00152722443559097
467 0.00212483399734396
466 0.00149402390438247
461 0.00169322709163347
460 0.00139442231075697
463 0.00142762284196547
462 0.00169322709163347
429 0.000962815405046481
428 0.00116201859229748
427 0.00122841965471448
489 0.00149402390438247
488 0.00136122177954847
487 0.00169322709163347
486 0.00179282868525896
485 0.00156042496679947
484 0.00179282868525896
483 0.00146082337317397
482 0.00169322709163347
481 0.00222443559096946
480 0.00189243027888446
472 0.00142762284196547
473 0.00232403718459495
470 0.00179282868525896
471 0.00175962815405046
476 0.00139442231075697
477 0.00149402390438247
474 0.00149402390438247
475 0.00172642762284197
478 0.00272244355909695
479 0.00175962815405046
524 0.00185922974767596
525 0.00159362549800797
526 0.00255644090305445
527 0.00225763612217795
520 0.00222443559096946
521 0.00239043824701195
522 0.00149402390438247
523 0.00239043824701195
528 0.00136122177954847
529 0.00199203187250996
559 0.00242363877822045
558 0.00212483399734396
555 0.00152722443559097
554 0.00202523240371846
557 0.00136122177954847
556 0.00152722443559097
551 0.00182602921646746
550 0.00132802124833997
553 0.00119521912350598
552 0.00156042496679947
586 0.00192563081009296
587 0.00179282868525896
584 0.00222443559096946
585 0.00222443559096946
582 0.00159362549800797
583 0.00199203187250996
580 0.00229083665338645
581 0.00142762284196547
588 0.00179282868525896
589 0.00199203187250996
519 0.00162682602921647
542 0.00166002656042497
543 0.00192563081009296
540 0.00249003984063745
541 0.00192563081009296
546 0.00242363877822045
547 0.00199203187250996
544 0.00182602921646746
545 0.00185922974767596
548 0.00219123505976096
549 0.00159362549800797
579 0.00099601593625498
578 0.00122841965471448
573 0.00199203187250996
572 0.00179282868525896
571 0.00219123505976096
570 0.00235723771580345
577 0.00202523240371846
576 0.00232403718459495
575 0.00215803452855246
574 0.00169322709163347
537 0.00166002656042497
536 0.00152722443559097
535 0.00172642762284197
534 0.00122841965471448
533 0.00315405046480744
532 0.00192563081009296
531 0.00215803452855246
530 0.00162682602921647
539 0.00182602921646746
538 0.00159362549800797
568 0.00249003984063745
569 0.00179282868525896
560 0.00209163346613546
561 0.00305444887118194
562 0.00199203187250996
563 0.00239043824701195
564 0.00195883134130146
565 0.00175962815405046
566 0.00126162018592297
567 0.00225763612217795
591 0.00172642762284197
590 0.00225763612217795
593 0.00185922974767596
592 0.00149402390438247
594 0.00175962815405046
597 0.00129482071713147
596 0.000730411686586985
599 0.00142762284196547
598 0.00182602921646746
641 0.00185922974767596
640 0.00156042496679947
643 0.00199203187250996
642 0.00119521912350598
645 0.00262284196547145
644 0.00162682602921647
647 0.00209163346613546
649 0.00185922974767596
618 0.00099601593625498
619 0.00185922974767596
612 0.00109561752988048
613 0.00099601593625498
610 0.00166002656042497
611 0.00182602921646746
616 0.00209163346613546
617 0.00162682602921647
614 0.00172642762284197
615 0.00156042496679947
622 0.00199203187250996
629 0.00212483399734396
628 0.00255644090305445
623 0.00189243027888446
621 0.00192563081009296
620 0.00162682602921647
627 0.00212483399734396
626 0.00215803452855246
625 0.00219123505976096
624 0.00182602921646746
595 0.00185922974767596
656 0.00169322709163347
654 0.00156042496679947
657 0.00139442231075697
655 0.00175962815405046
652 0.00169322709163347
653 0.00129482071713147
650 0.00202523240371846
651 0.00142762284196547
658 0.00156042496679947
659 0.00146082337317397
669 0.00139442231075697
668 0.00132802124833997
667 0.00215803452855246
666 0.00209163346613546
665 0.00106241699867198
664 0.00122841965471448
663 0.00229083665338645
662 0.00205843293492696
661 0.00112881806108898
660 0.00192563081009296
630 0.00212483399734396
631 0.00175962815405046
632 0.00225763612217795
633 0.00199203187250996
634 0.00212483399734396
636 0.00169322709163347
637 0.00169322709163347
639 0.00142762284196547
646 0.00192563081009296
648 0.00172642762284197
605 0.00192563081009296
604 0.00258964143426295
607 0.00192563081009296
606 0.00182602921646746
601 0.000697211155378486
600 0.00172642762284197
603 0.00199203187250996
602 0.00195883134130146
609 0.00162682602921647
608 0.00122841965471448
635 0.00189243027888446
638 0.00209163346613546
719 0.00162682602921647
718 0.00262284196547145
717 0.00149402390438247
716 0.00156042496679947
715 0.00146082337317397
714 0.00159362549800797
713 0.00122841965471448
712 0.00156042496679947
711 0.00122841965471448
710 0.00189243027888446
744 0.00132802124833997
740 0.00136122177954847
741 0.00212483399734396
742 0.00142762284196547
743 0.00229083665338645
745 0.00169322709163347
689 0.00106241699867198
688 0.00162682602921647
685 0.00116201859229748
684 0.00182602921646746
687 0.00132802124833997
686 0.00199203187250996
681 0.00182602921646746
680 0.00175962815405046
683 0.00199203187250996
682 0.00166002656042497
708 0.00146082337317397
709 0.00146082337317397
704 0.00129482071713147
705 0.00179282868525896
706 0.00169322709163347
707 0.00142762284196547
700 0.00126162018592297
701 0.00136122177954847
702 0.00146082337317397
703 0.00209163346613546
692 0.000763612217795485
693 0.00175962815405046
690 0.00166002656042497
691 0.00166002656042497
696 0.00139442231075697
697 0.00202523240371846
694 0.00112881806108898
695 0.00129482071713147
698 0.00195883134130146
699 0.00159362549800797
731 0.00222443559096946
730 0.00162682602921647
733 0.00149402390438247
732 0.00166002656042497
735 0.00159362549800797
734 0.00209163346613546
736 0.00209163346613546
678 0.00162682602921647
679 0.00122841965471448
674 0.000796812749003984
675 0.00169322709163347
676 0.00215803452855246
677 0.00189243027888446
670 0.00199203187250996
671 0.00182602921646746
672 0.00112881806108898
673 0.00152722443559097
737 0.00195883134130146
739 0.00192563081009296
738 0.00149402390438247
726 0.00192563081009296
727 0.00146082337317397
724 0.00152722443559097
725 0.00212483399734396
722 0.00162682602921647
723 0.00219123505976096
720 0.00202523240371846
721 0.00192563081009296
728 0.00222443559096946
729 0.00132802124833997
818 0.00129482071713147
819 0.00152722443559097
810 0.00195883134130146
811 0.00179282868525896
812 0.00278884462151394
813 0.00272244355909695
814 0.00162682602921647
815 0.00179282868525896
816 0.00162682602921647
817 0.00169322709163347
749 0.00142762284196547
746 0.00116201859229748
747 0.00185922974767596
748 0.00169322709163347
758 0.00139442231075697
821 0.00229083665338645
820 0.00169322709163347
822 0.00149402390438247
797 0.000763612217795485
796 0.00142762284196547
795 0.00172642762284197
794 0.00149402390438247
793 0.000830013280212483
792 0.00209163346613546
791 0.00146082337317397
790 0.00152722443559097
799 0.00159362549800797
798 0.00159362549800797
753 0.00142762284196547
752 0.00172642762284197
809 0.00172642762284197
759 0.00166002656042497
775 0.00126162018592297
774 0.00112881806108898
777 0.000796812749003984
776 0.00205843293492696
771 0.00122841965471448
770 0.00129482071713147
773 0.00156042496679947
772 0.00132802124833997
779 0.00102921646746348
778 0.00152722443559097
805 0.00139442231075697
784 0.00179282868525896
785 0.00142762284196547
786 0.00146082337317397
787 0.00126162018592297
780 0.00106241699867198
781 0.00109561752988048
782 0.00116201859229748
783 0.00142762284196547
788 0.00139442231075697
808 0.00189243027888446
803 0.00116201859229748
802 0.00136122177954847
801 0.00162682602921647
800 0.00166002656042497
807 0.00169322709163347
806 0.00159362549800797
804 0.000863213811420983
768 0.00152722443559097
769 0.00205843293492696
762 0.00179282868525896
763 0.00142762284196547
760 0.00129482071713147
761 0.00162682602921647
766 0.00129482071713147
767 0.00185922974767596
764 0.00132802124833997
765 0.00159362549800797
751 0.00209163346613546
750 0.00149402390438247
757 0.00179282868525896
756 0.000763612217795485
755 0.00169322709163347
754 0.00189243027888446
854 0.00162682602921647
855 0.00119521912350598
856 0.00142762284196547
857 0.00142762284196547
850 0.00149402390438247
851 0.00179282868525896
852 0.00149402390438247
853 0.00192563081009296
858 0.00149402390438247
859 0.00142762284196547
829 0.00116201859229748
828 0.00142762284196547
825 0.00195883134130146
824 0.00102921646746348
827 0.00159362549800797
826 0.00119521912350598
823 0.00132802124833997
869 0.00109561752988048
868 0.00189243027888446
861 0.00179282868525896
860 0.00185922974767596
863 0.00162682602921647
862 0.00162682602921647
865 0.00182602921646746
864 0.00166002656042497
867 0.00209163346613546
866 0.00179282868525896
883 0.00185922974767596
882 0.00166002656042497
881 0.00156042496679947
880 0.00169322709163347
887 0.00179282868525896
886 0.00175962815405046
885 0.00182602921646746
889 0.00179282868525896
888 0.00166002656042497
832 0.00139442231075697
833 0.00159362549800797
830 0.00189243027888446
831 0.00205843293492696
836 0.00149402390438247
837 0.00215803452855246
834 0.00152722443559097
835 0.00166002656042497
838 0.00142762284196547
839 0.00116201859229748
789 0.00049800796812749
884 0.00159362549800797
878 0.00179282868525896
879 0.00159362549800797
876 0.00172642762284197
877 0.00166002656042497
874 0.00156042496679947
875 0.00149402390438247
872 0.00146082337317397
873 0.00199203187250996
870 0.00212483399734396
871 0.00159362549800797
890 0.00195883134130146
891 0.00126162018592297
892 0.00149402390438247
893 0.00202523240371846
894 0.00162682602921647
895 0.00156042496679947
896 0.00159362549800797
847 0.00126162018592297
846 0.00136122177954847
845 0.00192563081009296
844 0.00205843293492696
843 0.00156042496679947
842 0.00156042496679947
841 0.00136122177954847
840 0.00152722443559097
849 0.00149402390438247
848 0.00116201859229748
902 0.00126162018592297
903 0.00139442231075697
900 0.00179282868525896
901 0.00129482071713147
906 0.00132802124833997
907 0.00132802124833997
904 0.00166002656042497
905 0.00129482071713147
908 0.00139442231075697
909 0.00122841965471448
948 0.00119521912350598
949 0.00129482071713147
946 0.00112881806108898
947 0.00106241699867198
944 0.00159362549800797
945 0.00146082337317397
942 0.00119521912350598
943 0.00139442231075697
940 0.00136122177954847
941 0.00099601593625498
939 0.00136122177954847
938 0.00109561752988048
933 0.00122841965471448
932 0.00169322709163347
931 0.00126162018592297
930 0.00172642762284197
937 0.00109561752988048
936 0.00099601593625498
935 0.00129482071713147
934 0.00122841965471448
928 0.00172642762284197
929 0.00129482071713147
920 0.00132802124833997
921 0.00122841965471448
922 0.00142762284196547
923 0.00166002656042497
924 0.00129482071713147
925 0.00132802124833997
926 0.00162682602921647
927 0.00209163346613546
964 0.00102921646746348
965 0.00149402390438247
966 0.00152722443559097
967 0.00106241699867198
960 0.00152722443559097
961 0.00146082337317397
962 0.00126162018592297
963 0.00116201859229748
897 0.00152722443559097
898 0.00152722443559097
899 0.00149402390438247
919 0.000796812749003984
918 0.00152722443559097
915 0.00129482071713147
914 0.00126162018592297
917 0.00139442231075697
916 0.00132802124833997
911 0.00116201859229748
910 0.00102921646746348
913 0.00142762284196547
912 0.00169322709163347
959 0.00159362549800797
958 0.00132802124833997
951 0.00212483399734396
950 0.00162682602921647
953 0.00129482071713147
952 0.00189243027888446
955 0.00162682602921647
954 0.00166002656042497
957 0.00109561752988048
956 0.00149402390438247
1018 0.00268924302788845
1019 0.00275564409030544
1014 0.00112881806108898
1015 0.000929614873837981
1016 0.00112881806108898
1017 0.00156042496679947
1010 0.000929614873837981
1011 0.00258964143426295
1012 0.00275564409030544
1013 0.00219123505976096
1009 0.00112881806108898
1008 0.00275564409030544
1007 0.00109561752988048
1006 0.00119521912350598
1005 0.00119521912350598
1004 0.00116201859229748
1003 0.00099601593625498
1002 0.00225763612217795
1001 0.00119521912350598
1000 0.00132802124833997
977 0.00126162018592297
976 0.00152722443559097
975 0.00136122177954847
974 0.00116201859229748
973 0.00116201859229748
972 0.000830013280212483
971 0.00122841965471448
970 0.000697211155378486
979 0.000763612217795485
978 0.00122841965471448
1042 0.00129482071713147
1041 0.00146082337317397
1040 0.00116201859229748
995 0.00112881806108898
994 0.00295484727755644
997 0.00205843293492696
996 0.00116201859229748
991 0.000597609561752988
990 0.00119521912350598
993 0.00122841965471448
992 0.00119521912350598
999 0.00212483399734396
998 0.00109561752988048
1039 0.000863213811420983
1032 0.00149402390438247
1030 0.00159362549800797
1031 0.00239043824701195
1036 0.00239043824701195
1037 0.00156042496679947
1034 0.00152722443559097
1035 0.00132802124833997
968 0.00109561752988048
969 0.00129482071713147
1033 0.00146082337317397
988 0.000962815405046481
989 0.000929614873837981
982 0.00146082337317397
983 0.00132802124833997
980 0.00119521912350598
981 0.00122841965471448
986 0.00136122177954847
987 0.00116201859229748
984 0.00146082337317397
985 0.00102921646746348
1038 0.00149402390438247
1025 0.00239043824701195
1024 0.00129482071713147
1027 0.00189243027888446
1026 0.00126162018592297
1021 0.00116201859229748
1020 0.00219123505976096
1023 0.00285524568393094
1022 0.00136122177954847
1029 0.00166002656042497
1028 0.00146082337317397
1069 0.00219123505976096
1068 0.00136122177954847
1061 0.00199203187250996
1060 0.00249003984063745
1063 0.00129482071713147
1062 0.00139442231075697
1065 0.00142762284196547
1064 0.00146082337317397
1067 0.00172642762284197
1066 0.00126162018592297
1087 0.00152722443559097
1086 0.00152722443559097
1085 0.00182602921646746
1084 0.00132802124833997
1083 0.00142762284196547
1082 0.00152722443559097
1081 0.00189243027888446
1080 0.00152722443559097
1120 0.00175962815405046
1089 0.00175962815405046
1088 0.00159362549800797
1050 0.00166002656042497
1051 0.00172642762284197
1052 0.00149402390438247
1053 0.00162682602921647
1054 0.00136122177954847
1055 0.00159362549800797
1056 0.00132802124833997
1057 0.00235723771580345
1058 0.00136122177954847
1059 0.00152722443559097
1043 0.000697211155378486
1047 0.00175962815405046
1046 0.00172642762284197
1045 0.00212483399734396
1044 0.00222443559096946
1049 0.00195883134130146
1048 0.00229083665338645
1106 0.00146082337317397
1107 0.00109561752988048
1104 0.00126162018592297
1105 0.00249003984063745
1102 0.00126162018592297
1103 0.00112881806108898
1100 0.00162682602921647
1101 0.00215803452855246
1108 0.00175962815405046
1109 0.00225763612217795
1099 0.00162682602921647
1078 0.00192563081009296
1079 0.00162682602921647
1076 0.00189243027888446
1077 0.00132802124833997
1074 0.00185922974767596
1075 0.00146082337317397
1072 0.00129482071713147
1073 0.00102921646746348
1070 0.00129482071713147
1071 0.00126162018592297
1094 0.00139442231075697
1095 0.00136122177954847
1096 0.00136122177954847
1097 0.00136122177954847
1090 0.00265604249667995
1091 0.00185922974767596
1092 0.00129482071713147
1093 0.00192563081009296
1098 0.00139442231075697
1111 0.00116201859229748
1110 0.00235723771580345
1113 0.00122841965471448
1112 0.00185922974767596
1115 0.00142762284196547
1114 0.00215803452855246
1117 0.00162682602921647
1116 0.00215803452855246
1119 0.00182602921646746
1118 0.00225763612217795
1121 0.00116201859229748
1122 0.00136122177954847
1123 0.00139442231075697
1124 0.00126162018592297
1125 0.00126162018592297
1126 0.00129482071713147
1127 0.00146082337317397
1190 0.00179282868525896
1193 0.00099601593625498
1192 0.00199203187250996
1195 0.00122841965471448
1194 0.000697211155378486
1197 0.00102921646746348
1196 0.00132802124833997
1177 0.00162682602921647
1176 0.00239043824701195
1175 0.00205843293492696
1174 0.00126162018592297
1173 0.00205843293492696
1172 0.00106241699867198
1171 0.00132802124833997
1170 0.00212483399734396
1179 0.00149402390438247
1178 0.00152722443559097
1191 0.00142762284196547
1139 0.00205843293492696
1138 0.00209163346613546
1133 0.00146082337317397
1132 0.00179282868525896
1131 0.000730411686586985
1130 0.00152722443559097
1137 0.00146082337317397
1136 0.00166002656042497
1135 0.00156042496679947
1134 0.00102921646746348
1128 0.00109561752988048
1129 0.00185922974767596
1151 0.00139442231075697
1142 0.00219123505976096
1143 0.00192563081009296
1140 0.00162682602921647
1141 0.000962815405046481
1146 0.00129482071713147
1147 0.00142762284196547
1144 0.00242363877822045
1145 0.00122841965471448
1148 0.00132802124833997
1149 0.00179282868525896
1188 0.00169322709163347
1182 0.00199203187250996
1201 0.00182602921646746
1169 0.00175962815405046
1159 0.00139442231075697
1158 0.00222443559096946
1199 0.00139442231075697
1198 0.00142762284196547
1155 0.00202523240371846
1154 0.00122841965471448
1157 0.00156042496679947
1156 0.00129482071713147
1150 0.00129482071713147
1153 0.00119521912350598
1152 0.00139442231075697
1189 0.00156042496679947
1186 0.000896414342629482
1187 0.00136122177954847
1184 0.00159362549800797
1185 0.00182602921646746
1183 0.00099601593625498
1180 0.00109561752988048
1181 0.00242363877822045
1164 0.00129482071713147
1165 0.00182602921646746
1166 0.00225763612217795
1167 0.00209163346613546
1160 0.00175962815405046
1161 0.00179282868525896
1162 0.00192563081009296
1163 0.00195883134130146
1205 0.00205843293492696
1204 0.00112881806108898
1207 0.00139442231075697
1206 0.00152722443559097
1168 0.00209163346613546
1200 0.00169322709163347
1203 0.00102921646746348
1202 0.00159362549800797
1269 0.00265604249667995
1261 0.00126162018592297
1260 0.00232403718459495
1258 0.00262284196547145
1234 0.00182602921646746
1235 0.00142762284196547
1236 0.00122841965471448
1237 0.00132802124833997
1230 0.00132802124833997
1231 0.000365205843293493
1232 0.00146082337317397
1233 0.00109561752988048
1238 0.00049800796812749
1239 0.00119521912350598
1241 0.00142762284196547
1240 0.00192563081009296
1243 0.00149402390438247
1242 0.00049800796812749
1245 0.00146082337317397
1244 0.00189243027888446
1247 0.000896414342629482
1246 0.00212483399734396
1249 0.00258964143426295
1248 0.00209163346613546
1279 0.00292164674634794
1270 0.00262284196547145
1271 0.00252324037184595
1272 0.00288844621513944
1273 0.00282204515272244
1274 0.00126162018592297
1275 0.00272244355909695
1285 0.00192563081009296
1284 0.00278884462151394
1287 0.00275564409030544
1286 0.00219123505976096
1281 0.000796812749003984
1280 0.00288844621513944
1283 0.00275564409030544
1278 0.00285524568393094
1276 0.00275564409030544
1277 0.00262284196547145
1227 0.000962815405046481
1226 0.000796812749003984
1225 0.000763612217795485
1224 0.00129482071713147
1223 0.00126162018592297
1222 0.00119521912350598
1221 0.00106241699867198
1220 0.00142762284196547
1229 0.00109561752988048
1228 0.000365205843293493
1288 0.00232403718459495
1268 0.00232403718459495
1263 0.00322045152722444
1262 0.00126162018592297
1267 0.00242363877822045
1266 0.00192563081009296
1265 0.00312084993359894
1264 0.00278884462151394
1209 0.00139442231075697
1212 0.00126162018592297
1213 0.00156042496679947
1210 0.00169322709163347
1211 0.00116201859229748
1216 0.00132802124833997
1217 0.00129482071713147
1214 0.00132802124833997
1215 0.00116201859229748
1218 0.00112881806108898
1219 0.000431606905710491
1256 0.00209163346613546
1257 0.00258964143426295
1254 0.00225763612217795
1255 0.00122841965471448
1252 0.00209163346613546
1253 0.00302124833997344
1250 0.00166002656042497
1251 0.00232403718459495
1259 0.00322045152722444
1282 0.00288844621513944
1208 0.000365205843293493
1339 0.000796812749003984
1338 0.000597609561752988
1335 0.000664010624169987
1334 0.000564409030544489
1337 0.000896414342629482
1336 0.000830013280212483
1331 0.000929614873837981
1330 0.000962815405046481
1333 0.000863213811420983
1332 0.000365205843293493
1352 0.000962815405046481
1317 0.000962815405046481
1316 0.000564409030544489
1315 0.00102921646746348
1314 0.00109561752988048
1351 0.000763612217795485
1312 0.000962815405046481
1289 0.000863213811420983
1304 0.000896414342629482
1306 0.00109561752988048
1307 0.00102921646746348
1300 0.00159362549800797
1301 0.00109561752988048
1302 0.000896414342629482
1303 0.000962815405046481
1308 0.00146082337317397
1309 0.00112881806108898
1346 0.000796812749003984
1347 0.000630810092961487
1311 0.00099601593625498
1348 0.000962815405046481
1340 0.000464807436918991
1341 0.000830013280212483
1342 0.00106241699867198
1343 0.000697211155378486
1344 0.000730411686586985
1345 0.00106241699867198
1310 0.000664010624169987
1313 0.00106241699867198
1319 0.000630810092961487
1318 0.000962815405046481
1305 0.00126162018592297
1359 0.00116201859229748
1358 0.00116201859229748
1353 0.000962815405046481
1357 0.00112881806108898
1356 0.00102921646746348
1355 0.000863213811420983
1292 0.00149402390438247
1293 0.00152722443559097
1322 0.00116201859229748
1323 0.000697211155378486
1320 0.000896414342629482
1326 0.00106241699867198
1327 0.000564409030544489
1324 0.000896414342629482
1325 0.000564409030544489
1328 0.000630810092961487
1329 0.000664010624169987
1321 0.000597609561752988
1349 0.000630810092961487
1298 0.00162682602921647
1299 0.00156042496679947
1290 0.00222443559096946
1291 0.00156042496679947
1296 0.00162682602921647
1297 0.000796812749003984
1294 0.00099601593625498
1295 0.00169322709163347
1350 0.000929614873837981
1354 0.000962815405046481
1364 0.000564409030544489
1362 0.000630810092961487
1363 0.00109561752988048
1360 0.000796812749003984
1361 0.00106241699867198
1398 0.000564409030544489
1391 0.000830013280212483
1390 0.000730411686586985
1409 0.000431606905710491
1408 0.000730411686586985
1403 0.000564409030544489
1402 0.000564409030544489
1401 0.000697211155378486
1400 0.000564409030544489
1407 0.000630810092961487
1406 0.000796812749003984
1448 0.000597609561752988
1440 0.000697211155378486
1450 0.000464807436918991
1451 0.000232403718459495
1371 0.000630810092961487
1370 0.000365205843293493
1373 0.000431606905710491
1372 0.000763612217795485
1375 0.000863213811420983
1374 0.000531208499335989
1377 0.000697211155378486
1376 0.000398406374501992
1379 0.000730411686586985
1378 0.000564409030544489
1436 0.00099601593625498
1437 0.000431606905710491
1434 0.000863213811420983
1435 0.000896414342629482
1432 0.000962815405046481
1433 0.000830013280212483
1430 0.00099601593625498
1431 0.000863213811420983
1438 0.000896414342629482
1439 0.000664010624169987
1388 0.000730411686586985
1389 0.000763612217795485
1384 0.000896414342629482
1385 0.000730411686586985
1386 0.000830013280212483
1387 0.000398406374501992
1380 0.000697211155378486
1381 0.000730411686586985
1382 0.000531208499335989
1383 0.000863213811420983
1421 0.000730411686586985
1420 0.000531208499335989
1423 0.000564409030544489
1422 0.000763612217795485
1425 0.000896414342629482
1424 0.000730411686586985
1427 0.000697211155378486
1426 0.000664010624169987
1429 0.000962815405046481
1428 0.000962815405046481
1447 0.000564409030544489
1444 0.000597609561752988
1443 0.000365205843293493
1442 0.000630810092961487
1418 0.000531208499335989
1419 0.000630810092961487
1449 0.000531208499335989
1410 0.000630810092961487
1411 0.000730411686586985
1412 0.000464807436918991
1413 0.000730411686586985
1414 0.000730411686586985
1415 0.000664010624169987
1416 0.000564409030544489
1417 0.00049800796812749
1399 0.000730411686586985
1397 0.000796812749003984
1396 0.000664010624169987
1395 0.000763612217795485
1394 0.000763612217795485
1393 0.000298804780876494
1392 0.000365205843293493
1405 0.000730411686586985
1404 0.000664010624169987
1446 0.000664010624169987
1445 0.000630810092961487
1441 0.000697211155378486
1366 0.000597609561752988
1367 0.000564409030544489
1365 0.000597609561752988
1368 0.000763612217795485
1369 0.00049800796812749
1490 0.000199203187250996
1491 0.000232403718459495
1492 0.000232403718459495
1493 0.000265604249667995
1494 0.000232403718459495
1495 0.000166002656042497
1496 0.000232403718459495
1497 0.000132802124833997
1498 0.000132802124833997
1499 0.000132802124833997
1454 0.000431606905710491
1453 0.000132802124833997
1457 0.000298804780876494
1472 9.9601593625498e-05
1473 0.000232403718459495
1470 0.000199203187250996
1471 0.000199203187250996
1476 9.9601593625498e-05
1477 0.000232403718459495
1474 0.000166002656042497
1475 0.000132802124833997
1478 0.000132802124833997
1479 0.000199203187250996
1483 0.000132802124833997
1482 0.000132802124833997
1481 9.9601593625498e-05
1480 6.64010624169987e-05
1487 0.000199203187250996
1486 0.000199203187250996
1485 0.000232403718459495
1484 0.000232403718459495
1489 0.000132802124833997
1488 0.000132802124833997
1502 0.000166002656042497
1503 0.000166002656042497
1500 0.000132802124833997
1501 0.000132802124833997
1506 0.000132802124833997
1504 0.000166002656042497
1505 0.000132802124833997
1469 0.000232403718459495
1468 0.000199203187250996
1465 0.000232403718459495
1464 0.000199203187250996
1467 0.000232403718459495
1466 0.000166002656042497
1461 0.000132802124833997
1460 0.000199203187250996
1463 0.000232403718459495
1462 0.000132802124833997
1455 0.000232403718459495
1456 9.9601593625498e-05
1452 0.000332005312084993
1458 0.000166002656042497
1459 0.000166002656042497
