1 0.00265604249667995
0 0.0106241699867198
2 0.00332005312084993
30 0.0139442231075697
54 0.0119521912350598
37 0.0139442231075697
48 0.0146082337317397
45 0.0159362549800797
43 0.0106241699867198
60 0.0119521912350598
61 0.0146082337317397
62 0.0252324037184595
36 0.0119521912350598
64 0.0126162018592297
35 0.0225763612217795
66 0.0152722443559097
67 0.0132802124833997
68 0.0205843293492696
69 0.0398406374501992
80 0.0205843293492696
81 0.0139442231075697
84 0.0172642762284197
24 0.0166002656042497
25 0.0132802124833997
26 0.0126162018592297
27 0.0146082337317397
20 0.0265604249667995
21 0.0239043824701195
22 0.00730411686586985
49 0.00929614873837981
46 0.0172642762284197
23 0.00929614873837981
44 0.0119521912350598
42 0.0139442231075697
28 0.0166002656042497
29 0.0146082337317397
40 0.0146082337317397
41 0.0172642762284197
3 0.0099601593625498
5 0.00265604249667995
4 0.00132802124833997
7 0.0139442231075697
6 0.00132802124833997
9 0.0166002656042497
8 0.00531208499335989
52 0.0106241699867198
82 0.0166002656042497
74 0.0132802124833997
78 0.0172642762284197
83 0.0152722443559097
39 0.0219123505976096
77 0.0192563081009296
76 0.0179282868525896
75 0.0199203187250996
38 0.0152722443559097
47 0.0152722443559097
72 0.0199203187250996
71 0.0126162018592297
70 0.0219123505976096
59 0.0166002656042497
79 0.0219123505976096
58 0.0185922974767596
11 0.0312084993359894
10 0.00531208499335989
13 0.00398406374501992
12 0.0159362549800797
15 0.0099601593625498
14 0.0139442231075697
17 0.00796812749003984
16 0.00398406374501992
19 0.0159362549800797
18 0.00796812749003984
31 0.0172642762284197
56 0.0265604249667995
51 0.0258964143426295
50 0.0225763612217795
53 0.0298804780876494
34 0.0106241699867198
33 0.0345285524568393
55 0.0278884462151394
63 0.0132802124833997
32 0.00796812749003984
73 0.0159362549800797
57 0.0106241699867198
65 0.0106241699867198
133 0.0159362549800797
164 0.0351925630810093
131 0.0212483399734396
130 0.0185922974767596
137 0.0159362549800797
136 0.0205843293492696
135 0.0212483399734396
90 0.0185922974767596
139 0.0166002656042497
138 0.0245683930942895
93 0.0159362549800797
160 0.0272244355909695
161 0.0212483399734396
163 0.0245683930942895
87 0.0179282868525896
119 0.0205843293492696
120 0.0192563081009296
121 0.0225763612217795
122 0.0205843293492696
123 0.0219123505976096
124 0.0298804780876494
125 0.0298804780876494
126 0.0219123505976096
127 0.0199203187250996
128 0.0166002656042497
129 0.0185922974767596
132 0.0179282868525896
134 0.0219123505976096
115 0.0219123505976096
114 0.0338645418326693
88 0.0152722443559097
116 0.0285524568393094
111 0.0245683930942895
110 0.0232403718459495
113 0.0192563081009296
112 0.0139442231075697
86 0.0132802124833997
118 0.0318725099601594
85 0.0166002656042497
108 0.0146082337317397
109 0.0258964143426295
102 0.0312084993359894
103 0.0358565737051793
100 0.0318725099601594
101 0.0166002656042497
106 0.0391766268260292
107 0.0219123505976096
104 0.0152722443559097
105 0.0152722443559097
171 0.0332005312084993
170 0.0278884462151394
167 0.0212483399734396
97 0.0159362549800797
99 0.0192563081009296
98 0.0159362549800797
168 0.0272244355909695
169 0.0258964143426295
91 0.0345285524568393
165 0.0205843293492696
166 0.0285524568393094
92 0.0159362549800797
95 0.0205843293492696
94 0.0159362549800797
162 0.0292164674634794
96 0.0172642762284197
117 0.0212483399734396
89 0.0159362549800797
151 0.0185922974767596
150 0.0192563081009296
153 0.0199203187250996
152 0.0212483399734396
155 0.0185922974767596
154 0.0139442231075697
157 0.0239043824701195
156 0.0219123505976096
159 0.0351925630810093
158 0.0272244355909695
146 0.0172642762284197
147 0.0245683930942895
144 0.0199203187250996
145 0.0219123505976096
142 0.0199203187250996
143 0.0212483399734396
140 0.0179282868525896
141 0.0172642762284197
148 0.0205843293492696
149 0.0219123505976096
216 0.0298804780876494
217 0.0265604249667995
214 0.0358565737051793
215 0.0239043824701195
212 0.0252324037184595
213 0.0192563081009296
210 0.0232403718459495
211 0.0292164674634794
218 0.0185922974767596
219 0.0225763612217795
227 0.0424966799468791
224 0.0258964143426295
262 0.0219123505976096
259 0.0192563081009296
201 0.0252324037184595
199 0.052456839309429
198 0.0232403718459495
200 0.0258964143426295
195 0.0199203187250996
194 0.0232403718459495
197 0.0405046480743692
196 0.0544488711819389
191 0.0199203187250996
190 0.0219123505976096
193 0.0199203187250996
192 0.0272244355909695
253 0.0239043824701195
205 0.0285524568393094
251 0.0278884462151394
207 0.0391766268260292
256 0.0258964143426295
206 0.0205843293492696
226 0.0258964143426295
172 0.0219123505976096
177 0.0219123505976096
254 0.0159362549800797
247 0.0292164674634794
255 0.0166002656042497
225 0.0318725099601594
178 0.0245683930942895
244 0.0245683930942895
241 0.0232403718459495
240 0.0278884462151394
243 0.0298804780876494
242 0.0305444887118194
245 0.0258964143426295
252 0.0212483399734396
223 0.0272244355909695
176 0.0212483399734396
258 0.0265604249667995
179 0.0265604249667995
250 0.0305444887118194
174 0.0338645418326693
173 0.0212483399734396
257 0.0424966799468791
203 0.0219123505976096
249 0.0232403718459495
175 0.0239043824701195
248 0.0219123505976096
182 0.0378486055776892
183 0.0205843293492696
180 0.0318725099601594
181 0.0219123505976096
186 0.0239043824701195
187 0.0212483399734396
184 0.0199203187250996
188 0.0258964143426295
189 0.0564409030544489
202 0.0192563081009296
221 0.0265604249667995
185 0.0219123505976096
229 0.0438247011952191
228 0.0252324037184595
222 0.0358565737051793
220 0.0278884462151394
204 0.0172642762284197
238 0.0278884462151394
239 0.0265604249667995
234 0.052456839309429
235 0.0225763612217795
236 0.0192563081009296
237 0.0298804780876494
230 0.0239043824701195
231 0.0252324037184595
232 0.0212483399734396
233 0.0179282868525896
209 0.0245683930942895
208 0.0371845949535193
263 0.0239043824701195
261 0.0272244355909695
260 0.0378486055776892
246 0.0245683930942895
264 0.0245683930942895
322 0.0179282868525896
289 0.0272244355909695
334 0.0265604249667995
281 0.0305444887118194
280 0.0312084993359894
283 0.0610889774236388
282 0.0258964143426295
284 0.0431606905710491
287 0.0272244355909695
286 0.0325365205843293
336 0.0225763612217795
265 0.0172642762284197
269 0.0245683930942895
268 0.0152722443559097
298 0.0332005312084993
299 0.0205843293492696
296 0.0192563081009296
297 0.0371845949535193
295 0.0272244355909695
292 0.0278884462151394
293 0.0265604249667995
291 0.0318725099601594
319 0.0232403718459495
316 0.0278884462151394
315 0.0305444887118194
276 0.0444887118193891
278 0.0252324037184595
279 0.0365205843293493
312 0.0318725099601594
308 0.0258964143426295
309 0.0292164674634794
300 0.0431606905710491
301 0.0325365205843293
302 0.0179282868525896
303 0.0245683930942895
304 0.0292164674634794
305 0.0212483399734396
306 0.0272244355909695
307 0.0205843293492696
290 0.0219123505976096
339 0.0232403718459495
338 0.0205843293492696
335 0.0411686586985392
337 0.0345285524568393
331 0.0252324037184595
330 0.0205843293492696
333 0.0405046480743692
332 0.0378486055776892
272 0.0225763612217795
288 0.0358565737051793
313 0.0258964143426295
311 0.0252324037184595
310 0.0292164674634794
273 0.0185922974767596
317 0.0245683930942895
271 0.0272244355909695
314 0.0292164674634794
274 0.0225763612217795
275 0.0219123505976096
285 0.0212483399734396
318 0.0272244355909695
323 0.0292164674634794
320 0.0272244355909695
321 0.0205843293492696
327 0.0219123505976096
324 0.0245683930942895
325 0.0205843293492696
328 0.0258964143426295
329 0.0338645418326693
294 0.0245683930942895
270 0.0185922974767596
267 0.0239043824701195
326 0.0371845949535193
266 0.0212483399734396
344 0.0312084993359894
346 0.0252324037184595
347 0.0219123505976096
340 0.0232403718459495
341 0.0225763612217795
342 0.0219123505976096
343 0.0285524568393094
348 0.0252324037184595
349 0.0205843293492696
277 0.0146082337317397
345 0.0345285524568393
407 0.0212483399734396
406 0.0225763612217795
405 0.0205843293492696
404 0.0272244355909695
403 0.0225763612217795
402 0.0258964143426295
401 0.0219123505976096
400 0.0298804780876494
409 0.0239043824701195
408 0.0225763612217795
379 0.0192563081009296
378 0.0239043824701195
371 0.0219123505976096
370 0.0252324037184595
373 0.0245683930942895
372 0.0272244355909695
375 0.0278884462151394
374 0.0245683930942895
377 0.0192563081009296
376 0.0278884462151394
393 0.0371845949535193
392 0.0298804780876494
397 0.0252324037184595
396 0.0232403718459495
395 0.0292164674634794
394 0.0232403718459495
399 0.0332005312084993
414 0.0258964143426295
415 0.0205843293492696
416 0.0179282868525896
417 0.0431606905710491
410 0.0431606905710491
411 0.0179282868525896
412 0.0172642762284197
413 0.0232403718459495
418 0.0212483399734396
419 0.0166002656042497
368 0.0185922974767596
369 0.0245683930942895
366 0.0252324037184595
367 0.0185922974767596
364 0.0232403718459495
365 0.0298804780876494
362 0.0252324037184595
363 0.0205843293492696
360 0.0298804780876494
361 0.0239043824701195
380 0.0278884462151394
381 0.0285524568393094
382 0.0252324037184595
383 0.0285524568393094
384 0.0305444887118194
385 0.0239043824701195
386 0.0252324037184595
387 0.0338645418326693
388 0.0212483399734396
389 0.0265604249667995
357 0.0272244355909695
356 0.0272244355909695
355 0.0411686586985392
354 0.0245683930942895
353 0.0252324037184595
352 0.0205843293492696
351 0.0298804780876494
350 0.0305444887118194
359 0.0192563081009296
358 0.0285524568393094
421 0.0245683930942895
420 0.0212483399734396
423 0.0146082337317397
422 0.0192563081009296
425 0.0185922974767596
424 0.0245683930942895
426 0.0205843293492696
391 0.0232403718459495
390 0.0205843293492696
398 0.0252324037184595
449 0.0305444887118194
448 0.0272244355909695
443 0.0185922974767596
442 0.0272244355909695
441 0.0325365205843293
440 0.0112881806108898
447 0.0325365205843293
446 0.0239043824701195
445 0.0325365205843293
444 0.0159362549800797
438 0.0272244355909695
439 0.0152722443559097
436 0.0139442231075697
437 0.0278884462151394
434 0.0146082337317397
435 0.0119521912350598
432 0.0292164674634794
433 0.0152722443559097
430 0.0438247011952191
431 0.0292164674634794
499 0.0245683930942895
494 0.0292164674634794
495 0.0292164674634794
497 0.0212483399734396
490 0.0258964143426295
491 0.0219123505976096
492 0.0245683930942895
493 0.0205843293492696
518 0.0265604249667995
511 0.0424966799468791
510 0.0272244355909695
513 0.0292164674634794
512 0.0225763612217795
515 0.0239043824701195
514 0.0305444887118194
517 0.0232403718459495
516 0.0272244355909695
458 0.0285524568393094
459 0.0252324037184595
450 0.0232403718459495
451 0.0205843293492696
452 0.0205843293492696
453 0.0245683930942895
454 0.0212483399734396
455 0.0239043824701195
456 0.0272244355909695
457 0.0258964143426295
498 0.0252324037184595
496 0.0298804780876494
508 0.0258964143426295
509 0.0239043824701195
506 0.0252324037184595
507 0.048472775564409
504 0.0265604249667995
505 0.051128818061089
502 0.0265604249667995
503 0.0471447543160691
500 0.0265604249667995
501 0.0245683930942895
469 0.0225763612217795
468 0.0272244355909695
465 0.0219123505976096
464 0.0199203187250996
467 0.0252324037184595
466 0.0205843293492696
461 0.0278884462151394
460 0.0199203187250996
463 0.0219123505976096
462 0.0232403718459495
429 0.0132802124833997
428 0.0159362549800797
427 0.0199203187250996
489 0.0225763612217795
488 0.0192563081009296
487 0.0225763612217795
486 0.0239043824701195
485 0.0225763612217795
484 0.0305444887118194
483 0.0212483399734396
482 0.0225763612217795
481 0.0318725099601594
480 0.0285524568393094
472 0.0199203187250996
473 0.0318725099601594
470 0.0292164674634794
471 0.0232403718459495
476 0.0205843293492696
477 0.0245683930942895
474 0.0245683930942895
475 0.0245683930942895
478 0.051792828685259
479 0.0292164674634794
524 0.0239043824701195
525 0.0199203187250996
526 0.0292164674634794
527 0.0258964143426295
520 0.0265604249667995
521 0.0418326693227092
522 0.0245683930942895
523 0.0265604249667995
528 0.0252324037184595
529 0.0265604249667995
559 0.0245683930942895
558 0.0278884462151394
555 0.0239043824701195
554 0.0258964143426295
557 0.0219123505976096
556 0.0185922974767596
551 0.0205843293492696
550 0.0212483399734396
553 0.0212483399734396
552 0.0225763612217795
586 0.0212483399734396
587 0.0199203187250996
584 0.0225763612217795
585 0.0252324037184595
582 0.0239043824701195
583 0.0232403718459495
580 0.0258964143426295
581 0.0239043824701195
588 0.0305444887118194
589 0.0225763612217795
519 0.0318725099601594
542 0.0245683930942895
543 0.0272244355909695
540 0.0265604249667995
541 0.0258964143426295
546 0.0245683930942895
547 0.0232403718459495
544 0.0205843293492696
545 0.0212483399734396
548 0.0398406374501992
549 0.0245683930942895
579 0.0166002656042497
578 0.0192563081009296
573 0.0239043824701195
572 0.0172642762284197
571 0.0225763612217795
570 0.0411686586985392
577 0.0212483399734396
576 0.0245683930942895
575 0.0232403718459495
574 0.0312084993359894
537 0.0219123505976096
536 0.0212483399734396
535 0.0225763612217795
534 0.0192563081009296
533 0.0338645418326693
532 0.0225763612217795
531 0.0252324037184595
530 0.0312084993359894
539 0.0245683930942895
538 0.0292164674634794
568 0.0245683930942895
569 0.0325365205843293
560 0.0225763612217795
561 0.0278884462151394
562 0.0225763612217795
563 0.0232403718459495
564 0.0219123505976096
565 0.0199203187250996
566 0.0205843293492696
567 0.0385126162018592
591 0.0185922974767596
590 0.0225763612217795
593 0.0252324037184595
592 0.0245683930942895
594 0.0199203187250996
597 0.0185922974767596
596 0.0119521912350598
599 0.0185922974767596
598 0.0179282868525896
641 0.0232403718459495
640 0.0205843293492696
643 0.0312084993359894
642 0.0205843293492696
645 0.051128818061089
644 0.0219123505976096
647 0.0391766268260292
649 0.0252324037184595
618 0.0152722443559097
619 0.0265604249667995
612 0.0159362549800797
613 0.0159362549800797
610 0.0232403718459495
611 0.0318725099601594
616 0.0272244355909695
617 0.0225763612217795
614 0.0285524568393094
615 0.0252324037184595
622 0.0265604249667995
629 0.0252324037184595
628 0.048472775564409
623 0.0285524568393094
621 0.0245683930942895
620 0.0285524568393094
627 0.0258964143426295
626 0.0285524568393094
625 0.0252324037184595
624 0.0245683930942895
595 0.0212483399734396
656 0.0239043824701195
654 0.0239043824701195
657 0.0239043824701195
655 0.0278884462151394
652 0.0205843293492696
653 0.0232403718459495
650 0.0258964143426295
651 0.0185922974767596
658 0.0239043824701195
659 0.0212483399734396
669 0.0219123505976096
668 0.0219123505976096
667 0.0245683930942895
666 0.0232403718459495
665 0.0159362549800797
664 0.0185922974767596
663 0.0272244355909695
662 0.0265604249667995
661 0.0192563081009296
660 0.0245683930942895
630 0.0258964143426295
631 0.0212483399734396
632 0.0278884462151394
633 0.0265604249667995
634 0.0219123505976096
636 0.0199203187250996
637 0.0219123505976096
639 0.0245683930942895
646 0.0239043824701195
648 0.0205843293492696
605 0.0385126162018592
604 0.049136786188579
607 0.0305444887118194
606 0.0172642762284197
601 0.0112881806108898
600 0.0245683930942895
603 0.0239043824701195
602 0.0292164674634794
609 0.0192563081009296
608 0.0205843293492696
635 0.0225763612217795
638 0.0212483399734396
719 0.0219123505976096
718 0.0292164674634794
717 0.0159362549800797
716 0.0159362549800797
715 0.0192563081009296
714 0.0185922974767596
713 0.0166002656042497
712 0.0152722443559097
711 0.0212483399734396
710 0.0278884462151394
744 0.0199203187250996
740 0.0245683930942895
741 0.0265604249667995
742 0.0205843293492696
743 0.0252324037184595
745 0.0212483399734396
689 0.0146082337317397
688 0.0239043824701195
685 0.0152722443559097
684 0.0232403718459495
687 0.0245683930942895
686 0.0219123505976096
681 0.0225763612217795
680 0.0219123505976096
683 0.0232403718459495
682 0.0325365205843293
708 0.0159362549800797
709 0.0205843293492696
704 0.0219123505976096
705 0.0272244355909695
706 0.0272244355909695
707 0.0166002656042497
700 0.0166002656042497
701 0.0199203187250996
702 0.0265604249667995
703 0.0391766268260292
692 0.0132802124833997
693 0.0212483399734396
690 0.0192563081009296
691 0.0332005312084993
696 0.0166002656042497
697 0.0351925630810093
694 0.0139442231075697
695 0.0166002656042497
698 0.0318725099601594
699 0.0232403718459495
731 0.0292164674634794
730 0.0199203187250996
733 0.0205843293492696
732 0.0305444887118194
735 0.0239043824701195
734 0.0245683930942895
736 0.0252324037184595
678 0.0232403718459495
679 0.0219123505976096
674 0.0139442231075697
675 0.0239043824701195
676 0.0239043824701195
677 0.0219123505976096
670 0.0225763612217795
671 0.0298804780876494
672 0.0172642762284197
673 0.0219123505976096
737 0.0239043824701195
739 0.0239043824701195
738 0.0219123505976096
726 0.0285524568393094
727 0.0212483399734396
724 0.0225763612217795
725 0.0292164674634794
722 0.0292164674634794
723 0.0265604249667995
720 0.0252324037184595
721 0.0278884462151394
728 0.0318725099601594
729 0.0192563081009296
818 0.0159362549800797
819 0.0179282868525896
810 0.0245683930942895
811 0.0219123505976096
812 0.0431606905710491
813 0.0424966799468791
814 0.0179282868525896
815 0.0239043824701195
816 0.0258964143426295
817 0.0205843293492696
749 0.0272244355909695
746 0.0172642762284197
747 0.0232403718459495
748 0.0285524568393094
758 0.0172642762284197
821 0.0371845949535193
820 0.0239043824701195
822 0.0205843293492696
797 0.0106241699867198
796 0.0245683930942895
795 0.0292164674634794
794 0.0245683930942895
793 0.0119521912350598
792 0.0351925630810093
791 0.0239043824701195
790 0.0205843293492696
799 0.0225763612217795
798 0.0232403718459495
753 0.0205843293492696
752 0.0232403718459495
809 0.0225763612217795
759 0.0232403718459495
775 0.0199203187250996
774 0.0166002656042497
777 0.0126162018592297
776 0.0345285524568393
771 0.0179282868525896
770 0.0172642762284197
773 0.0219123505976096
772 0.0172642762284197
779 0.0179282868525896
778 0.0278884462151394
805 0.0212483399734396
784 0.0351925630810093
785 0.0179282868525896
786 0.0172642762284197
787 0.0146082337317397
780 0.0152722443559097
781 0.0139442231075697
782 0.0146082337317397
783 0.0172642762284197
788 0.0265604249667995
808 0.0258964143426295
803 0.0166002656042497
802 0.0199203187250996
801 0.0225763612217795
800 0.0278884462151394
807 0.0285524568393094
806 0.0205843293492696
804 0.0126162018592297
768 0.0252324037184595
769 0.0358565737051793
762 0.0258964143426295
763 0.0219123505976096
760 0.0192563081009296
761 0.0265604249667995
766 0.0199203187250996
767 0.0278884462151394
764 0.0199203187250996
765 0.0219123505976096
751 0.0232403718459495
750 0.0199203187250996
757 0.0245683930942895
756 0.0139442231075697
755 0.0239043824701195
754 0.0312084993359894
854 0.0219123505976096
855 0.0172642762284197
856 0.0219123505976096
857 0.0152722443559097
850 0.0192563081009296
851 0.0332005312084993
852 0.0192563081009296
853 0.0225763612217795
858 0.0205843293492696
859 0.0152722443559097
829 0.0172642762284197
828 0.0212483399734396
825 0.0272244355909695
824 0.0185922974767596
827 0.0219123505976096
826 0.0179282868525896
823 0.0185922974767596
869 0.0185922974767596
868 0.0325365205843293
861 0.0278884462151394
860 0.0265604249667995
863 0.0232403718459495
862 0.0272244355909695
865 0.0318725099601594
864 0.0205843293492696
867 0.0332005312084993
866 0.0278884462151394
883 0.0365205843293493
882 0.0179282868525896
881 0.0185922974767596
880 0.0212483399734396
887 0.0185922974767596
886 0.0265604249667995
885 0.0265604249667995
889 0.0225763612217795
888 0.0199203187250996
832 0.0179282868525896
833 0.0225763612217795
830 0.0245683930942895
831 0.0351925630810093
836 0.0219123505976096
837 0.0365205843293493
834 0.0199203187250996
835 0.0239043824701195
838 0.0172642762284197
839 0.0166002656042497
789 0.00863213811420983
884 0.0159362549800797
878 0.0212483399734396
879 0.0199203187250996
876 0.0239043824701195
877 0.0225763612217795
874 0.0212483399734396
875 0.0192563081009296
872 0.0179282868525896
873 0.0305444887118194
870 0.0258964143426295
871 0.0205843293492696
890 0.0391766268260292
891 0.0219123505976096
892 0.0159362549800797
893 0.0265604249667995
894 0.0232403718459495
895 0.0212483399734396
896 0.0285524568393094
847 0.0192563081009296
846 0.0179282868525896
845 0.0305444887118194
844 0.0385126162018592
843 0.0212483399734396
842 0.0205843293492696
841 0.0219123505976096
840 0.0205843293492696
849 0.0179282868525896
848 0.0199203187250996
902 0.0219123505976096
903 0.0239043824701195
900 0.0252324037184595
901 0.0205843293492696
906 0.0219123505976096
907 0.0225763612217795
904 0.0232403718459495
905 0.0219123505976096
908 0.0192563081009296
909 0.0192563081009296
948 0.0179282868525896
949 0.0199203187250996
946 0.0139442231075697
947 0.0146082337317397
944 0.0219123505976096
945 0.0179282868525896
942 0.0152722443559097
943 0.0252324037184595
940 0.0185922974767596
941 0.0159362549800797
939 0.0172642762284197
938 0.0166002656042497
933 0.0192563081009296
932 0.0219123505976096
931 0.0205843293492696
930 0.0252324037184595
937 0.0172642762284197
936 0.0152722443559097
935 0.0192563081009296
934 0.0199203187250996
928 0.0239043824701195
929 0.0205843293492696
920 0.0185922974767596
921 0.0159362549800797
922 0.0185922974767596
923 0.0239043824701195
924 0.0232403718459495
925 0.0232403718459495
926 0.0239043824701195
927 0.0285524568393094
964 0.0146082337317397
965 0.0199203187250996
966 0.0185922974767596
967 0.0152722443559097
960 0.0179282868525896
961 0.0278884462151394
962 0.0159362549800797
963 0.0225763612217795
897 0.0205843293492696
898 0.0185922974767596
899 0.0185922974767596
919 0.0139442231075697
918 0.0212483399734396
915 0.0245683930942895
914 0.0166002656042497
917 0.0232403718459495
916 0.0185922974767596
911 0.0185922974767596
910 0.0166002656042497
913 0.0278884462151394
912 0.0232403718459495
959 0.0179282868525896
958 0.0185922974767596
951 0.0371845949535193
950 0.0185922974767596
953 0.0179282868525896
952 0.0332005312084993
955 0.0192563081009296
954 0.0278884462151394
957 0.0205843293492696
956 0.0225763612217795
1018 0.0292164674634794
1019 0.0312084993359894
1014 0.0146082337317397
1015 0.0126162018592297
1016 0.0166002656042497
1017 0.0199203187250996
1010 0.0132802124833997
1011 0.0285524568393094
1012 0.0305444887118194
1013 0.0278884462151394
1009 0.0172642762284197
1008 0.0298804780876494
1007 0.0166002656042497
1006 0.0159362549800797
1005 0.0152722443559097
1004 0.0166002656042497
1003 0.0126162018592297
1002 0.0292164674634794
1001 0.0166002656042497
1000 0.0199203187250996
977 0.0172642762284197
976 0.0258964143426295
975 0.0245683930942895
974 0.0152722443559097
973 0.0152722443559097
972 0.0119521912350598
971 0.0205843293492696
970 0.0139442231075697
979 0.0132802124833997
978 0.0172642762284197
1042 0.0179282868525896
1041 0.0172642762284197
1040 0.0159362549800797
995 0.0152722443559097
994 0.0391766268260292
997 0.0278884462151394
996 0.0199203187250996
991 0.0119521912350598
990 0.0172642762284197
993 0.0159362549800797
992 0.0152722443559097
999 0.0292164674634794
998 0.0159362549800797
1039 0.0119521912350598
1032 0.0199203187250996
1030 0.0312084993359894
1031 0.0332005312084993
1036 0.0298804780876494
1037 0.0199203187250996
1034 0.0192563081009296
1035 0.0205843293492696
968 0.0185922974767596
969 0.0159362549800797
1033 0.0199203187250996
988 0.0126162018592297
989 0.0126162018592297
982 0.0245683930942895
983 0.0179282868525896
980 0.0172642762284197
981 0.0159362549800797
986 0.0185922974767596
987 0.0166002656042497
984 0.0252324037184595
985 0.0119521912350598
1038 0.0205843293492696
1025 0.0312084993359894
1024 0.0146082337317397
1027 0.0272244355909695
1026 0.0172642762284197
1021 0.0152722443559097
1020 0.0285524568393094
1023 0.0345285524568393
1022 0.0245683930942895
1029 0.0219123505976096
1028 0.0179282868525896
1069 0.0312084993359894
1068 0.0192563081009296
1061 0.0312084993359894
1060 0.0411686586985392
1063 0.0172642762284197
1062 0.0199203187250996
1065 0.0179282868525896
1064 0.0185922974767596
1067 0.0272244355909695
1066 0.0212483399734396
1087 0.0239043824701195
1086 0.0225763612217795
1085 0.0225763612217795
1084 0.0179282868525896
1083 0.0192563081009296
1082 0.0205843293492696
1081 0.0378486055776892
1080 0.0225763612217795
1120 0.0192563081009296
1089 0.0318725099601594
1088 0.0205843293492696
1050 0.0239043824701195
1051 0.0219123505976096
1052 0.0232403718459495
1053 0.0225763612217795
1054 0.0219123505976096
1055 0.0232403718459495
1056 0.0239043824701195
1057 0.0258964143426295
1058 0.0199203187250996
1059 0.0219123505976096
1043 0.0112881806108898
1047 0.0252324037184595
1046 0.0205843293492696
1045 0.0265604249667995
1044 0.0258964143426295
1049 0.0258964143426295
1048 0.0252324037184595
1106 0.0212483399734396
1107 0.0166002656042497
1104 0.0166002656042497
1105 0.0332005312084993
1102 0.0166002656042497
1103 0.0146082337317397
1100 0.0232403718459495
1101 0.0285524568393094
1108 0.0345285524568393
1109 0.0245683930942895
1099 0.0252324037184595
1078 0.0272244355909695
1079 0.0212483399734396
1076 0.0258964143426295
1077 0.0152722443559097
1074 0.0239043824701195
1075 0.0192563081009296
1072 0.0199203187250996
1073 0.0159362549800797
1070 0.0185922974767596
1071 0.0212483399734396
1094 0.0166002656042497
1095 0.0205843293492696
1096 0.0192563081009296
1097 0.0179282868525896
1090 0.0358565737051793
1091 0.0252324037184595
1092 0.0166002656042497
1093 0.0292164674634794
1098 0.0212483399734396
1111 0.0179282868525896
1110 0.0318725099601594
1113 0.0185922974767596
1112 0.0278884462151394
1115 0.0185922974767596
1114 0.0305444887118194
1117 0.0199203187250996
1116 0.0258964143426295
1119 0.0225763612217795
1118 0.0285524568393094
1121 0.0152722443559097
1122 0.0185922974767596
1123 0.0185922974767596
1124 0.0239043824701195
1125 0.0185922974767596
1126 0.0192563081009296
1127 0.0219123505976096
1190 0.0285524568393094
1193 0.0146082337317397
1192 0.0272244355909695
1195 0.0179282868525896
1194 0.0132802124833997
1197 0.0199203187250996
1196 0.0192563081009296
1177 0.0252324037184595
1176 0.0285524568393094
1175 0.0265604249667995
1174 0.0166002656042497
1173 0.0258964143426295
1172 0.0152722443559097
1171 0.0172642762284197
1170 0.0272244355909695
1179 0.0205843293492696
1178 0.0245683930942895
1191 0.0205843293492696
1139 0.0258964143426295
1138 0.0312084993359894
1133 0.0192563081009296
1132 0.0232403718459495
1131 0.0139442231075697
1130 0.0212483399734396
1137 0.0212483399734396
1136 0.0225763612217795
1135 0.0192563081009296
1134 0.0192563081009296
1128 0.0159362549800797
1129 0.0205843293492696
1151 0.0185922974767596
1142 0.0338645418326693
1143 0.0272244355909695
1140 0.0205843293492696
1141 0.0172642762284197
1146 0.0179282868525896
1147 0.0192563081009296
1144 0.0345285524568393
1145 0.0185922974767596
1148 0.0179282868525896
1149 0.0212483399734396
1188 0.0252324037184595
1182 0.0245683930942895
1201 0.0318725099601594
1169 0.0205843293492696
1159 0.0212483399734396
1158 0.0258964143426295
1199 0.0199203187250996
1198 0.0232403718459495
1155 0.0278884462151394
1154 0.0185922974767596
1157 0.0212483399734396
1156 0.0166002656042497
1150 0.0166002656042497
1153 0.0192563081009296
1152 0.0212483399734396
1189 0.0245683930942895
1186 0.0152722443559097
1187 0.0179282868525896
1184 0.0265604249667995
1185 0.0252324037184595
1183 0.0172642762284197
1180 0.0159362549800797
1181 0.0351925630810093
1164 0.0205843293492696
1165 0.0239043824701195
1166 0.0312084993359894
1167 0.0265604249667995
1160 0.0219123505976096
1161 0.0232403718459495
1162 0.0239043824701195
1163 0.0239043824701195
1205 0.0252324037184595
1204 0.0179282868525896
1207 0.0199203187250996
1206 0.0232403718459495
1168 0.0252324037184595
1200 0.0232403718459495
1203 0.0179282868525896
1202 0.0232403718459495
1269 0.0239043824701195
1261 0.0232403718459495
1260 0.0232403718459495
1258 0.0305444887118194
1234 0.0305444887118194
1235 0.0258964143426295
1236 0.0166002656042497
1237 0.0166002656042497
1230 0.0172642762284197
1231 0.00664010624169987
1232 0.0199203187250996
1233 0.0172642762284197
1238 0.00929614873837981
1239 0.0146082337317397
1241 0.0212483399734396
1240 0.0305444887118194
1243 0.0245683930942895
1242 0.00730411686586985
1245 0.0232403718459495
1244 0.0192563081009296
1247 0.0126162018592297
1246 0.0318725099601594
1249 0.0358565737051793
1248 0.0225763612217795
1279 0.0265604249667995
1270 0.0272244355909695
1271 0.0225763612217795
1272 0.0265604249667995
1273 0.0278884462151394
1274 0.0219123505976096
1275 0.0245683930942895
1285 0.0239043824701195
1284 0.0278884462151394
1287 0.0252324037184595
1286 0.0225763612217795
1281 0.0152722443559097
1280 0.0258964143426295
1283 0.0272244355909695
1278 0.0252324037184595
1276 0.0245683930942895
1277 0.0245683930942895
1227 0.0159362549800797
1226 0.0132802124833997
1225 0.0126162018592297
1224 0.0205843293492696
1223 0.0172642762284197
1222 0.0159362549800797
1221 0.0166002656042497
1220 0.0265604249667995
1229 0.0152722443559097
1228 0.00597609561752988
1288 0.0239043824701195
1268 0.0298804780876494
1263 0.0278884462151394
1262 0.0199203187250996
1267 0.0232403718459495
1266 0.0292164674634794
1265 0.0278884462151394
1264 0.0285524568393094
1209 0.0185922974767596
1212 0.0192563081009296
1213 0.0192563081009296
1210 0.0205843293492696
1211 0.0166002656042497
1216 0.0192563081009296
1217 0.0199203187250996
1214 0.0212483399734396
1215 0.0172642762284197
1218 0.0159362549800797
1219 0.00863213811420983
1256 0.0318725099601594
1257 0.0252324037184595
1254 0.0305444887118194
1255 0.0199203187250996
1252 0.0318725099601594
1253 0.0272244355909695
1250 0.0285524568393094
1251 0.0225763612217795
1259 0.0292164674634794
1282 0.0258964143426295
1208 0.00730411686586985
1339 0.0132802124833997
1338 0.00863213811420983
1335 0.0112881806108898
1334 0.00863213811420983
1337 0.0152722443559097
1336 0.0139442231075697
1331 0.0159362549800797
1330 0.0152722443559097
1333 0.0139442231075697
1332 0.00730411686586985
1352 0.0146082337317397
1317 0.0126162018592297
1316 0.0099601593625498
1315 0.0166002656042497
1314 0.0139442231075697
1351 0.0139442231075697
1312 0.0132802124833997
1289 0.0166002656042497
1304 0.0159362549800797
1306 0.0205843293492696
1307 0.0126162018592297
1300 0.0219123505976096
1301 0.0152722443559097
1302 0.0106241699867198
1303 0.0132802124833997
1308 0.0219123505976096
1309 0.0152722443559097
1346 0.0119521912350598
1347 0.00929614873837981
1311 0.0112881806108898
1348 0.0159362549800797
1340 0.00730411686586985
1341 0.0159362549800797
1342 0.0185922974767596
1343 0.0139442231075697
1344 0.0139442231075697
1345 0.0179282868525896
1310 0.0119521912350598
1313 0.0199203187250996
1319 0.0099601593625498
1318 0.0132802124833997
1305 0.0185922974767596
1359 0.0166002656042497
1358 0.0172642762284197
1353 0.0152722443559097
1357 0.0159362549800797
1356 0.0159362549800797
1355 0.0172642762284197
1292 0.0199203187250996
1293 0.0199203187250996
1322 0.0192563081009296
1323 0.0119521912350598
1320 0.0152722443559097
1326 0.0179282868525896
1327 0.0099601593625498
1324 0.0132802124833997
1325 0.0099601593625498
1328 0.00863213811420983
1329 0.00929614873837981
1321 0.00929614873837981
1349 0.00929614873837981
1298 0.0219123505976096
1299 0.0225763612217795
1290 0.0225763612217795
1291 0.0192563081009296
1296 0.0212483399734396
1297 0.0139442231075697
1294 0.0152722443559097
1295 0.0225763612217795
1350 0.0152722443559097
1354 0.0146082337317397
1364 0.0106241699867198
1362 0.0119521912350598
1363 0.0166002656042497
1360 0.0152722443559097
1361 0.0159362549800797
1398 0.0106241699867198
1391 0.0139442231075697
1390 0.0132802124833997
1409 0.00863213811420983
1408 0.0106241699867198
1403 0.00929614873837981
1402 0.0099601593625498
1401 0.0139442231075697
1400 0.0106241699867198
1407 0.0106241699867198
1406 0.0119521912350598
1448 0.0099601593625498
1440 0.0119521912350598
1450 0.00863213811420983
1451 0.00464807436918991
1371 0.0112881806108898
1370 0.00597609561752988
1373 0.00863213811420983
1372 0.0139442231075697
1375 0.0152722443559097
1374 0.0099601593625498
1377 0.0112881806108898
1376 0.00730411686586985
1379 0.0132802124833997
1378 0.0099601593625498
1436 0.0139442231075697
1437 0.00863213811420983
1434 0.0119521912350598
1435 0.0126162018592297
1432 0.0139442231075697
1433 0.0159362549800797
1430 0.0146082337317397
1431 0.0166002656042497
1438 0.0126162018592297
1439 0.0126162018592297
1388 0.0126162018592297
1389 0.0132802124833997
1384 0.0146082337317397
1385 0.0112881806108898
1386 0.0132802124833997
1387 0.00730411686586985
1380 0.0126162018592297
1381 0.0119521912350598
1382 0.00929614873837981
1383 0.0132802124833997
1421 0.0139442231075697
1420 0.00796812749003984
1423 0.00929614873837981
1422 0.0139442231075697
1425 0.0126162018592297
1424 0.0139442231075697
1427 0.0126162018592297
1426 0.0126162018592297
1429 0.0139442231075697
1428 0.0132802124833997
1447 0.00863213811420983
1444 0.0112881806108898
1443 0.00730411686586985
1442 0.0112881806108898
1418 0.00929614873837981
1419 0.0126162018592297
1449 0.00796812749003984
1410 0.0119521912350598
1411 0.0112881806108898
1412 0.00796812749003984
1413 0.0139442231075697
1414 0.0139442231075697
1415 0.0106241699867198
1416 0.0112881806108898
1417 0.00863213811420983
1399 0.0106241699867198
1397 0.0119521912350598
1396 0.0112881806108898
1395 0.0126162018592297
1394 0.0112881806108898
1393 0.00531208499335989
1392 0.00597609561752988
1405 0.0132802124833997
1404 0.0112881806108898
1446 0.0112881806108898
1445 0.0106241699867198
1441 0.0126162018592297
1366 0.0106241699867198
1367 0.0106241699867198
1365 0.0106241699867198
1368 0.0146082337317397
1369 0.00863213811420983
1490 0.00398406374501992
1491 0.00464807436918991
1492 0.00464807436918991
1493 0.00531208499335989
1494 0.00464807436918991
1495 0.00332005312084993
1496 0.00464807436918991
1497 0.00265604249667995
1498 0.00265604249667995
1499 0.00265604249667995
1454 0.00863213811420983
1453 0.00265604249667995
1457 0.00597609561752988
1472 0.00199203187250996
1473 0.00464807436918991
1470 0.00398406374501992
1471 0.00398406374501992
1476 0.00199203187250996
1477 0.00464807436918991
1474 0.00332005312084993
1475 0.00265604249667995
1478 0.00265604249667995
1479 0.00398406374501992
1483 0.00265604249667995
1482 0.00265604249667995
1481 0.00199203187250996
1480 0.00132802124833997
1487 0.00398406374501992
1486 0.00398406374501992
1485 0.00464807436918991
1484 0.00464807436918991
1489 0.00265604249667995
1488 0.00265604249667995
1502 0.00332005312084993
1503 0.00332005312084993
1500 0.00265604249667995
1501 0.00265604249667995
1506 0.00265604249667995
1504 0.00332005312084993
1505 0.00265604249667995
1469 0.00464807436918991
1468 0.00398406374501992
1465 0.00464807436918991
1464 0.00398406374501992
1467 0.00464807436918991
1466 0.00332005312084993
1461 0.00265604249667995
1460 0.00398406374501992
1463 0.00464807436918991
1462 0.00265604249667995
1455 0.00464807436918991
1456 0.00199203187250996
1452 0.00664010624169987
1458 0.00332005312084993
1459 0.00332005312084993
