4.58545436951109e-06
7.35824270929524e-06
4.26921613713102e-06
6.8367694047883e-07
6.8367694047883e-07
7.35824270929524e-06
4.77971305819279e-06
4.77971305819279e-06
4.03108987642375e-06
1.24552465557668e-05
1.37851962184415e-05
4.32461661815113e-06
5.77685307120852e-06
1.2520379018553e-05
4.03108987642375e-06
5.36181450041287e-06
1.32796767459543e-05
5.36181450041287e-06
4.46770275991027e-06
8.51513679670091e-06
4.23069264857258e-06
0
0
2.71251480467421e-07
2.34257115288975e-05
4.74357348570113e-07
6.16664553141147e-06
0
5.88731695413526e-06
2.40400018144274e-05
3.16238232380075e-06
1.69775633369689e-05
9.41982643427227e-06
2.21366762666053e-06
3.26445695290835e-06
1.2649529295203e-05
5.88731695413526e-06
8.19640036133288e-07
2.21171251096093e-07
1.44985505643397e-05
2.40341056608857e-05
0
0
0
3.79409515236703e-05
1.70093315200727e-06
9.41982643427227e-06
3.26445695290835e-06
3.37594036968598e-05
2.59951704214878e-05
8.19640036133288e-07
1.27038010394361e-05
2.9252036495157e-05
2.21366762666053e-06
6.16664553141147e-06
0
2.40341056608857e-05
2.12795814546443e-05
1.2649529295203e-05
6.48288376379154e-06
8.24295715814934e-05
2.68438835841695e-06
0
2.03446596164515e-05
8.18266426283445e-05
1.36271684349541e-05
1.2649529295203e-06
1.07257467148909e-05
5.80990259251063e-05
4.47554894686661e-06
3.62092776075187e-05
5.68420822843177e-05
3.45226737014915e-06
5.69228818284136e-05
0
0
1.39144822247233e-05
6.37747101966485e-06
1.61281498513838e-05
6.08758597331645e-05
1.08435651138407e-05
6.49600836126051e-06
7.90595580950188e-08
6.40382420569653e-06
0
3.45226737014915e-06
3.45226737014915e-06
2.56152968227861e-05
1.2649529295203e-06
0
2.56152968227861e-05
1.96858299656597e-05
5.55283590675709e-06
2.9568274727537e-05
4.47554894686661e-06
2.9568274727537e-05
6.92561728912365e-05
0
7.46322228416978e-05
8.33593584219259e-06
8.10619583084358e-06
4.26674711655913e-05
1.91883110698445e-05
0.000114756577272936
5.14731768652492e-06
8.33593584219259e-06
0
2.37876672285817e-05
8.73099289456969e-06
2.76129310858491e-05
9.16577149800533e-06
4.43146437033906e-06
2.37876672285817e-05
0.00143393571026919
4.14028113810185e-05
2.24589097386477e-05
3.99306216194332e-05
0.000169208109487332
0.000102430307020253
2.54908568132101e-05
2.45771861747126e-05
0
0
1.55448489100892e-05
8.30765646289787e-07
4.36825867169159e-05
2.37876672285817e-05
6.58481409729203e-07
3.82108874277485e-05
8.30765646289787e-07
3.86295864111718e-05
1.14956581107644e-05
8.30765646289787e-07
1.21034953954375e-05
2.36448109212318e-05
4.14028113810185e-05
4.36825867169159e-05
3.92281232214718e-05
4.36825867169159e-05
4.89649384360963e-05
9.29392930236001e-06
1.34512409029335e-05
3.49347580366129e-05
2.14571010704279e-05
3.599543129355e-05
8.16258238034899e-05
0
1.6760626316144e-05
3.599543129355e-05
3.58056158875649e-05
7.52957370689528e-05
4.24546665309409e-05
6.01207263457609e-05
8.12295423718544e-06
5.32848838959678e-06
8.08460833034002e-05
1.02245206513978e-05
4.05839064887763e-05
3.40982731167204e-05
5.32848838959678e-06
9.10722431045806e-06
1.81573451758227e-05
2.75127262170666e-05
1.43624863872617e-05
5.00136742780191e-05
2.96285210614721e-06
0
3.16611995047886e-05
1.27998803587542e-05
7.39997463769376e-05
3.58056158875649e-05
1.86580557104244e-05
0
3.29711026196462e-06
3.29711026196462e-06
3.29711026196462e-06
3.2205468357501e-07
4.25428331964171e-06
3.6863577687517e-05
2.31061402324297e-05
7.10203309291777e-05
1.35440830287178e-05
1.35440830287178e-05
2.30312300001201e-05
3.22482520564561e-06
1.35191844342482e-05
4.42733525332106e-05
1.86580557104244e-05
9.48714697140226e-06
1.6760626316144e-05
4.66451392760611e-06
4.66451392760611e-06
0.000124599993342079
4.11486297724458e-05
0.000100858629088372
0
0.000308797849914954
0.000100834882066845
9.26061860703951e-05
0.000194674955987939
0
0.000119937900972738
0.000295533441641262
9.66171631953848e-05
0.000163035805575341
0.000109576547519696
0.000179465196875693
0.00172539579586569
0
4.2210353629872e-05
0.000325883498467668
0.000179465196875693
5.25119049562919e-06
0
5.27063720633459e-08
0.000110630674960963
7.845845528164e-05
0
0.00012728588853298
0.000109576547519696
6.54695119333914e-05
7.61149363084272e-06
0.000205979727640861
4.31665187198803e-05
4.31665187198803e-05
4.11486297724458e-05
2.36936262061136e-05
3.70257053033465e-05
1.05412744126692e-07
3.74742305370389e-05
8.15709709201989e-07
0.000273796650206159
5.5827420197925e-05
0.00018644683075377
8.15596886521974e-05
4.58783210058162e-07
0.000290756401645501
0.000471779676830275
2.46138757535824e-05
0.000205979727640861
5.7031102958427e-05
4.91778012849103e-07
0.000111473976913977
0.000474508527035572
0.00108533513850828
0.000295533441641262
0.000105185672831712
0.000842724180276057
8.10463222834567e-05
3.68417540722788e-05
1.05412744126692e-07
0.000111473976913977
0.000239216082874216
0.000205979727640861
3.80014733453827e-05
0.000132706375908205
0.000298894351941197
0.000135979060112949
0.000248335187568857
0.000340652661560323
0.000123855299549068
2.69159846803358e-05
7.61149363084272e-06
1.64864620673191e-05
9.27432838504567e-06
1.64864620673191e-05
0.00012728588853298
0.000260177924734851
1.36200664514949e-05
0.000507498137424391
0.000308797849914954
0.000290756401645501
0.0010249675287009
1.257067570655e-05
1.38354226666283e-07
4.74618222966292e-06
4.95256006115774e-05
6.75028872590705e-05
4.74618222966292e-06
4.08481456640427e-05
4.95256006115774e-05
2.66137699818147e-05
0
0.000398605993761604
0
0.000195882671877685
0.000263268328456413
0.000539025762152282
1.49339166729963e-06
2.76303190051575e-05
0.000303642310713082
3.64853757164993e-05
0.000195539881414467
6.75028872590705e-05
9.08392497182862e-05
2.77996260671787e-05
1.75466585748377e-05
2.17413784761302e-07
0.000594132579084067
5.88477526125211e-05
1.22493373416078e-05
0.0023596919802088
8.17203917426001e-05
2.74614998850848e-05
0.000116613472082318
5.39736817818609e-07
4.06182909090556e-05
0.000108034732423396
5.04669216659358e-07
5.33677343579899e-05
0.000139305992227311
0.000254898677198069
0.000108034732423396
0.000262888456154727
0.000195539881414467
0.000476863872656112
0.00118973284400447
0.000162318020046662
0.000182431330998751
0.000430796942118397
2.40471624666923e-05
6.21794640021981e-05
0
5.04669216659358e-07
0.00200419795429611
2.07297501351817e-05
4.74618222966292e-06
0.000114511495254646
2.42993870184264e-06
0.000121570248867415
6.44917056529687e-06
6.44917056529687e-06
1.257067570655e-05
0.000104608180499591
1.36367530075618e-05
2.38150934081691e-05
2.98102538228606e-05
3.6098709570497e-05
0.000108843131027218
1.22235668400336e-06
2.98102538228606e-05
0.000491616039136216
2.74614998850848e-05
4.02282456041212e-07
1.62027015648396e-05
0.000147999492753875
3.96178920755437e-06
7.41516910955134e-07
5.39736817818609e-07
2.60812567409001e-06
9.53752806234517e-07
9.53752806234517e-07
9.53752806234517e-07
0
3.74742305370389e-05
1.64081452805199e-05
0
2.97911488659999e-06
0.0105235599057681
0.000691160850407814
0.000538209803908242
3.89505372073455e-06
0
0
0.000358807812557471
0.000286960412081229
1.64081452805199e-05
9.8981574208976e-05
0.0025572198202814
6.94660745573734e-05
0.000475288835170276
0
0
6.86593670031276e-05
5.91212356782643e-05
0.000141426487983591
0.000200693514933275
4.01363492507447e-05
3.89505372073455e-06
0.000141426487983591
0.00380608025342489
7.9327802128116e-06
0.000921689374613753
0.000418343417605506
0.000471350800923356
1.11163609781193e-05
3.12194965867907e-05
1.30715732964542e-05
5.73479709775689e-05
0.000259310636721603
0
0
0.000173142901001431
0.000186964702401052
0.00106009888560132
0.000685727428485309
0.000620933301892933
0.000475630826557127
3.12194965867907e-05
0.000437709691250864
0.000340960951720707
0.000442543107715176
0.00331848346731787
6.94660745573734e-05
0.000148418009731243
0.000173142901001431
0.000471350800923356
1.65434671973483e-05
0.000318970226331083
0.000781279053336328
0.000668606137065622
0.000141426487983591
0.000141426487983591
0.000340960951720707
0.000268960616639254
1.57735123065201e-05
0.000452351913204011
0.000312289573816896
0.00166652520148629
7.9327802128116e-06
0.00166652520148629
0.00310149538376092
0.00166652520148629
0.000920358772937473
3.12194965867907e-05
0.000577919824831393
0.000577919824831393
0
0
0.0012489547053963
0
0.00115897992575403
6.86593670031276e-05
0.00019010529446647
0.000304791231505243
0.01457641917255
0.000451862496497948
0.0185876467312599
6.86593670031276e-05
0.000451862496497948
0.000224785759597385
6.86593670031276e-05
0.000358807812557471
5.52438364459187e-05
0.000141426487983591
0.000201318674451795
6.18734660259416e-06
1.11163609781193e-05
0.000268960616639254
1.64081452805199e-05
0
0
0.00461846593853517
4.4870502570444e-05
7.44464564762471e-05
0.000170474602363692
2.57687335513601e-07
1.48772516353993e-05
7.6437448200741e-05
5.9914062997849e-05
0
0
1.36345261765934e-06
7.44464564762471e-05
0
0.000911227269040566
6.85438090767986e-05
0
0.000857089385172966
6.35194542373835e-05
9.45159424562875e-05
1.36345261765934e-06
6.28315412523948e-05
0
0.00013779958660081
0.00482698625384924
0.00018820418123959
9.45159424562875e-05
9.42073728066644e-05
0.000339596089223801
0.000590028326168963
0.000348556528232181
5.25395371140096e-05
9.0821477333221e-07
0.0133046601729116
0.0277619284308396
0
0.00335741731105776
6.85438090767986e-05
0.00107201984311651
1.36345261765934e-06
3.53775894423028e-05
3.73243126929734e-05
9.42073728066644e-05
0
0.000281456742651557
0
1.22846390270722e-07
0.00135951414926922
0.000179781435108073
1.67202226728241e-06
6.69307489831993e-05
0.000944613337518859
0.000980210577940212
2.72935779269971e-05
0
0.00341771136501024
0.0140018436769184
9.45159424562875e-05
0
4.55322062792735e-05
0.000406820547454697
3.53775894423028e-05
5.9914062997849e-05
8.97471331603975e-06
0.0139264733475219
0.000717228311038011
7.17513017309052e-05
0.0292400373177008
1.15580033643265e-06
9.45159424562875e-05
0.00461846593853517
0.00055439194761804
0.000391231264065252
3.16871419263785e-05
1.36345261765934e-06
0.000129665532015126
0.00662413043381549
0.00010859683886942
0.000409415904154426
0.00117494265248439
0.000151268385871217
0
0
6.51834114717378e-05
0.0012570988294518
0.000857089385172966
4.44710014284481e-05
6.51834114717378e-05
0.000129479724977137
3.53775894423028e-05
0.00156712109674245
0.000980210577940212
0.00312190614418993
0.000353921075000385
6.35194542373835e-05
0.000514421659212824
0
1.40415249811121e-06
0.000139263584112425
0.000184500448732579
0.0142255579993068
0.00532908120444558
0.0017397984122275
0.0141030116130181
0.000474299796561805
1.04206571318779e-05
0.0145237419264193
0.00429340284342568
0.0109184508874411
0.00276676427458681
0.0424649233485862
0.00543448466912201
0.00173359618894599
0.00470168518334345
0.000358397576431707
0.00346502600343384
0.000370209791767997
0.000271925290126179
0.0137214269583864
0.00746614274371558
0.00543448466912201
0.00111322756695729
0.00207257134443666
0
6.67614046135715e-08
0.000305697353216794
0.000128493562421508
0.002107042149513
0.00214720566987187
2.6922772674466e-06
2.25713195378524e-05
0.00097453804436931
0.000795406114764926
0.000961561762705873
0.00543448466912201
0.000517998675046783
0.0105946228053542
0.0327038639363409
0.00460079869433758
0.00361608663128392
0.00262288029459887
9.08895501946603e-05
6.69729265136589e-05
0.0287615970446868
0.00151904392783862
0.00103901561847213
2.63531860316729e-08
0.00103929764703208
6.48354226968736e-05
9.76040429979785e-05
0.0233818758080568
7.98504733411498e-06
0.000288587051329669
0.00272385645108432
0.00290031232454473
0.000358397576431707
0.0188584415910117
0.00035748739402354
3.76893179312959e-06
0.00075643252026016
0.00307272779682621
0.0124100444531247
0.00290031232454473
6.67614046135715e-08
0.023733330137482
0.00105507487984216
0.00118974536272578
0.027860673215385
9.78832624033567e-08
5.94220171461906e-06
0.00539662482063362
9.76040429979785e-05
7.5019296858196e-05
0
0.00105692675998724
0.000443117895014963
3.82717999856003e-05
0.000184500448732579
1.40605381678405e-05
0.00543448466912201
0.000795406114764926
0.00214720566987187
0.0266707154182916
0.00207169163908965
0.00616664889938469
0.0001490812925734
1.18589337142528e-07
0.000689959459862942
0.00307272779682621
0.0137250123144348
4.16957262469691e-05
1.40605381678405e-05
9.40043161621735e-05
0.00516620908535075
0.00585213935890286
0.0284537500718716
0.0136665713875061
0.000296392074273607
0.00179362966193623
1.40605381678405e-05
0.00126094819862039
0.00214720566987187
0.000358397576431707
6.67614046135715e-08
0.0137250123144348
0.00560444249281409
0.00529776751565296
0.000249708521836477
0.00152733362365075
0.0142255579993068
0.0141030116130181
9.40043161621735e-05
0.000191942601211822
0.000105435790712797
0.000141808242547446
0.00394703670365263
0.00311418624591824
3.150207324337e-05
0.00313204171252772
0.0123523768355526
0.00560444249281409
0.00262288029459887
0.0016317799129425
0.00359998362024159
9.56215556409177e-07
0.00221122596532015
0.0308419869993529
0.0269880342352865
0.000751814602919908
0.00044103363389002
0.00105410190536234
0.00105692675998724
0.00111322756695729
0.00102868827150586
1.90198565617591e-05
6.67614046135715e-08
0.00342147365805545
6.67614046135715e-08
0
0.00196410689540129
7.37046338932583e-05
1.40605381678405e-05
1.40605381678405e-05
0.00196410689540129
3.150207324337e-05
0.00545945325087119
0.000856557039383058
0.00207257134443666
4.66872425394555e-05
0.000191166006666072
0.000109393167624102
0.000340754438549695
0.000102816739354539
0.000305697353216794
0.00022994002226152
5.31828428057579e-05
6.32731225684125e-05
0.000113802749758183
7.48406339449388e-05
8.779358126716e-05
8.3237155210773e-05
7.271566729179e-05
0.000122284569716501
6.2804782849251e-05
5.86230649367153e-05
0.000151023869031309
0.00022994002226152
0.000179561029994314
2.57001030966936e-05
0.000108719742745999
9.18196877933592e-06
0.000152750071199118
0.000134006179285516
4.79192251981078e-05
0
0.000122284569716501
3.60988994378893e-05
8.82953868630578e-06
4.55780395426125e-05
6.87908399427435e-05
4.37267673270922e-07
0.000270476731773653
0.000170120955640312
0.000231559913289121
0.000582820696072722
5.33988714598922e-05
0.000149304657598476
0.000182006862402206
0.000134242010452779
4.79192251981078e-05
0.000131738065669207
0.000166903106792754
5.40849102604216e-05
6.76432977219862e-05
0.00012108909160032
3.75891577574853e-05
0.000123545522041871
0.000132461559254802
4.70986518698548e-05
5.98590068718647e-05
0.00016305675880576
0.000171277956747392
0.000203762210597376
0.000192987243471679
0.000132231349328441
2.74574251071658e-07
0.000180729620550298
1.2724197556125e-05
8.8156573865756e-05
0
5.53120796486454e-06
5.6083871038995e-05
0.000276578915495552
0.000106880141701461
8.48860314066302e-05
0.000138065154585361
1.8730781772514e-06
0.000297919236353378
0.000152750071199118
2.70604700057874e-05
2.44822239064806e-08
8.23798560306309e-05
0.000133921270559035
0.000110183660708825
0
0.000123816487774337
4.79192251981078e-05
0.000149304657598476
0.000140744734982624
6.55269740252044e-05
1.57317212766096e-05
0.000297919236353378
0.000147510251180144
0.000120140682833464
0.00231344182171132
6.43435824877454e-05
4.50460362566886e-05
0.000408931066638876
2.7071888651857e-06
0.00010446110447271
0.000278911984688984
0.000142748957878744
0.000129886330028667
0.000125735333496459
4.28810428709443e-05
4.59245129164114e-05
0.000494424649071702
0.000591778833312304
0.000122143951685175
0.000112011471446845
8.57153442529323e-05
0.000122929789770616
4.34253080816149e-06
5.03179291911042e-06
4.37267673270922e-07
0.000154379276944782
0.00214325737008769
0.000117054997327223
0.000150580855194028
0.000169357567660386
0.000374091873878032
0.000100785698009858
0.000545670979507888
0.00227426364557802
8.43612786842733e-07
2.96200539617525e-05
0
0.000106880141701461
1.6951397026869e-05
0.000166718279033593
1.01351215299127e-05
0.000386962828275372
1.38234014904066e-07
6.499429133538e-05
4.94284834816119e-05
8.62175207192222e-06
7.78841785015923e-05
0.000210229150579843
0.000103170747583968
4.37267673270922e-07
0.000274603706194962
1.61858536648738e-06
0.000118612370831464
0.000122284569716501
9.65016583520191e-05
0.000125922742056632
7.22427678227224e-05
5.12568360694293e-05
4.10781211125724e-06
4.10781211125724e-06
0.000154921725787863
0.000136948961790367
1.61858536648738e-06
0.000137293822177563
0.0512748926586001
4.34975977583676e-05
2.9601761275753e-06
0.000153482652800222
5.7411853949286e-05
0.000172380267505931
4.34975977583676e-05
0.000128837999598755
0.000100478851917719
0.000267744504832315
0.000464956911334371
9.7881537273349e-05
4.79192251981078e-05
0.000104981306375108
0.000274603706194962
0.000270024516361697
0
0.000138875435978254
0.000278343071298264
3.00162782453294e-05
3.60988994378893e-05
2.3243548542741e-06
5.30276412037333e-06
0.000344485397565101
0.000725437510563554
0.000244558243434789
4.46629379220508e-05
3.84050611062369e-05
0.00337584245689798
0.000416147917081162
7.48346195889627e-06
0.000257149707832832
0.000175962469098059
0.000190231084614055
0.000175962469098059
0.000462725536338436
2.86767493074594e-07
0
2.49354397192866e-05
0.000178941600400808
0.00302577986625294
0.00039862739751554
0.000223001762563459
0.00105444448322175
8.88557597431878e-05
0.000228644359920472
0.000626768365070822
0.00025077349265809
3.40347413483693e-05
0.000752882876677078
0.000122301759052024
2.67652912872598e-05
5.60841813078973e-08
0.000613436519229792
5.33786139980005e-05
0
0.000359102371917661
0.000168031630675811
1.63842421640655e-08
0.000560835723603058
0.000244221583402243
0.00025077349265809
6.59849950779419e-05
5.64223032414135e-05
0.000131416685954818
0.000272006385085478
0.000789793139094585
0.000330608382387555
0.000265929053886937
3.020008590669e-05
0.00020596732307632
4.79391147600814e-05
5.40888048784498e-07
1.26124058840341e-07
7.98828820500011e-05
4.8032198603767e-06
0.00434343976492698
0.0320349173048151
0.000232857106498427
1.60670841450928e-06
3.0193938390327e-06
5.41378678805046e-05
9.92507918263088e-05
0.000123172349217289
0.000544618315749763
2.46820577175145e-05
0.000166013579370303
0.000128585385977262
4.89922953666885e-06
2.43192079448508e-05
0.000203334963863495
0.000387668298567942
0.000151799882707047
0.00049667701882895
0.000385520875104278
0.000169732044214605
2.46621721898857e-05
4.13701784491075e-05
1.26124058840341e-07
4.60386753094367e-05
1.41531833647336e-05
0.00147559537827538
0.00113631847978116
2.46621721898857e-05
5.81945889146707e-05
0.000545608464965967
6.61265167585998e-05
9.20665600707278e-05
9.63330689314864e-05
1.18457309292363e-06
6.17465855168491e-05
1.41531833647336e-05
5.75003921202278e-05
0
3.3062313641696e-06
0.00023192565820471
5.4038753804136e-05
0.000144342001113801
0.000395484176179679
1.2509327282563e-05
1.48667566037161e-05
1.137192593742e-05
3.19468218866442e-06
0.000247646623857896
0.000255401494621484
5.09894246851481e-05
1.28601773641945e-05
0.000501540946707067
2.58876310285213e-05
1.71748830148011e-05
1.32838980127745e-05
0.000521995350698495
4.34016558958681e-05
0.00150278736035975
9.07882682405808e-05
0.000223534897240373
0.00625026343332104
8.01246823948385e-07
3.89489022880243e-05
3.7221451990122e-05
0.01078173244613
3.99875953009903e-05
5.29001386781663e-05
0.0145003307986658
9.14505862911736e-05
7.17804930813054e-06
8.45142683441515e-05
0.000244167873380972
1.89185657574589e-06
1.45931119603031e-05
0.000664064753512232
1.67934740584911e-06
0.000671508789091978
5.38196640683831e-05
4.5598065614774e-06
2.18443519558786e-05
2.23947650222728e-05
0.00210944362511038
8.89680645626385e-05
4.92948754347956e-05
5.05536674480822e-05
4.79893385697489e-05
9.20665600707278e-05
3.48216252120935e-05
0.000642135519330506
0.00210473786365466
3.81289553147308e-05
9.31966166882937e-08
2.69951701998549e-05
2.8484368034147e-06
2.70513655084336e-07
0.000187393141105396
9.13572155368633e-06
6.57806037379051e-06
0.00072573329738559
5.33786139980005e-05
0.00124927628772336
1.69155250125933e-06
0.000731579032923094
1.9854439034816e-06
5.10663496701547e-05
0.000324810836110521
6.32968087526902e-05
3.48701367824414e-05
4.79893385697489e-05
0.00189589453412288
0
2.0958248154843e-05
0.000100516626144231
0.000359246631983766
0.000855323699598844
4.41571807817379e-05
8.37633017136328e-08
4.53197333552918e-05
7.17804930813054e-06
0.000128650355122139
0.000215625505994788
0.00029433197938171
7.17804930813054e-06
0.000534632919235252
3.02035744017697e-06
4.5598065614774e-06
0.00144265781788253
0.00718170171907536
4.78197246733632e-05
0.000322088187425285
0.000155093891107468
0.000613436519229792
0.000154741106703309
0.000197805810739596
0.000321205644494039
8.97651531817115e-05
0.00785702030599194
1.28601773641945e-05
2.58876310285213e-05
1.28601773641945e-05
7.02715797822869e-05
0.000168008793911364
0.000266395789646022
4.40678835891285e-06
7.29397709892492e-05
1.81695816194903e-06
3.61738075804147e-06
0.000732283373164708
0.000614979291152784
0.00809733413331978
3.81290379826251e-07
0.00484996833109209
3.65286977303349e-05
1.12724379337186e-07
0.00306222012277248
0
0.00322568128465613
0.000179781435108073
0.007706824275855
0.000401901061757726
0
0.000179781435108073
0.00425667148758364
0.000179781435108073
0.00788855965864941
0.0039239824418131
8.01077064559794e-05
0.00185362732086893
2.70616772578703e-05
0.000867708382841484
0.00335586610463542
0.00425592716405414
4.72425567427325e-05
0.0156445338217452
0.00196136148165042
0.0039239824418131
1.7119402879451e-07
0.00112087296233369
0.000607262427828532
0.00209512590391573
0.00338356730607761
0.00320643026035528
0.00343147707765019
0.000229876643325501
0.0051369956964612
0.000400771322141292
0.0191185000634652
0.000732283373164708
0.000223711104541256
8.01077064559794e-05
0.00023483546766
7.07686278372961e-06
0.000603576461973027
3.81290379826251e-07
0.0217832777146261
0.00264653529728688
4.64143700158752e-05
0.000862333322439738
0.00457528300985091
0.00415930548306404
0.00116437309272921
0
4.72425567427325e-05
0.00191826825059846
0
6.77653355100161e-08
0.0156445338217452
0.0012063886697719
0.000122150442601753
0.00089108679318457
0.000765410539782648
0.000107468695591485
0.0190477065373064
0.00125024218812109
0.000160632421256764
0.00636950889774842
0.000421243016703422
0.000908624065690166
0.0115755138873328
0.0218829927288077
3.51906340490882e-05
1.12724379337186e-07
0.000744315374464298
0.000488579140952552
2.70616772578703e-05
0.00362759861950737
5.82739788738329e-05
0.0217832777146261
0.00130016059129679
0.0331468968217702
0.000966820205535425
0.00191826825059846
0.000359246631983766
0.000122150442601753
4.53584911481593e-06
2.7118696581975e-05
7.53615150821735e-05
0.000374395432814339
0.000278144671337096
0.000933497365993214
0.000144866780331805
0.00295999182596868
1.98936436612236e-05
0
0.000924229676218781
1.7119402879451e-07
0.000732283373164708
0.00382409229529907
4.27199960842101e-05
0.000667586906418477
0.000539341522813004
0.00834484410236224
0.000406076358824023
2.70616772578703e-05
0.000711752261940328
0.00170306073983656
3.27389496226707e-05
0.000732034136540785
0.000692361981928127
8.01077064559794e-05
2.7118696581975e-05
0.00309185987610964
4.53584911481593e-06
3.51906340490882e-05
0.00421563620891728
0.00153233616286493
0.000160632421256764
0.00130718717420208
0.00052442590140328
0.000274224245431532
0.000179232343344407
0.000485961649751606
0.000421243016703422
0.000792904379746124
0.000171674431816802
0.000122150442601753
1.12724379337186e-07
4.56895876778028e-05
4.56895876778028e-05
1.12724379337186e-07
7.54341126452328e-05
0.0145852671523706
0.0375815950518914
4.49471248804762e-05
4.15876095819893e-05
0.051111884875341
0.00728552836364451
0.0114689301422847
0.000278144671337096
0.00026705826021949
8.79337692398763e-05
0.000474560926898337
5.43465026907406e-05
3.33801032031637e-05
0.000204468928648155
4.67323028983897e-05
4.97098990541179e-06
0.000150942128311736
2.04022012527866e-05
4.53930840406521e-06
0.000199677223093875
2.75537454204861e-05
3.50698995201786e-05
3.92942966592204e-06
9.84857885338688e-05
0.000106054522043447
1.16534157547946e-05
0.000180698579263505
0.000590290124104277
6.81123058466196e-05
0.000200294991716219
0.000156787546728246
0.00677976160601189
7.0360624262975e-07
9.30784347824097e-07
0.000440780986210779
0.000428126169351777
0.000151304216438799
1.10609125023423e-05
0.000279851071334019
5.73291467155507e-05
9.80851894132097e-07
3.03411929348071e-05
0.00062615750555652
3.80995198549846e-05
2.2055342456113e-06
0.000248746394693598
8.92007800016281e-05
6.44578792658389e-06
0.000598384563021299
0.000270183223690957
4.40846003558624e-05
0.000186239104651969
0.000380772442793541
0.000158538051021825
0.000581464918152003
0.000317217713558739
5.05963914915737e-05
0.00251017046092848
4.04780432995892e-08
0.00263595495553952
0
5.57100440629739e-05
0.000134962836434822
8.57279295545968e-05
1.10609125023423e-05
0.00030255188876305
0.00220945410313889
2.74293127698036e-05
0.000242317872190558
4.97098990541179e-06
2.24846140742549e-05
0.000100221180198895
0.000153401232669828
0.000437686714713455
0.000196024281164907
0
0.000120132728405957
0
0.000119367948544962
0.00019912378669328
1.98767217858274e-05
1.98767217858274e-05
1.57212336953478e-05
0.000448563505340529
0.000287939118768701
0.000135500124608847
0
0.00011841430945888
0.000571993697308071
0.000522826036150597
0
7.68981058681792e-07
0.00659559935501048
0.000288352159629073
9.37790512050772e-06
7.89735340160529e-06
0.000320797773202429
9.01602468788962e-06
1.49068355712785e-05
0
0.000266422436519853
4.89301234388261e-05
5.92238644083763e-05
0.000929696192775115
4.46452677972146e-06
0
0.000315324298382166
0.000244597537348297
0
5.34112192676857e-05
1.60375322505323e-05
0.000359074142326633
0.00032844928633933
0.000240519158212224
0.000437220510244842
0
4.46367231286201e-05
3.50698995201786e-05
6.05426597436843e-05
2.31111187284278e-05
5.56599349549224e-05
0.000268967166927328
8.35040205349706e-05
0.000494707148779579
0.000722547206192252
6.44578792658389e-06
1.36418593067245e-06
0.000765676276056068
5.56599349549224e-05
2.43691434276487e-05
6.22057475034323e-05
9.11582877216829e-05
0.000309528051125426
0.000101503490718001
3.49776315394457e-05
0.000189544404665011
0.000521240957708746
0.000271161377850752
0.000528493424639702
5.35430222283313e-05
0.000120637969997325
0.00013481812543021
0.000172346384828964
4.18898184896132e-05
8.59349157846419e-05
4.18898184896132e-05
0.000214711158048883
8.57279295545968e-05
2.68998664011725e-05
5.16677908434485e-05
8.57279295545968e-05
7.14986785681944e-05
0.000138822799418049
0.000219459707140888
6.50547220896155e-08
1.98767217858274e-05
2.20847443672666e-06
1.98767217858274e-05
1.98767217858274e-05
0.000197291563340982
0.00176715934763538
0.000536938268664474
4.04780432995892e-08
2.59489119567548e-05
1.7178742385973e-05
0.000469940904354864
0.000471971386961404
0.000310481076196286
1.36418593067245e-06
3.03411929348071e-05
0
0.000230393944212705
7.24534134325836e-05
9.0807464838081e-07
0.00705447404863651
8.35040205349706e-05
5.95969583922119e-05
0.000266422436519853
9.37790512050772e-06
9.73182400766562e-05
8.35040205349706e-05
0.000601241679850159
3.40286574954275e-05
1.57212336953478e-05
2.34604521220562e-08
6.412710731353e-05
2.75537454204861e-05
0.00017929920058701
5.95766524153228e-06
1.60356000196966e-05
0.000485809243024185
1.60375322505323e-05
2.31111187284278e-05
2.31111187284278e-05
7.22419731162895e-05
5.6286700660928e-05
8.42989788456992e-05
5.41519790495247e-05
2.16714180827771e-05
4.97334850235027e-05
8.52159638554153e-05
0.000108037280429589
8.42989788456992e-05
9.30018483427749e-06
0.000108377086681331
1.87962729287901e-05
6.2322207545345e-05
0.00011659250919914
3.91224554601468e-05
4.23857503580209e-05
9.1002242872374e-05
3.78001825769915e-06
1.92044720070434e-05
1.07188147380563e-05
1.31089490306659e-05
4.60182953111589e-05
0.000440558530982385
6.30149678438079e-06
0.000441264862053234
0.000109953605735666
8.22048647795508e-05
4.87777929921538e-05
9.11954008246338e-06
6.25149384363549e-05
8.36728825579457e-05
0.000120959733045291
0.000115512511479014
2.77455300803931e-05
6.02886650101912e-06
2.08138125900248e-05
3.13705308398328e-05
0.00102754145112119
0.00411921781184187
0.00016688876514544
3.7832278742547e-05
2.21696568231427e-05
6.68772315709394e-05
2.68589042137493e-06
0.000990120493330596
9.52289825770295e-05
5.81771513077118e-05
1.38149093810861e-05
7.78755493609612e-05
2.65023464479226e-06
0.000471138857004494
5.67467273834548e-05
1.12414647007708e-05
7.22629343702636e-05
8.11343004106994e-06
0.00291281591597146
8.36958307343668e-05
6.56364566508714e-05
5.7577941688777e-05
9.46889994426155e-05
6.7592480418267e-05
0.000125484497057735
0.000186173798148027
4.74135240782562e-06
0
6.19845616308694e-06
0.000127825023704714
2.61735737319134e-05
0.0001369357389218
0.000100169535978629
1.29018934742256e-05
2.17023810719656e-05
2.28978705920121e-06
3.31444531400319e-05
1.4523584241078e-05
2.69453247689961e-05
5.60523651374501e-06
5.54392488183348e-06
0.000211934482134571
9.13480509634457e-05
0.000200941673206723
1.56870473210637e-05
5.86734281873939e-05
4.97542212672086e-05
1.37182135506031e-05
2.69453247689961e-05
0.000265852461588203
1.75835360408936e-06
9.6725977301015e-06
6.32688978089057e-05
2.20494336944523e-05
0.000128474193929036
1.87962729287901e-05
0.000223700992409757
9.05264348764076e-05
4.84189859458952e-05
0.00125548778945448
3.12781372905667e-05
4.84860931124527e-07
0.000684001114636759
5.81771513077118e-05
2.22297859710838e-05
2.77455300803931e-05
0.00010063765091952
9.63621191857987e-05
9.63621191857987e-05
8.32401420437176e-05
4.74526175930929e-05
8.45148353282119e-05
3.47401202930817e-05
3.03736710440153e-05
1.55536791426492e-05
7.58238358926256e-05
2.17023810719656e-05
9.05264348764076e-05
1.0715865466364e-06
6.16136987895701e-05
8.94859865906465e-05
1.54199291836341e-05
0.000168696504576099
0.000191502669025992
4.10266869322817e-05
1.87962729287901e-05
0.000606028752246615
0.00011672919588087
6.61569086219147e-05
7.81652816894986e-05
1.27104748330536e-05
1.63309085075487e-05
1.72092545078185e-05
0.000106056332933577
8.24966121340646e-05
7.40940859350182e-05
9.73778313360721e-05
2.69534566460957e-05
1.08813335806447e-06
5.35078376546975e-05
8.88171920523235e-06
1.97287637469584e-05
1.46742696108812e-05
2.23166850866976e-06
8.07174066519395e-05
3.01416062583352e-06
2.10704499580966e-05
2.51248430830276e-05
1.10215326858021e-05
2.17023810719656e-05
7.55157418462009e-06
1.17352974358999e-05
0.00123095771295393
7.51120818321917e-05
7.0375512069901e-05
0.000194662191593114
0.000202178210446581
0.000480331291326581
8.81499142748677e-05
4.31429045945527e-05
5.1274365822887e-05
1.47125560914568e-05
3.56739977638633e-05
2.84828856733961e-05
5.37002469875399e-05
8.31762299088173e-06
2.19709526598235e-05
0
0.000124597079700293
3.200987375463e-06
5.08198161693208e-06
0.000150424439459697
2.40500662438832e-05
0.000277077548006159
0.000278595640062744
2.69534566460957e-05
2.26766008745034e-05
7.80342435495785e-05
0.000147431210096456
1.71218329038729e-06
0.000437580186612701
0.00013005482967698
9.99585895956109e-06
2.56372558897418e-05
0.000141940192862476
2.28671036319001e-05
2.59473281002948e-05
1.4116482923165e-05
4.20672096016395e-05
1.40427757975602e-05
1.63424425665634e-05
2.07221396179295e-05
9.73931452058956e-05
9.45664742746328e-05
0.00337262246237111
3.04766602012134e-05
0.000115367395012212
4.20319863772037e-05
0.000179380085672369
0.000103779478628847
1.22683017085853e-05
0.000115512511479014
0
0.00166821798264613
1.74399977478184e-05
0.00451438228985786
9.13829989531295e-07
9.66283487828008e-08
2.10825488253384e-07
9.66283487828008e-08
5.37316913059018e-06
5.60716022063738e-06
5.60716022063738e-06
2.01844322453789e-05
3.9698782688331e-06
1.36446339211961e-05
9.66283487828008e-08
2.01844322453789e-05
0.00147270287816517
1.46714229326423e-05
0.00100067218676142
4.52362569976873e-05
0.000136420874912157
0.000544698335901507
1.36446339211961e-05
0.00147270287816517
0.000223129263747851
4.84582568976263e-06
0.000117703025523518
8.72250854963759e-05
9.43940835873671e-07
0.000208548572980246
5.46314202297126e-06
0.0010574885235809
0.00152619672583943
5.55768005149542e-05
5.55768005149542e-05
0
4.66848239810275e-05
4.05376266814266e-07
0.00100067218676142
3.07880589296581e-06
9.29519749371162e-06
0.0001807797053754
1.57494576481826e-05
0.000138693655702372
0.00125634700411863
3.91246031135221e-06
2.78052350171408e-05
4.39594001499977e-07
2.59678197459672e-05
1.06364292996492e-05
2.02692542323077e-05
4.39219767194549e-08
0
4.52362569976873e-05
1.80345927356879e-07
0.000232601798592634
2.01844322453789e-05
2.95785403303612e-06
0.000200275708503886
3.48092169767553e-06
4.78109972413662e-06
2.01844322453789e-05
0
0.000544698335901507
0.000161087129321294
7.47026100540436e-06
0
2.68175204790586e-06
0
9.13829989531295e-07
2.80661431237317e-07
0.000620487521994799
8.07575916722251e-05
9.66283487828008e-08
0.000149314749377574
3.45191599433538e-06
2.83199380777096e-05
0.000138693655702372
0.00519168364317847
1.15941045582177e-05
1.9376333402015e-06
1.70824476332679e-06
3.17512299578746e-06
0.000252485304249712
2.82018663414256e-06
1.33910208984137e-05
3.79998301917817e-07
0.000428568160776356
0.000138693655702372
1.06364292996492e-05
1.95326338967393e-05
0.000997718805642121
1.33910208984137e-05
0.000889750205693059
7.22909679735263e-05
6.22666172184165e-05
1.95326338967393e-05
1.57494576481826e-05
4.3941382660073e-06
0.000232601798592634
1.36446339211961e-05
0.00184968198288773
0.00152619672583943
2.43152381068744e-05
0.000146108587410058
2.0606375503793e-06
1.7523195765276e-05
1.74399977478184e-05
1.74399977478184e-05
1.50790667590887e-05
1.03841354075165e-05
2.0208702625434e-05
1.74462301619589e-06
4.84582568976263e-06
1.83895189923004e-05
1.09506220551265e-05
4.39594001499977e-07
2.87197252670718e-05
2.78052350171408e-05
0
0.00191717160857569
0
0.00016855497785858
2.43779312496056e-05
7.60898578038734e-05
4.29537259477881e-05
3.10273568762419e-05
9.69899435599233e-05
0.000114933308377355
0.000166052966422973
2.94431642769694e-05
2.6239114914373e-05
0.00011872135725365
3.19940010127493e-06
0.000137228242902137
5.37730226003817e-05
0.000531504368186511
0.000207643034442684
1.74962571384455e-05
3.34670111762514e-05
3.73429892785538e-05
9.75001308943912e-05
2.04221442162438e-05
3.62203481901215e-06
4.57902553062097e-06
0.000145732852954375
0.000150026292819643
3.29653938133461e-05
0.0014793240841283
0.000133014786948931
0.00052587574581252
3.00924714337212e-05
0.000100931223289486
2.02837105119207e-06
1.68406287634918e-05
6.93366265246846e-05
0.000325967031348205
3.19783978152579e-05
5.69952919026736e-05
9.4520914521337e-07
0.000150783819646611
0.000185447773212363
4.03603227728209e-05
3.78899077080919e-05
1.29551265348794e-05
4.97220427724824e-05
4.04292809220279e-05
5.03368693994606e-05
5.41767692804441e-05
0.00028116873979385
5.10063923740928e-05
7.56884839616027e-05
0.00120635165219149
5.27600238792328e-05
0.000134228920773205
5.1365863826501e-05
7.11752951240315e-05
5.33437191318408e-05
0.000462901153466213
4.89537089686083e-05
0.000366581597853515
4.7002567763751e-05
1.92934780804405e-05
4.96406512066397e-05
0.000279390378603774
0.000125256055672286
0.000194366719066604
4.23423020001474e-05
0.000236975650924493
0.00088105217175175
6.92281560924148e-05
2.85453628271696e-05
0.000329124225815631
0.000377441475086353
0.00947345271712647
0.000303311404741958
0.00129238954578625
7.99019792514055e-05
9.13610658518033e-05
0.000697623361572652
1.6634183352622e-07
0.00182832288570484
0.00273508852187834
0.00114653172843006
0.000875868718788726
1.24758689146538e-05
0.00109973870558834
0.000263282295222285
0.000604457669138793
0.000882783050165995
2.574796322597e-08
5.54479743758183e-05
8.16125318382236e-05
6.88341093009675e-05
4.57909689174379e-05
9.01734173579611e-05
2.27600459814546e-05
2.09064960080519e-05
0.000384282543441793
9.4520914521337e-07
0.000491164141207733
3.277897294186e-05
0.00141571417514826
3.27668165387041e-05
3.14013569184664e-05
0.000130154715591639
9.58501022985828e-05
4.50935529313032e-05
2.50570808842468e-05
4.31309997518697e-05
3.06542158847472e-05
0.000323414333894204
1.05145802463068e-05
0.000100006583786148
4.42302092432108e-05
5.5011798492561e-05
0.000210870420285475
0.00968890926869786
6.40737250264228e-05
7.31615738888623e-05
4.52620364691921e-05
6.82416774442528e-05
4.01159172943963e-05
0.00128665096303152
4.65486866101095e-05
6.88964397968171e-05
7.31735029445982e-06
0.00049549247247964
7.90996051210588e-06
0.0019765888322677
7.95449732224195e-05
7.82774199723869e-05
0.000117927239578953
0.000237849560374975
5.96936610317334e-05
0.000616456755018921
0.000399559099584235
6.82500644964542e-08
0.000131987154610028
0.000319066093194048
0.000240370835559621
2.54697077827977e-05
0.000109260624276116
5.35551208097193e-05
0.0017250394084124
0.000154371279769554
3.93102356392983e-05
7.18019174673518e-05
4.32191513818231e-05
0.000286880863018437
0.000192012544058867
2.40752883534961e-05
0.000196850045018164
5.44532385830738e-05
3.3163263639332e-05
0.000683719724816645
0.000243658457750233
6.82416774442528e-05
0.000108014038518824
6.34827118648448e-08
3.29013089895795e-05
2.24632606752202e-05
0.000618410292013705
0.000115143788957172
2.18745272520278e-05
0.000301054569941302
0.000661428986261545
0.000117039722016383
5.23653956134228e-05
0.000280976854858414
1.84413473535905e-05
4.21947112690349e-05
4.64005673559007e-05
2.98355150288267e-05
2.59541821259119e-05
9.20110222417251e-05
0.000142603766636147
0.000305590480479561
0.000380741739094992
0.000156524501798043
0.00575881894480554
5.64422310963408e-05
7.47704915339324e-05
0.000360628440139837
8.20058655663432e-05
4.69695747653173e-05
0.000230776217875192
0.000255692648477909
0.000222019482653522
3.49934895151799e-08
0.000133947474686994
9.57108779818363e-05
0.000243658457750233
6.68379069407448e-05
4.41536187510981e-07
0.00010865907076133
0.000382634616404586
2.45889120776229e-07
5.01703921254543e-05
1.69775715045644e-05
0.000488170117384753
0.000100262537403837
3.35371364520033e-05
0.000165749666148521
0.000232934307980749
3.93102356392983e-05
0.000348998496811082
0.000139803381739401
0.000143453550932146
6.06185173658821e-05
0.000514664671502948
0.000346624946627438
0.000182107319553443
4.84366375127276e-05
8.17374099149155e-05
2.08774546112648e-05
2.56294619943501e-05
2.72646455730724e-05
5.61140413597712e-06
0.000168749284217198
1.64154931787205e-05
4.28748270757882e-05
3.14428938284192e-08
0.000208250259876891
3.73842080800417e-07
0.000318603381776827
3.63947219465915e-05
5.65931242223235e-05
1.04951176160433e-05
0.000136799183811083
4.22128092124837e-06
0.000239136860048224
6.85182836823497e-07
5.00808922228491e-05
0.0021018805051113
0.000222016824030533
1.05319525599357e-05
0.00130579595342471
5.47984421533897e-06
2.25035835908303e-05
2.36361838180216e-05
0.000318899904169276
0.000318899904169276
6.6552995242024e-06
0.000168445660047225
4.40033545891081e-05
0
1.39639169094823e-05
0.000498270189230492
0
8.18438150737215e-05
0.000196429482208486
0.00026155706391373
4.13310798142647e-07
0.00028127347089408
1.24078303801088e-05
4.97009417981888e-05
8.31277854380979e-05
0
1.39639169094823e-05
1.34126457495963e-06
0.000633903142319201
2.36361838180216e-05
0
0.000120984325895333
6.6552995242024e-06
0.000160116102805885
0.000123898357050887
0
1.34126457495963e-06
2.48006028448355e-05
0.00125874813639805
0.000245004991474372
4.97009417981888e-05
1.25027503630365e-05
0.00020038916841122
0.000675115186454442
1.67804710445811e-05
5.76264869957478e-06
0.000150848681820538
1.39639169094823e-05
1.70111696841742e-05
2.79199201165967e-05
0.000127078203823421
0.000823804012674779
0
6.9996418855881e-05
0.000369650005840065
6.34622775671936e-05
0.000968794733766714
9.14543648058326e-05
7.1225827330643e-05
4.97009417981888e-05
0.00117210533753796
0
0.000187642965966188
0.000609371240700847
0.000489622347790051
1.70111696841742e-05
0.000136760504223836
2.75366757180348e-05
0.000100944553259196
0
8.3880424998341e-05
0
6.63497989556434e-05
0.000176461177434434
7.16019431618331e-06
0.000175226968929828
0.000143715582753564
0.000503665155846296
0.0002523581094393
0.000659854945697115
5.76264869957478e-06
0.000216780868377623
0.000109631525131204
0.000450399626723358
0.000246716600798824
5.33233950019479e-05
0.000904398014093054
0.000216780868377623
0.00087809870121626
0
0
6.15034164731222e-06
4.2138744464645e-05
4.2138744464645e-05
0
0.000412082854213775
3.61481108160522e-05
0.000100462633425156
1.70111696841742e-05
0.000450789018116088
0
0.000151599796683149
2.25035835908303e-05
0.00028127347089408
0.00025046068004502
6.39867456335128e-05
3.6244583146468e-05
6.6552995242024e-06
0
0.0010430744338965
8.65933584737495e-05
0.000188463214843269
2.36361838180216e-05
0.00115927988031629
0
0.000271781362306244
0
0.000321605624517062
0.000215789352702769
0.00052576877904653
0.00014541639193767
2.76708453332563e-05
0.000230613177331975
7.50610266903839e-07
0.000480918001962923
9.85430632632312e-05
9.46873445820686e-05
0.000143715582753564
2.75366757180348e-05
8.18438150737215e-05
0.000120984325895333
0.00025046068004502
0
0.00112152055323942
4.72452570871603e-05
2.25035835908303e-05
4.72452570871603e-05
6.6552995242024e-06
0.00025742888530108
0.000511732533892678
5.35110019702942e-05
5.33267973128373e-05
0.00014541639193767
6.15401556216664e-05
7.33192597884083e-05
0.000738658702544954
0.00026925505038397
0.00018491084224696
8.3880424998341e-05
1.24078303801088e-05
0.00176972456266228
0.000230613177331975
0.00101990565787333
1.71643929937014e-05
1.71643929937014e-05
1.71643929937014e-05
0
0.000686029457451908
0.000858496619788373
0
0.000144753199611672
0.000722295024496837
0.000448455364080002
0.00108980620428343
2.04166837848126e-05
6.07356355274951e-05
0.000156963064444805
0.000141202515963545
0.000427144040745458
0.000357471478949027
1.95496008956964e-05
0.000147593804659877
7.20939617759494e-05
0.000198657795086533
0.000243778364855125
0.000281100336386848
4.14533650541074e-05
0.000368525886983186
0.000243272809163606
0.00028776965426531
2.87486044797381e-06
2.32362309373627e-05
7.00187967076286e-05
0.000136546226448247
9.9782056206083e-05
0.000259643803449636
1.56637026767297e-05
0.000239225909585551
0.000377475467612986
0.000370887947007494
1.71951217509698e-05
0.000253024675865049
7.16707509551681e-05
6.6710026061287e-05
0.000191401773010471
7.45596882430229e-05
6.37233512525916e-06
0.000147193925532905
2.69190848129761e-05
0.000349603425382901
0.000244484398116522
4.68151872569744e-05
1.32787252815687e-05
0.000240970530211961
3.37050512885869e-05
0.000108610929841485
0.000159373633571697
0.000141177411493918
9.24390626721927e-05
7.90918120056919e-05
4.05843823110994e-05
2.26952282977415e-05
8.37984102659378e-05
0.000148784620088656
0.000482954967242863
9.497122669248e-05
4.10757493164034e-05
3.96318383116342e-06
7.56713412834147e-05
4.81424778367385e-05
4.98703601752499e-06
2.13195226286531e-05
7.80732326648242e-05
4.51918191261241e-05
0.000345094314735831
0.000265424681868967
0.000396510750204254
9.74623565481917e-05
0.000304233018987606
0.000257831453762427
0.000320004435937163
0.000816504570236807
0.0010305534640958
6.21602629686906e-05
1.52093192009595e-06
0.000512276765227484
2.876398090594e-05
0.000153277569184596
0.00159906245330761
5.18062839810927e-05
0.00010412558898867
0.00164087636287761
0.0003086090868014
0.000300694483320032
0.00124834125587983
0.000673960444378748
0.000629297515641987
0.00165355333212812
0.000884307598589933
0.000235917218292061
8.03003941127112e-05
5.90424261881648e-05
7.12168105490452e-05
0.000167636441500117
4.17045831276223e-05
0.000161604790443362
1.56313075542421e-05
0.000377022516613695
3.29603349471704e-05
6.7857158790147e-05
0.000955126738008
0.000156261523826973
9.93510178457236e-05
2.23885200489621e-08
2.64726864517733e-05
0.000135066411408474
0.000120916827675945
6.55565524402887e-05
7.32173974235919e-05
0.000142910034606564
0.000179156013322795
0.0003995358971895
0.00065023076002654
8.39289104884274e-05
9.91524328847522e-05
8.325562375577e-06
9.04516638807921e-07
0.000159398117504263
8.4663609856265e-05
4.58872138984121e-05
6.49333056625234e-06
5.44845400255455e-06
7.97768647262509e-05
6.26600276613709e-05
2.15255129118793e-05
0.000565689401766465
0.000129780010089507
3.92477300360188e-06
0.000202638169594652
4.91678653290092e-05
3.48879833078402e-05
2.73962401415474e-05
6.88421092003433e-05
0.000220798441056427
0.000134938620076355
7.62079609537642e-05
2.79115139810356e-06
7.00565730299573e-05
2.6272336478605e-05
0.00051350679269117
2.41298685426987e-05
7.69080920383607e-07
0.000839827349895176
6.50687576796529e-05
9.55133581200179e-05
3.63351816429637e-05
0.00166115804538028
6.31258200908943e-05
3.67180706170032e-05
6.87774765784818e-05
7.3468299941642e-06
0.000163400348611181
0.000388967253568535
0.000327958450315533
0.000346446745628213
0.00650856270107686
0.000292251173851071
0.000297214956138251
0.00028853084564105
2.54464778057546e-05
5.69145341451058e-05
5.95472135258594e-06
0.000288345092049146
3.28350729558184e-05
0.000177461976452932
0.000377956124041884
0.000424180391705537
0.00109379205937226
0.00131749039421518
3.1646525989097e-05
0.00130305967327567
0.000966906193997738
2.95419828857015e-05
7.88646800180439e-05
4.70669512784667e-05
2.44753677477233e-05
0.000143237312732691
6.02214637439179e-05
2.25208827653897e-05
2.0021885533008e-05
0.000121740439901987
9.56374371048584e-06
6.22343720991089e-06
0
4.10897747383345e-05
0.00011709877471609
7.71677086850388e-07
5.35621616176937e-05
6.18623411515916e-08
6.49653745588322e-05
0.000622989872058419
8.02002170032783e-05
0.000368809050637293
0.000354887704713598
0.000292255533554171
0.000445728069246846
3.42459123703409e-05
1.03653194202507e-05
0.00053214997676674
3.23503406781768e-05
2.80404534163373e-05
2.84876673318389e-05
2.716959003708e-05
0.000344544355610004
2.97330422162693e-05
8.17273034461174e-05
9.6763330374083e-06
0.000147094123749784
8.93274613800863e-05
0.000134642109728757
6.35778721987456e-05
0.000109243199793428
0.00023863376358766
0.000441982935331354
5.96647073922261e-05
0.000123175566538591
0
0.000148472375389528
0.000214646972929847
0.000101486893110155
0.000128378276272256
1.29178349033513e-06
1.59127231329203e-06
0.00013734429584111
3.14370451811986e-05
0.000116851021907835
0.000595464249210225
0
3.25863219349825e-06
0.00024857778428588
0.000108721829092921
4.44181802373397e-06
1.00150340946248e-06
6.25691343962318e-06
1.23022884076252e-05
0.000108821705661342
4.30553989508959e-05
0.000118646138067668
0.000588447280571836
1.82338639882989e-05
4.66553898892139e-06
0.000256526998634093
0.000195810982738096
1.18942584780775e-05
0.000251979609990609
2.898565323257e-05
0.000438157240205611
0.000379072767854661
6.30873250805242e-05
0.00023652673364974
9.44221212463356e-06
1.44649725978215e-06
0.000119975160754383
0.00139160996710074
1.42241145976337e-05
0.00406719774075197
0.0010920636709772
0.00251112577371821
2.69297956383088e-05
2.42727153036085e-05
0.00118818475913391
0.00135487857318842
0.00111389878310351
0.001449533409451
0.00121555229372898
0.00138889150085249
0.00126796667455193
0.00119820968048111
0.0019309294479475
0.00107741876899243
0.000186135863042667
0.000264269720885857
0.000867914259219723
3.37050512885869e-05
8.7371918005566e-05
4.60649036844269e-05
4.51918191261241e-05
1.25896981240717e-06
5.10144504407394e-08
0.000161781186127842
4.27633497897159e-05
2.48372625135972e-05
0.000117873555816273
0.000853130979230578
4.83060773827348e-06
0.000114166083685831
0.000258727683951427
0.00515754790437123
0.000171105749107191
0.00378160373461183
0.000305901549416501
0.000306393341046141
0.000261170014917321
5.35618903465672e-07
0.000213851594516495
3.36039193829532e-07
4.63825897586594e-05
3.91335115848371e-05
2.61640207414669e-05
6.88421092003433e-05
0.00328970027600691
4.72515295541719e-06
1.31982369495481e-07
2.91777081770881e-06
6.48568025008304e-05
3.72750814896447e-05
0.000226234814750323
0.000101936803064725
0.000397837631712034
0.00021082262602435
9.52035138512193e-05
7.97236187036876e-06
0.00282366056698145
0.000219522107445703
0.00010472431923818
0.000280775447322765
3.18359150621644e-06
3.18359150621644e-06
5.26782807577264e-05
8.73133609329999e-07
0.000325463941526072
0.000229993373341797
4.44886727663323e-05
1.09623085681184e-05
9.76361573996223e-06
1.19895912425871e-05
2.24035525766836e-06
1.17198693114955e-05
6.04012194891166e-06
0
0.000455478670228666
0.00038289622925007
0.000120643530142348
1.58648941125842e-06
0.000420004691807598
0.000205956310516375
0.000102102669913076
5.04256461374181e-06
1.88624580254622e-05
0.000135201514398827
8.74172665292828e-05
0.000424765184298496
2.46153323917173e-05
3.28085217443734e-05
3.77682796746487e-06
0.000183642627756832
6.46356604073862e-06
5.71823740278328e-05
1.20151649985927e-05
0.000200150399209351
2.25873112820857e-05
0.00035990639809294
1.10094525981815e-05
4.73096248125836e-05
0.000462412722386376
0.000596482414643619
0.000129047197199764
2.11274499529959e-06
0.000429726365698248
8.73757034026706e-06
0.000225719240630444
0.000478717606686993
0.000244673588525805
2.13175048585084e-05
1.12971823837159e-05
1.24710946503563e-05
1.2457008510665e-05
2.06796960245273e-05
7.99033495281786e-05
0.000275353220391612
8.13948065321772e-06
0.00018269759745949
0.000212132171719619
8.16777161335428e-05
0
4.67338474654581e-05
0.000120483540692941
9.69933756904483e-05
0.000108150597066864
0.000234762721923156
2.54597782624284e-05
0.00106763957116835
2.29484548074507e-05
0.000307105638755202
2.17962780185241e-05
2.65483589544735e-05
0.000841921641099665
9.26704866547679e-06
0.00285930990224706
0.000126733800763642
0.00020917591788558
0.000171868621509696
1.63515813283178e-05
0.00058906891846413
2.40297831621263e-05
0.000156896935179722
6.74315740039224e-06
0.0044060330255636
0.000516076796392361
1.78885480499613e-05
4.08337521104482e-05
0.000197886548782532
5.51634679786254e-05
1.39162406285343e-05
3.4239729110054e-06
7.14711083222743e-05
1.1254446404283e-05
2.891339139587e-06
7.09584761456998e-05
6.42155077429277e-05
9.73201378200979e-06
8.87010024799649e-06
0.000195352938658519
8.38445139238893e-06
0.000223671996898293
0.00103932377875076
0.000411284732896096
0.00089211147667307
0.000429379649758222
0.000827609718537563
0.000909758686794138
0.000164458704881047
0.000638164311669706
0.000780489235252903
0.000635753250959672
6.86734495696873e-05
0.000622642403000897
6.94258925192681e-06
3.14960049117596e-06
5.56896994187885e-06
4.86508701393382e-05
1.22174000005708e-05
2.36831341138139e-05
3.32704860548781e-05
0.000190582110337557
9.74059317457836e-06
8.40676771863716e-05
5.2247490817048e-05
2.28295760086399e-05
1.02542011090026e-05
1.92292455632513e-05
0.000272248741183284
5.71183323489296e-05
0.000413852815885313
0.00088996124664202
9.10192986813028e-06
0.000188286141075926
0.000152521758019804
5.48920464346092e-05
1.53819031700985e-07
6.93740458025792e-05
0.000163496258028777
4.94931346045395e-05
0.000108182394992853
0.000598418181336671
5.13650565751195e-05
8.82135221687058e-05
0.000202059087533537
0
0.000322915322994267
0.000199275515274043
0.000440747866573633
0.000508895917614856
0.00155273850160578
0.00188999110661188
0.000378150875772512
0.000468248569602118
6.36902493608214e-06
0.000280094314257311
0.000213334474334679
0.000288583349165317
0.000952155105933186
0.000336017929933383
6.0952601378749e-05
4.64180616454027e-05
5.5618717375596e-06
0.000188064157616607
0.000464859961551995
1.46121420149357e-06
2.41784206669373e-05
0.00141421256178674
0.00023614743380821
1.01123446842454e-06
5.71792186448869e-07
0.00011412182596378
1.9165988194313e-05
2.11544386132721e-05
0.000239689905702174
0.000127157887184316
7.23810029081801e-05
8.24876659524984e-05
4.91292108704406e-06
8.79252868674225e-05
2.32250783832292e-06
0.00042385296976849
0.000308494171963389
0.000233872382651929
0.000275664781098842
0.000189274881946418
4.97948004258859e-07
5.39778638171508e-06
5.19568608382023e-06
0.000411019465607394
6.16080956654123e-05
9.32588556464405e-06
0.000131832544322173
1.56100145261129e-05
7.75663812799808e-05
0.000135954064516588
8.0121020543053e-06
0.00030746965868301
0.000158904174738006
0.000128849557067062
0
0.000136466570647173
3.21126966829948e-05
1.27503569767077e-06
4.68695110910436e-06
2.10813029943599e-05
0.000120055473343584
8.1573227274266e-05
0.000126833553524235
3.23887704745055e-08
9.48430659426503e-05
8.53390380355628e-06
0.000254315482837149
6.24792767435004e-06
0.00029695321615528
0.00215361514173461
0.000697112023267902
6.92083363537417e-06
0.000221522736519933
1.50502282395636e-05
4.90640628308283e-05
0.000318167584871272
2.62065513017382e-05
7.53448296612496e-06
1.65613001223263e-05
8.54171184308452e-06
8.48698083509773e-06
0.00012712292021857
9.62666466433239e-06
1.04027791682961e-05
7.82717958161207e-06
0.00026424038635936
3.62086926723274e-05
9.74586337148268e-05
8.87067449529732e-05
0.00016816883036607
0.00011764691544871
0.000458313363092807
0.000126340972680795
0.00024627065494753
3.86336816011502e-05
0.000140024238709912
0.000670248738950426
0.00147052831660877
0.0010553703618215
0.00176057912956082
0.000209244142680365
0.000912555409847014
0.000103849582532103
3.09386638936327e-05
1.72754224844349e-06
0
0.000116308120117972
0.000386134263212109
0.000332716594177681
0.000626710260144745
0.000528045948361375
8.79761656795229e-05
0.000234220824610036
0.000269674604126049
0.000331823874725166
4.65223596244907e-05
4.33397114256274e-05
4.38331941370212e-06
5.28889283552473e-06
0.000301786840509237
0.000301804463576751
2.03601039519915e-05
0.000721286907084836
6.00418108660724e-05
5.2123063702221e-06
0.00298548114827203
0.000471366708533403
0.000214788195007836
0.00164417890882012
1.47075842779442e-06
0.000545648053831463
6.44916492880695e-05
0.000236705893871756
0.00012051533310764
6.56729520312768e-05
0.000381691443431403
0.000236870255202551
4.56826860032402e-06
0.000230420772660012
5.8494425788717e-05
0.000262779106329024
6.12335201359225e-05
1.06581492910744e-05
5.71792186448869e-07
0.000264972242869841
5.92699994517115e-06
0.000291331920188769
4.13229855013861e-07
2.50512095349211e-07
0.000275664781098842
0.000144995291297962
0.000402717322166735
0.000247830398890846
0.000360787424027827
0.000351542659348106
0.000143774287993118
5.7517711270935e-05
0.000107993673668998
0.000555560906945167
4.01560803428472e-05
5.5618717375596e-06
7.30743730511822e-06
0.00089662163365901
0.000369793477972906
0.000327019928023582
0.000213109049104402
2.11317716833695e-06
0.000677972983476163
4.13635013569758e-05
7.73298064292375e-05
4.11712206412552e-05
1.07381347456897e-05
7.29142329150025e-06
7.9065893981197e-05
8.97411864890799e-05
0.000338327623223946
6.89413654680408e-05
1.02722400544001e-05
0.00035629303684626
5.21662415888416e-06
9.19139884162459e-05
1.88828516045949e-06
2.41118592535293e-06
0.000255713556987174
0.0013673425077552
0.000433919962954449
1.49191926257939e-06
0.000109991149636875
8.98025754502189e-05
0.000247257200066258
5.03690257085764e-06
0.000198741585435153
0.000231885311756977
0.000120680892506492
9.20307282062305e-05
3.05907023501034e-05
8.32786621832147e-05
0
1.49196386641862e-06
3.43547358602144e-05
8.73941207618838e-05
5.75818077764165e-06
0.000111752186148822
6.72806057609997e-07
4.42058696448266e-05
3.24773930049732e-05
1.65492494050618e-05
3.17090065355947e-06
0.000365061318258052
3.21486009561059e-05
6.77243326599947e-06
3.29672925628028e-05
0.000144525398678307
4.77032972422005e-05
9.92638276910661e-06
0.000385394797574132
3.31362254530032e-05
2.08999984004356e-06
0.000174167721539459
1.11254233759958e-06
1.56558316828073e-06
4.45810793808944e-05
5.61569139240156e-05
0.000117198922683848
5.31226301857816e-05
8.78247063810502e-05
0.000303251667760217
5.78418080301573e-05
2.78430352270604e-06
2.13032992191721e-05
0.000402828618060579
7.78223803837021e-07
2.44226681938917e-05
7.52098370651251e-05
0.000137550558503247
0.00176380579927124
0.000183657423201624
1.4417937131552e-05
1.65492494050618e-05
1.33867424319417e-05
2.98767865526204e-05
0.000887806844076815
0.000149356034941467
3.5113495174222e-05
1.31594583157387e-05
9.19476394262336e-06
0.000309924355247087
0.000524327425214352
8.04520845679592e-05
0.000130801173666495
0
3.34414905572881e-06
0.000301878638288034
5.81073153796182e-05
1.31390600318409e-05
0.000342691209687144
4.9180093578551e-05
7.95379619961887e-05
7.38583673979547e-05
5.42508708070753e-05
5.05824847220409e-05
9.0967576988484e-05
5.76312446685625e-05
6.7768123014613e-05
5.8762716458031e-05
4.72705978531233e-05
2.53473212384953e-06
2.48811501244737e-06
7.70542685682708e-06
4.2711961023591e-05
4.83827235509983e-05
5.44470832448265e-05
7.55439158047909e-06
7.1361409129139e-05
0.000123526624335392
3.25273369338575e-05
1.14225544183912e-05
0.000180403107247531
0.000227299559487861
0.000145904398616965
0.000144330527527526
0.0017470606273915
0
0.00018736278720858
8.34011679859897e-06
4.011637493041e-05
9.91041029438357e-06
7.06611997576569e-05
0.000102165815123983
0.000532473349092759
3.64698767902676e-06
3.30092375084992e-05
2.71770931169275e-06
0.000101253313776813
2.84442560147392e-05
0.000327332678105511
0.000184590508816386
2.13048907676276e-06
8.35448346031121e-06
0.000130296857843669
1.31765930158365e-08
1.07364768061153e-05
2.57610112329378e-06
0.00012990784261984
0.000128794831130953
0.00016048839125763
0.00016278638530263
0.000197542918141335
0.000289705618204818
0.00018936897012743
0.000227171072014331
0.000185640757336991
0.00013984375999135
3.95744516521083e-05
2.41601679004165e-05
6.3924391836282e-05
0.000167693585733146
1.71824812302748e-05
3.11563839162593e-06
5.94760346569419e-05
4.23704294335291e-05
0.000371579923046588
1.79945207301334e-05
0.000139464605618138
6.86061493963948e-06
3.12732242515236e-06
3.65606641477604e-06
5.50001500459949e-06
4.69922531831409e-05
0
2.57174394835869e-05
0.000118016020668894
6.9532902337583e-05
9.06791413395733e-06
0.000140882530621532
3.33053741389689e-05
1.73712983650275e-05
0.000312094414892268
0
3.52921664738402e-06
0.000178406979396237
7.01441871787498e-05
8.35418610116139e-05
2.6663419695548e-06
2.7626006569855e-05
0.000150623379525782
5.71623738908516e-06
0.00015837328267983
2.1095515667592e-05
2.6663419695548e-06
3.40534653926868e-05
5.20386477682416e-05
4.33537314332689e-05
2.12866539819126e-05
3.55195308283531e-05
5.83057416063809e-05
0.000121262559139572
0.000528281319584649
2.3939400577075e-05
0.000150149449493752
2.6663419695548e-06
0
0.000613424342785842
0.000108644190699969
8.2753693858688e-05
1.35549386649819e-05
1.78857337354326e-05
8.43429893146686e-05
2.28087576956843e-05
2.6663419695548e-06
4.85490551109986e-05
0
0.000290881989405581
0.000399915306331858
1.600652725298e-05
0.000113612929652668
1.39903540260038e-05
3.72704592765425e-06
1.9374462996522e-05
0.000741894893163657
1.02607296787182e-06
2.22764380345256e-05
4.39559518250539e-06
1.48838175538225e-05
0.000278210584936371
0.000356828047933556
4.66447076839244e-05
0.000926578020873621
0.00027040215424646
1.39618243748046e-05
7.22002631946757e-05
7.2030619016416e-06
1.9374462996522e-05
8.41899238270407e-05
8.38483815758515e-05
1.9534232155857e-05
2.73767567672569e-05
3.21306998124718e-05
0
0.000106115731069424
3.1798366367624e-05
3.38502702191831e-05
5.90519103616801e-05
1.52433489386071e-05
2.81073195926446e-06
5.57892728101979e-07
2.01828136920637e-05
3.0559253192582e-06
9.3432939732499e-05
7.32263729505668e-05
5.88861438918965e-05
1.22297938422841e-05
0.000108012497376201
1.92160908934299e-05
1.76419034575823e-05
2.41380958757509e-05
1.7267603588809e-05
8.33588642970117e-05
1.18768424645838e-05
0.000209906355683453
0.000346476901129017
2.49896320385057e-06
3.15624041827726e-06
7.02398588762446e-05
0.000119520148359488
4.01406068115119e-05
4.69064518864621e-06
0.000174039005867252
3.39321637567228e-06
7.99959255104065e-05
1.47863246720756e-06
1.0930847245581e-05
8.34592237504436e-06
1.41422098528294e-05
6.27698774942605e-06
5.89407094533429e-06
6.79618742865876e-06
3.30564341705611e-06
3.12732242515236e-06
3.12732242515236e-06
0.000148616468091253
2.38270379723404e-06
5.47618571002826e-06
2.38270379723404e-06
5.04307658346391e-06
0.000983521435656184
0.000185948080639484
0.000278210584936371
6.0559244553982e-06
3.05854727744171e-05
0.000113148700611183
3.73508387586454e-05
1.34176559033049e-06
2.58205327035193e-05
5.44875752490337e-05
3.05854727744171e-05
9.5630462572481e-05
4.75151778125796e-05
3.10016920598895e-05
2.80429850906255e-05
8.30592908553396e-05
4.94213990741634e-05
3.38873934064022e-05
7.19163914884805e-06
2.80301247392569e-06
1.20053133246307e-07
1.02076838202498e-05
8.628494646773e-05
5.73088812346225e-06
6.38910392278882e-06
1.32953291192091e-05
6.34012004595182e-06
2.28712218913885e-07
0.000133700660031717
8.42037624629917e-05
0.000102345882880273
6.62821849399878e-05
1.60293200422661e-05
4.12273190957122e-05
5.7171472202426e-05
0.000110115885302595
9.91931710054403e-05
2.37682709397312e-05
7.27224731959799e-05
1.75758807390588e-05
7.86325119002427e-05
0.000113283359768093
5.95293222005416e-05
1.21853629686211e-05
3.65620220675893e-05
6.31290282046253e-05
9.18835644945153e-06
2.23355365692626e-05
2.61852101466754e-05
9.4128599071587e-05
6.31671201194196e-05
6.0840373864359e-05
2.49354334924712e-05
4.16390200851893e-05
3.87745026712165e-05
0.000317081087653371
4.98431406913267e-05
9.35994244016968e-05
2.99124894055423e-05
0.000139791148089654
6.4478076394444e-05
4.5884797421289e-05
6.83605379052013e-06
6.94850963727204e-05
5.76974127012671e-05
9.4322825198654e-05
0.000114930980718756
0.000109916498571316
0.000113675148530196
4.3284093420369e-05
3.05345623077498e-05
2.19692692107291e-05
0.000123345918863214
1.13069845529253e-05
7.23659864299344e-05
1.46621039748173e-05
6.10390217931726e-05
2.61776799775351e-05
6.65789100182759e-06
4.09617816285309e-05
5.60120068157283e-06
2.64564174394908e-05
3.3912148561223e-05
9.67042920812835e-05
2.38229992384858e-05
9.49345387554955e-06
1.81773852699743e-05
3.171199244311e-05
9.58729974246822e-05
1.5645039085503e-05
0.000187673512163652
8.53357351088251e-05
0.000108849845842992
0.000115955491343847
5.15287492311018e-05
2.41296854531162e-05
2.73199093796718e-05
5.21848390609001e-05
6.9510247686806e-05
3.06200517477796e-05
3.09651206887521e-05
3.71246944136721e-05
2.95087205382872e-05
5.0335993237285e-05
3.32458384134923e-05
2.78045802815068e-05
2.52315457629411e-05
2.51061457063807e-05
2.61639925959841e-05
3.70094621368699e-05
3.56836584390928e-05
2.77969728081731e-05
2.46267446645784e-05
6.82385700157012e-06
3.27125057965671e-05
2.59056610348233e-05
2.84459206181176e-05
3.19858347123901e-05
1.27039353970066e-05
3.37409991365345e-05
2.4565366875097e-05
5.57184388086937e-05
0.000107034441318594
3.48115550339982e-05
3.76064005481601e-05
2.7596152184842e-05
2.77575220181109e-05
0.000115549363357891
2.54467011796472e-05
2.59648299470568e-05
4.75061245122861e-05
2.61966940425979e-05
2.56241330696589e-05
1.295462261954e-05
6.2426448126356e-05
7.72558080733588e-05
2.9450020243961e-05
0
2.85927667198866e-05
0.000110960292543921
3.04087407954335e-05
3.04098825736719e-05
8.7249835471776e-05
2.61899743145725e-05
0.000115011976545286
1.15173863291452e-05
2.70121276750346e-05
2.02557558485049e-05
7.76324524894537e-05
3.25337532318515e-05
3.04098825736719e-05
3.47379969389665e-05
2.80769971024459e-05
2.83424636459815e-05
3.34935487051608e-05
0.0001072662657932
1.00652457978577e-05
1.05133430634545e-05
3.09860899012862e-06
5.2001123947958e-06
1.16639494512645e-05
2.83241949489009e-05
2.77575220181109e-05
1.00652457978577e-05
3.28476804135912e-05
5.51006967955402e-05
0
6.6849427460282e-05
9.87016995007662e-05
4.64660291786885e-05
3.78909501627487e-05
2.52870871717277e-05
4.02662948930892e-05
4.91236550935458e-07
9.68164662084198e-05
2.60752602160037e-05
6.13822648794622e-05
3.28476804135912e-05
4.74420767892727e-05
9.65823925847493e-05
3.60770089971105e-05
8.98270973520302e-05
3.69581332365209e-05
3.04564410368034e-05
4.76756794751712e-05
2.4967342228103e-05
1.50340802941514e-05
0.000127218314659635
0.000133455746272207
9.57374228525535e-05
7.76660746972332e-05
6.05056851329619e-05
3.04564410368034e-05
8.94273765327183e-05
8.75119933712032e-05
0.000111653820556111
4.92858095032824e-05
2.01503456718946e-05
3.25673884842654e-05
7.75468410228886e-06
0.000138956106504789
2.89734010246063e-05
5.69718658584527e-05
4.72425024151028e-05
4.09586834504044e-05
4.97493690194386e-05
4.76740500995867e-05
8.2672656756564e-05
4.75389306723871e-05
9.03785689111531e-05
4.11704712095381e-05
9.4441821653649e-05
1.45930351273699e-05
7.29561101369514e-05
2.20784414999917e-05
6.6694611783963e-06
8.53108813421609e-06
4.82436694052116e-06
4.34724782324859e-06
1.92052603566206e-05
2.61446811026207e-05
1.30409630027388e-05
8.93352980693249e-06
4.30976760215526e-06
4.77194429126209e-06
4.33256254824009e-06
6.46211253907721e-06
3.38321106179375e-05
6.26048392614581e-06
6.46908870798479e-06
6.26855456788731e-06
4.26740661452822e-06
1.45068972944106e-05
4.65536209038757e-06
7.01802326163263e-06
1.14274787347998e-06
6.20313239428293e-06
7.45036841715726e-06
1.86600762952273e-05
1.52416551699898e-05
7.07704334889416e-06
8.72900921114578e-06
1.33953081500737e-05
4.1026052784125e-05
6.61007169243323e-07
4.10793053088163e-05
1.83712865238952e-06
7.38824623536169e-06
9.11893908062018e-08
0
5.00202703923952e-06
1.38664947967497e-05
1.89052354135174e-07
4.31097780280718e-06
7.85786660010054e-06
4.0460307642056e-06
4.0151597347824e-05
9.4434045969484e-06
6.90602328237448e-06
1.00590250464052e-05
4.02709583423595e-07
3.15703931185497e-05
6.59869670347885e-06
2.14715198328949e-05
4.85016153374387e-05
9.23668454159525e-06
5.89021374350081e-06
2.67120983474479e-06
1.67620209571272e-06
6.81396753623087e-06
1.13043865486583e-06
3.17741053350336e-08
0
2.46433851785104e-07
7.3964715465289e-06
1.09923009670367e-07
4.26921613713102e-06
0
2.88140952375093e-06
5.77685307120852e-06
4.58545436951109e-06
8.37314971513358e-06
2.71251480467421e-07
7.51594066497591e-06
0
3.16238232380075e-06
9.48687897078455e-06
3.41537290970481e-05
6.48288376379154e-06
0
6.46287370539175e-05
0
1.68660390602707e-05
6.87434704722816e-06
7.1153602285517e-06
2.37178674285056e-06
7.1153602285517e-06
2.03973659885149e-05
0
4.50173028985606e-05
3.74742305370389e-05
6.73822020499329e-06
2.92408341847899e-06
7.08098361927981e-06
5.57329374165687e-05
7.39997463769376e-05
2.91993301230936e-05
1.6760626316144e-05
1.35440830287178e-05
0
2.4579442511077e-06
1.35191844342482e-05
9.48714697140226e-06
0
0
0
0.000396681214233181
0
6.79312206733547e-05
2.75914785038294e-05
4.31497436539607e-05
0.000298111083205993
3.74742305370389e-05
0
0.000220101809736532
0
9.10118041150802e-06
0
0.000367451677257475
0.00014290593336832
8.61514834358535e-05
0
3.95297790475094e-08
4.98270715498572e-05
5.77226376077169e-07
1.00765000408379e-06
0.000263268328456413
0.000282599386959696
2.12607245096376e-06
7.41516910955134e-07
5.39042441556947e-08
3.74742305370389e-05
0
1.64081452805199e-05
0.000103313627560848
0.000333273898473021
0.000224785759597385
0.000657544874144984
0.000537819987163895
1.5441729168421e-06
0.000162027104673926
1.11163609781193e-05
3.12194965867907e-05
0.000895744793216563
0
0
0.00426375595254669
9.45159424562875e-05
6.60956727870127e-06
0.00116850706331529
0
0
0.00140476375718377
0
0
6.35194542373835e-05
0.000143543173822507
0
0
0.000142817788553186
0.000266715826986893
0.000143582114410559
0.00252731873531084
0.00271294203317806
0.00165978677498599
0.00460079869433758
0.00163414549031797
0.00313204171252772
0
0
0.000272629358878543
0
0.00022647014104071
0.000405164612091896
4.38525492944892e-07
1.40605381678405e-05
0.000176296541938715
2.56317999505174e-05
2.68188995546057e-05
8.23798560306309e-05
0
0.000846987123854765
2.93882687445837e-05
7.39265770745885e-05
0
1.25380035162693e-05
2.56054109998667e-05
0.000123172349217289
0.000402435815614295
1.89185657574589e-06
4.47938270424313e-07
2.66872675772122e-05
1.64518102968436e-06
7.96582760271538e-05
7.48020804126632e-05
0.00309185987610964
0.000327755389533659
0.00748838526399356
0.000107468695591485
0.0145852671523706
0.000359246631983766
0
0
0.00014037770182036
2.70616772578703e-05
0.000684448395085656
8.54484213011374e-05
0.000388298860574596
5.11084106921531e-05
6.29450994167983e-05
0.000538395590627078
3.65024623390955e-05
0.000233786593342207
0.000142756374027222
1.37129808790583e-06
0.00014868729631762
0.000172172479903492
3.66551336725078e-06
0.000514154980339014
0
8.57925722507479e-05
9.01602468788962e-06
4.3109990499008e-05
0
0.000190449757366416
9.30701844481525e-05
0
0
4.46452677972146e-06
9.0807464838081e-07
0
2.43757942984657e-05
2.30591677729941e-05
0
0
0.000225655206855581
0.00322801117369396
4.39219767194549e-08
0.000284503651664402
3.8004705471539e-05
2.01739472984882e-06
2.80168871544098e-05
0
3.13381788739871e-06
5.50113150925698e-06
3.40843113226266e-06
1.57494576481826e-05
0
0
8.66731559649085e-07
7.27259898150668e-07
1.75059030995495e-05
0
0
4.1892269859702e-05
0.000133014786948931
0
0
0
8.42979353564843e-05
0
0
0.000321767061062114
0.000564591651138525
0.00108980620428343
0.000968794733766714
5.64845796481801e-05
0.000215789352702769
0.000911398585719377
6.6552995242024e-06
0
0.000156300826195518
7.69123760096636e-05
0
0.0002523581094393
3.18723165261375e-05
1.49093406619788e-05
8.80876269563477e-06
7.50610266903839e-07
0
0
1.71643929937014e-05
0
0
2.36104214372766e-05
3.80691953376436e-05
0.00048121723420189
2.81637845946976e-05
4.08070322804403e-07
3.08630580981124e-07
2.09253049778812e-06
0
3.19192371809902e-05
1.05523483193723e-06
0
0
7.23813660091174e-05
5.21634871274323e-05
9.18048120025038e-06
3.97101107076676e-06
0
0
5.03690257085764e-06
6.91285433227234e-06
9.99165105851983e-05
2.46524243554539e-05
0.000181417432019186
1.9821878821823e-06
2.0062229351448e-05
8.53487065749955e-07
7.84404623036392e-05
7.5878858227845e-05
4.05091081857654e-06
1.98221099943646e-06
2.42577012859013e-06
2.34398093364808e-08
0.000137306829709561
4.99724972589062e-06
2.72412931939002e-06
2.70693487457222e-05
2.04974629918137e-05
6.86061493963948e-06
0.000556895527221313
0
0
2.39205994449825e-06
7.40450601109854e-06
0.000110685275236596
5.8672105750595e-08
4.91236550935458e-07
0.000100871256455094
1.18616921086697e-06
1.43288655191526e-05
1.83712865238952e-06
2.66924980612918e-05
4.32527917735062e-06
