0.0
0.0
0.00394845115636
0.0
0.0
0.0
0.00206801540949
0.0
0.0
0.0
0.0
0.0061313614793
0.00279907331454
0.0
0.0
0.0
0.0
0.0
0.0
0.0
0.0
0.0
0.0
0.0
0.0
0.00744186046512
0.0
0.0
0.00216275122648
0.00101138755455
0.0
0.0
0.0
0.0
0.0
0.0
0.0
0.0
0.0
0.0
0.0
0.0
0.000312167334399
0.0
0.00049401493966
0.0
0.0
0.0
0.0
0.0
0.0
0.0
0.000964666597124
0.0
0.0
0.0
0.0
0.0
0.0
0.0
0.0
0.0
0.0
0.0
0.0
0.0
0.0
0.0
0.0
0.0
0.0
0.0
0.00106602495643
0.0
0.0
0.0
0.00756882550128
0.0
0.0
0.0
0.0
0.0
0.0
0.0
0.0
0.0
0.0
0.0
0.0
0.0
0.0
0.0
0.0
0.0
0.0
0.0
0.00236388873597
0.0
0.0
0.0
0.0
0.0
0.0
0.0
0.0
0.0
0.0
0.0
0.0
0.000576550626203
0.0
0.00553678217145
0.0
0.0
0.0
0.0
0.0
0.0
0.0
0.0
0.0
0.0
0.0
0.0
0.00223119235378
0.00506899668719
0.0
0.0
0.00525262243709
0.0
0.0
0.0
0.0
0.0
0.0
0.0
0.0
0.0
0.0
0.0
0.0
0.0
0.0
0.0
0.0
0.0
0.0
0.00424415347569
0.0
0.0
0.00298432339578
0.0
0.0
0.0107603966493
0.0
0.0
0.0
0.0
0.0
0.0
0.0
0.0
0.0
0.0
0.0
0.00146160669067
0.0
0.0
0.00319318988596
0.0
0.0
0.0
0.0
0.0
0.0
0.0
0.0
0.0
0.0
0.0
0.0
0.0
0.0
0.0
0.0035560185821
0.0
0.000441882468679
0.0
0.00737778417966
0.0
0.0
0.00461167439449
0.0
0.00188603307906
0.0
0.0
0.0
0.000831300894176
0.0
0.0
0.0
0.0
0.0
0.00924302690839
0.0
0.0
0.0
3.46096334903e-05
0.0
0.000537591500709
0.0
0.0
0.0
0.0
0.0
0.0
0.0
0.0
0.0
0.0
0.0
0.0
0.0
0.0
0.0030393382835
0.0
0.00609319765853
0.0
0.0
0.0
0.0
0.0
0.0
0.0
0.0
0.0
0.000136165152763
0.0
0.0
0.0
0.0
0.0
0.0
0.0
0.0
0.0
0.00885857231277
0.0
0.0
0.00415924016413
0.0013691091184
0.0
0.00184170888099
0.0
0.0
0.0
0.0
0.0
0.0
0.0
0.0
0.0
0.00136366761006
0.000193024607752
0.0
0.00517892535579
0.0
0.0
0.0
0.0
0.0
0.0
0.0
0.0
0.0
0.0
0.0
0.00764016091467
0.0
0.0
0.0
0.0
0.0
0.0
0.0
0.00289358529481
0.00154827165073
0.0
0.0109528347386
0.0
0.0
0.0
0.0
0.0
0.0
0.0160419397117
0.0
0.0
0.000254089769886
0.0
0.0
0.0014520633847
0.0
0.0
0.0
0.0
0.0
0.0
0.0
0.0
0.0
0.0
0.0
0.0
0.00495423708065
0.0351109783881
0.00244282165338
0.0
0.0
0.0
0.0
0.0
0.000464744116763
0.0
0.0
0.0
0.0
0.0
0.0
0.0
0.0
0.0
0.0
0.0
0.0
0.0
0.0
0.0
0.0
0.0023269500567
0.0
0.00711111111111
0.0
0.0
0.00267138971747
0.0
0.0
0.00271696796354
0.0
0.0
0.00138325123153
0.0
0.0
0.0
0.0
0.0
0.0078094082715
0.00971245261445
0.0
0.0
0.0
0.00326381052118
0.0
0.0
0.0
0.0
0.00266998664915
0.0
0.0
0.0
0.0
0.0
0.0
0.0
0.0
0.0
0.00421479314784
0.0
0.0
0.0
0.0
0.0
0.00214245295317
0.0
0.0
0.0
0.0
0.0
0.0
0.00453039349354
0.0
0.0
0.00103889842883
0.0
0.0
0.0
0.0
0.0472629902215
0.0
0.0
0.00385640005279
0.0
0.0
0.0
0.0
0.0
0.0
0.0
0.0
0.0
0.0
0.00514441743917
0.0
0.00334653838898
0.0032611484792
0.0
0.00255180705917
0.0
0.0
0.0
0.0
0.0
0.0
0.0
0.0
0.0
0.0
0.0
0.00770759529071
0.0
0.0
0.0
0.0
0.0
0.0
0.0
0.0
0.0
0.0
0.0
0.0
0.0
0.0
0.0
0.0
0.0
0.0
0.0
0.0
0.00239988505788
0.00166837830957
0.0
0.0
0.0
0.0
0.0
0.0
0.0
0.0
0.0
0.00137077744098
0.0
0.0
0.0
0.0
0.0
0.0
0.0
0.0
0.0
0.0
0.0
0.0
0.0
0.0
0.0
0.00291782078402
0.0
0.0
0.0
0.0496774193548
0.000340378906616
0.0
0.00547634159279
0.0
0.0
0.0
0.0
0.00281209808493
0.0
0.0
0.0
0.0
0.0
0.0277873728651
0.00156299846714
0.0
0.00300535823833
0.00157722648816
0.0
0.0
0.0
0.0
0.0
0.0
0.0
0.0
0.0
0.0
0.0
0.000465347016818
0.0113360991
0.0
0.0
0.000393842365144
0.0
0.0
0.000498764349017
0.0
0.0
0.002677496443
0.0
0.0
0.0
0.0
0.0
0.0
0.0
0.0
0.0
0.0
0.0245856407743
0.0
0.0
0.0
0.0
0.00361910354395
0.0
0.0
0.0
0.0
0.0041161830758
0.0
0.0
0.0
0.00608908431135
0.0
0.0
0.0
0.0
0.0
0.0
0.0
0.0
0.0084461228924
0.0
0.00850378756184
0.0
0.0
0.0
0.0
0.0
0.0
0.0
0.00306658545825
0.000896551141209
0.0
0.00360138798309
0.00258246013684
0.0
0.0
0.000567530979902
0.0
0.0
0.16759410802
0.0
0.0
0.0
0.0
0.0
0.0
0.0
0.0
0.0
0.0
0.0
0.0
0.0
0.0
0.00109359221134
0.0
0.00451795802415
0.0
0.0
0.0
0.000332576597166
0.0
0.00269355713925
0.0
0.0
0.0
0.0
0.0
0.0
0.0
0.0
0.0
0.0
0.00151763770007
0.00234359773351
0.0
0.0
0.0
0.0
0.0
0.0
0.0
0.0
0.0
0.0
0.0
0.0
0.0
0.0
0.0
0.0
0.00418643672416
0.0
0.0
0.0
0.0
0.0
0.0
0.0
0.0
0.0
0.00379074686054
0.0
0.0
0.0
0.0
0.0
0.0
0.0
0.0
0.0
0.0
0.0
0.00319046225374
0.00208536939697
0.0
0.0
0.0
0.0
0.0
0.00335475505897
0.0
0.0
0.0
0.0
0.0
0.0
0.0
0.0
0.0
0.0
0.0
0.0
0.00707511081849
0.0
0.0
0.0
0.0
0.00849902619121
0.0
0.0
0.0
0.0
0.0
0.0
0.0
0.0
0.0
0.0
0.000695087177748
0.00188682495566
0.0
0.0
0.0
0.0
0.00192869952341
0.0
0.0
0.0
0.0
0.0
0.0
0.0
0.0
0.0
0.00102483802705
0.0
0.0
0.0
0.0
0.0
0.0
0.0
0.00154376542919
0.0
0.0
0.0
0.0
0.0
0.00476187755794
0.0
0.0
0.0
0.0
0.0
0.0
0.00234000439108
0.0
0.0
0.0
0.0
0.0
0.000349365413604
0.000185578514871
0.0
0.0
0.0
0.0
0.0
0.0
0.0
0.00247845722949
0.0
0.0
0.0
0.0
0.0
0.0
0.0
0.000747453826309
0.00437104133089
0.0
0.0
0.0
0.0
0.0530526315789
0.0
0.0
0.0
0.0
0.0
0.0
0.0
0.0
0.0
0.0
0.0
0.0191181818182
0.0
0.0145124716553
0.00421507112895
0.0
0.0
0.0
0.0
0.0
0.00140081965675
0.0
0.0
0.0
0.0
0.0
0.0
0.0104768684233
0.0
0.0
0.00304313627548
0.0
0.000926975668697
0.00326186543245
0.0
0.00309240932078
0.00433445761619
0.0
0.0
0.0
0.0
0.0
0.0
0.0
0.0
0.0
0.0
0.0
0.0
0.0
0.0
0.00248355228751
0.0
7.84284787029e-05
0.0
0.0
0.0
0.0
0.0
0.0
0.0
0.0
0.0
0.0
0.0
0.0
0.0
0.0
0.0
0.0
0.0
0.0
0.0
0.0
0.0
0.0
0.0
0.0
0.0
0.0
0.0
0.0
0.0
0.0
0.0
0.0
0.0
0.0
0.0
0.0
0.0
0.0
0.0
0.0
0.0
0.144069264069
0.0
0.00286277708218
0.0
0.0
0.0
0.0
0.00217180362967
0.0
0.0
0.00221304956844
0.0
0.0
0.0
0.0
0.0
0.0
0.0
0.0
0.0
0.0
0.00779529989741
0.0
0.0048456537643
0.0
0.00549019607843
0.0
0.0
0.00156759143099
0.0
0.0
0.0
0.0
0.0
0.0
0.0
0.0
0.0
0.0
0.0
0.00447550115819
0.0
0.0
0.0
0.0
0.0
0.0349290121717
0.0
0.0
0.0
0.0
0.0
0.0
0.0
0.0
0.0
0.0
0.0
0.0034778854717
0.0
0.00348501914846
0.0
0.0
0.00123620047015
0.0
0.0
0.0
0.0
0.0
0.0
0.0
0.0
0.0
0.0
0.0128936225731
0.0
0.0
0.0
0.0
0.00114446929643
0.0
0.0
0.00318011612828
0.0
0.00241142879867
0.0
0.000252464913167
0.0
0.0
0.0
0.0
0.0
0.0
0.0
0.00280693923462
0.0
0.0
0.0
0.0
0.0
0.00443658946833
0.0
0.0
0.0
0.0
0.0
0.0
0.0
0.0
0.0
0.0056393981093
0.0
0.00428988503122
0.000648199399359
0.0139763706671
0.0
0.0
0.0
0.00128879726957
0.0
0.0
0.0
0.0
0.0
0.0
0.0
0.0
0.0
0.0
0.0
0.0
0.0
0.0
0.0
0.0
0.0
0.0
0.0
0.0
0.0
0.0
0.0
0.0
0.0
0.0
0.0
0.0
0.0
0.0
0.0
0.0
0.000547122861597
0.0
0.0
0.0
0.0
0.0012897379299
0.0
0.0
0.0
0.00193044562385
0.0
0.0
0.0
0.0
0.0
0.0
0.0
0.0
0.0
0.0
0.00560367239155
0.000371864195284
0.0
0.0
0.0
0.0
0.0
0.00209472317153
0.0
0.0
0.0
0.0
0.0
0.0
0.000667005454998
0.0
0.0
0.0
0.0
0.0
0.0
0.0
0.00182163199594
0.0
0.0
0.0
0.00664287181996
0.00113580690375
0.0
0.0
0.00211276331704
0.00495091902226
0.0
0.0
0.0
0.0
0.0
0.0
0.00928348301445
0.0
0.0
0.0106547652169
0.0
0.000419807327916
0.000336603053963
0.0
0.0
0.0
0.0
0.0
0.0
0.0
0.0
0.0
0.0
0.00032737044202
0.0232252669318
0.0
0.0
0.0
0.00251883055772
0.0256
0.00353295591394
0.0
0.0
0.0
0.0
0.00687515450052
0.0
0.0
0.0
0.0
0.0
0.0
0.0
0.0
0.00171641440982
0.0
0.0
0.0
0.0
0.0
0.0
0.0
0.0
0.0
0.00572201438827
0.0
0.0
0.0
0.0
0.0
0.0
0.0
0.0
0.00267795597227
0.0
0.0
0.0
0.0
0.0
0.0
0.0
0.0
0.00461614001561
0.0
0.0
0.00811430401096
0.0127512839325
0.0164949079241
0.00414764596583
0.0
0.0
0.00281164596258
0.0
0.0
0.0
0.0
0.0
0.0
0.0
0.0
0.0
0.0
0.0
0.0
0.0
0.0
0.0
0.0
0.0
0.0
0.0
0.0
0.0
0.0
0.00230960132894
0.0
0.0
0.0
0.0
0.0
0.0
0.0
0.00133788870782
0.0
0.0
0.0
0.00233003018416
0.0
0.0
0.0
0.0
0.0
0.00219009490672
0.0
0.0
0.0
0.00571221607078
0.0010660175413
0.0
0.000488935229097
0.0
0.0
0.0
0.0
0.0
0.0
0.0
0.00327336670198
0.0
0.0
0.00122112154372
0.0
0.0
0.0
0.0
0.0
0.0
0.0
0.0
0.00295057706009
0.0
0.0
0.0
0.0
0.0
0.0
0.0
0.00233032379349
0.0
0.0
0.0
0.0
0.0
0.0
0.0
0.00218328841097
0.0
0.0
0.0
0.000166219912032
0.0
0.0
0.0
0.0
0.0
0.0
0.0
0.0
0.0
0.0151442307692
0.0
0.0
0.0
0.0
0.0
0.0
0.00519208105468
0.0
0.0
0.0
0.0
0.0
0.0
0.00129930115458
0.00247608722766
0.0
0.0
0.0
0.00832755031228
0.000164841710665
0.00199122641931
0.0
0.0
0.0
0.0
0.0
0.0
0.0
0.0
0.0
0.0
0.0
0.00284478224279
0.0
0.0
0.0
0.00237759300798
0.00115706374316
0.0
0.0
0.05472
0.0
0.0
0.0033147916841
0.0
0.0
0.0
0.0
0.0
0.0
0.0
0.0
0.0
0.0
0.0
0.0
0.0
0.0
0.0
0.0
0.0
0.00316274702377
0.00314299336384
0.0
0.00271083532286
0.0
0.0
0.0
0.0
0.0
0.0
0.0
0.0
0.0
0.0
0.0186140372855
0.0072306152845
0.00057247179073
0.0
0.00138756253402
0.0
0.0
0.000777537247181
0.0
0.0496363636364
0.0
0.00437857009147
0.0
0.0
0.0104068979026
0.0
0.0
0.0
0.0
0.0
0.0
0.0
0.0
0.0
0.0
0.0091745199054
0.0
0.00356013163688
0.0
0.0
0.0
0.0
0.0
0.0
0.0
0.0
0.0
0.0
0.0
0.00581282832352
0.0
0.0
0.0
0.0
0.00113372488481
0.0
0.00435384615385
0.0
0.0
0.0
0.0
0.0
0.0
0.0
0.0
0.0
0.0002135871695
0.0
0.0
0.0
0.0
0.0
0.00450843767609
0.0
0.0
0.0
0.0
0.0
0.0277526132404
0.0011854272631
0.0
0.0
0.00162638541251
0.0
0.0
0.0
0.0
0.0
0.0
0.0
0.0
0.0
0.0
0.0
0.0
0.0
0.00308368608929
0.0
0.0
0.0015279059571
0.0
0.0
0.000213856417102
0.0
0.0
0.0
0.0
0.0
0.0
0.0
0.0
0.0
0.0
0.0025240770082
0.0
0.0
0.0
0.0
0.0
0.00474022072016
0.0
0.0
0.00237356925094
0.0
0.0
0.0
0.0
0.0041755647615
0.0
0.0
0.0
0.0
0.0
0.0
0.0
0.0
0.0
0.0
1.78574072752e-05
0.0
0.0
0.0
0.00432278833305
0.0
0.0
0.0
0.0
0.0
0.0
0.0
0.0
0.0
0.0
0.0
0.0
0.0
0.0
0.0
0.000252057493888
0.00147097935632
0.0
0.00666673861726
0.00028997934089
0.0
0.0
0.00494604270021
0.00516352994098
0.0
0.00252380874363
0.0
0.00477425595491
0.000527807406495
0.0
0.0
0.0
0.0
0.0
0.0023214361801
0.0
0.0
0.0
0.0
0.0
0.0
0.0
0.00234855591301
0.0
0.0
0.0
0.0
0.0
0.0
0.0
0.0
0.00196355075434
0.00441257663328
0.0
0.0
0.0
0.0
0.0
0.0
0.006062593313
0.00326378465631
0.0
0.0
0.0
0.0
0.0
0.0
0.0
0.0
0.0
0.0
0.0
0.0
0.0
0.0
0.0
0.0
0.00519523450068
0.0
0.0
0.0
0.0
0.0
0.0
0.0
0.0
0.0
0.0
0.0
0.00684431609346
0.000176463476533
0.0
0.0
0.0
0.0
0.0
0.0
0.00197375339401
0.0
0.0
0.00246230353973
0.0
0.0
0.000439356686495
0.0
0.0
0.0
0.0
0.0
0.0
0.0
0.0
0.0
0.0
0.0
0.0
0.0
0.0
0.0
0.0
0.0
0.0
0.0
0.0
0.0
0.0
0.0
0.0
0.0021890038278
0.0
0.0
0.0
0.0
0.0
0.0
0.0
0.0
0.0
0.0
0.0
0.0
0.0
0.0
0.0
0.0
0.00326055172958
0.0
0.0
0.0
0.0
0.0
0.0
0.0
0.0
0.0
9.52400991979e-05
0.0
0.0
8.47290770022e-05
0.0
0.0
0.00430253139021
0.0
0.0
0.0
0.0
0.0
0.0
0.0
0.0
0.0
0.0
0.0
0.0
0.0
0.0
0.00492550927334
0.0
0.0130881249268
0.0
0.0
0.0
0.0
0.0
0.0
0.0029733333763
0.00126337143383
0.0
0.0
0.0
0.0
0.0
0.00767492952244
0.0
0.00250276008493
0.00454337069223
0.0
0.000350547902408
0.0
0.0
0.0
0.0
0.0
0.00127343031618
0.0
0.0
0.0
0.0
0.0
0.00283614525657
0.0
0.0
0.0
0.0
0.0
0.0
0.0
0.0
0.0
0.0
0.0
0.0
0.0
0.0
0.0
0.000493322275213
0.0
0.0
0.0
0.0
0.000911302157919
0.0
0.000613387740188
0.0
0.0
0.0
0.0
0.0
0.0
0.0
0.0
0.0382836873894
0.0
0.0
0.0
0.0
0.0
0.000593427339062
0.0
0.0
0.0
0.00379931468328
0.0
0.0
0.0
0.0
0.0
0.0
0.0
0.0
0.0
0.0
0.0
0.0
0.00264942868841
0.0
0.0
0.0
0.0
0.00267569310123
0.0
0.0
0.0
0.0
0.0
0.0
0.0
0.0
0.0
0.0
0.00176616396083
0.0
0.0
0.000503285401194
0.0
0.0
0.0587621873973
0.0
0.000313187960466
0.0
0.0
0.0
0.0
0.0
0.0
0.0
0.0
0.0
0.0
0.0
0.0
0.0
0.000573684580592
0.0
0.0
0.0
0.0
0.0
0.0
0.000794845689386
0.0
0.0
0.0
0.0
0.0
0.0
0.0
0.0
0.0
0.0
0.0
0.000647324792658
0.0
0.0
0.0
0.0
0.0
0.00820955774346
0.0
0.00168106968305
0.0
0.0
0.00368945648653
0.0
0.0153698479575
0.0
0.0
0.0
0.0
0.0
0.0
0.0
0.0
0.0
0.0
0.0
0.0100587437778
0.0
0.0
0.0
0.0
0.002025121217
0.0030943214762
0.0
0.00468265153677
0.0
0.0
0.0
0.0
0.0
0.0
0.0
0.0
0.0
0.00273776299143
0.0
0.0
0.0
0.0
0.0
0.0
0.0
0.0
0.0
0.0
0.0
0.0
0.0
0.0
0.0
0.0
0.0
0.000944953604298
0.00206719317369
0.0
0.0
0.0
0.0
0.0
0.0
0.0
0.0
0.0
0.0
0.0
0.0
0.0
0.0
0.00389350455349
0.0
0.0
0.0
0.0
0.0
0.0
0.0
0.000531439039558
0.0
0.0
0.0
0.0
0.0
0.0
0.0
0.0
0.0
0.0
0.0
0.0
0.0
0.00190516276602
0.0
0.0
0.0
0.0
0.000327235416844
0.0
0.0
0.0
0.0
0.0
0.0
0.0
0.0
0.0
0.0
0.0
0.0
0.0
0.0
0.0
0.0
0.0
0.0
0.00200845040029
0.000310574637803
0.0143656586773
0.0
0.0
0.00501639344262
0.0
0.0
0.00320752215536
0.0
0.0
0.0
0.0
0.00533752657453
0.0
0.0
0.0
0.0
0.0
0.0
0.0
0.00713321332133
0.0
0.0
0.0
0.00135865639643
0.0
0.0
0.0
0.0
0.0
0.0
0.0
0.0
0.0
0.0
0.0
0.0
0.0
0.0
0.0
0.0
0.0
0.0
0.00215429149529
0.0
0.0
0.0
0.0
0.0
0.0
0.0
0.0
0.0
0.0
0.0
0.00534330319044
0.00324285545181
0.0
0.0
0.0
0.0
0.0
0.0
0.0
0.0
0.00194526734561
0.0
0.0
0.0
0.0
0.0
0.00271543296725
0.00428814679424
0.0
0.0
0.0
0.0022511466218
0.0
0.000351976785715
0.0
0.0
0.0
0.0
0.0
0.0
0.0
0.00849276254335
0.0
0.0
0.0
0.0
0.0
0.0
0.0
0.00684098510185
0.00238054083109
0.0255639097744
0.00364433319216
0.0
0.0
0.00339167670272
0.0
0.0
0.0
0.0
0.0
0.0
0.0
0.0
0.0
0.0
0.0
0.00204822198949
0.0
0.0
0.0
0.0
0.00278086152693
0.0
0.0
0.0
0.0
0.0
0.0
0.0
0.0
0.0
0.0
0.0
0.0
0.0
0.0
0.0
0.0
0.0
0.0162822691451
0.00573247861018
0.0
0.0
0.0
0.0
0.0
0.00198696941627
0.0
0.0
0.0
0.0
0.0
0.0
0.0
0.0
0.0
0.0
0.0
0.00155753193452
0.0
0.0
0.0
0.0
0.0
0.0
0.0
0.0
0.0
0.0
0.000168159828437
0.0
0.0
0.0
0.0
0.0
0.0
0.0
0.0
0.0
0.00320819272879
0.0
0.0
0.00835158401996
0.0
0.0
0.00364338437984
0.0
0.0
0.0
0.0
0.0
0.0
0.000801037083291
0.0
0.0
0.0
0.0
0.0
0.0
0.000503180610183
0.0
0.0
0.0
0.0
0.0
0.0
0.00346605034516
0.0
0.0109936575053
0.0
0.0
0.0
0.0
0.0
0.0
0.0
0.00818736217461
0.00486269738372
0.0
0.0
0.002396911096
0.0
0.0
0.0
0.0
0.00399237885762
0.0
0.0
0.00623903610356
0.0
0.0
0.0
0.0
0.0
0.0
0.0
0.0
0.0
0.00135571000409
0.0
0.0
0.0
0.0
0.0
0.0
0.0
0.0
0.0
0.0
0.0
0.00307676294614
0.0408221119773
0.0
0.0
0.0
0.0
0.0
0.0
0.0
0.0
0.0
0.0
0.0
0.0
0.0
0.0
0.0
0.0
0.0
0.0
0.00470013277904
0.0
0.0
0.0
0.0
0.0
0.0
0.0
0.0
0.0
0.0124427760483
0.00373031760817
0.0
0.0
0.0
0.0
0.0
0.0
0.0
0.0
0.0
0.0
0.0
0.0
0.0
0.0
0.0
0.0
0.0
0.0
0.0
0.00186899285034
0.0
0.0
0.0
0.0
0.0
0.0250103200171
0.0
0.0
0.0
0.0
0.0
0.0
0.0
0.00196674918229
0.00445758631753
0.0
0.0
0.0
0.0
0.0
0.0
0.0
0.0
0.0
0.0
0.0
0.0
0.0
0.0
0.0
0.0
0.0
0.0
0.0
0.0
0.00118179746125
0.0
0.00339167670272
0.0
0.0
0.0
0.0
0.0
0.0
0.0
0.0
0.0
0.0
0.119466666667
0.00631490457238
0.0
0.0
0.0
0.0
0.0
0.0
0.0
0.0
0.0
0.0
0.00018123439356
0.0
0.0
0.0
0.0
0.0
0.0106963309914
0.0
0.000207561481348
0.0
0.0
0.00403309984331
0.0
0.0
0.0
0.0
0.0
0.0
0.00762431233801
0.0205714285714
0.0
0.0
0.0
0.0
0.0
0.0
0.0
0.0
0.0
0.00319194127065
0.0
0.0
0.0
0.0
0.0
0.0
0.0
0.00335667085135
0.0
0.0
0.0
0.00261108040715
0.0
0.0
0.0
0.0
0.0
0.0
0.0
0.0
0.0
0.0
0.0
0.0
0.0
0.0
0.0
0.0
0.0
0.00444227727774
0.0
0.0
0.0
0.0
0.0
0.00479062483711
0.0196350545034
0.0
0.000203317357922
0.0
0.0
0.0
0.0
0.0
0.0
0.0
0.0
0.0
0.00150856897313
0.0
0.0
0.0
0.0
0.000306167548754
0.0176998477188
0.0151242341729
0.0
0.0
0.0
0.0
0.0
0.0
0.0
0.0230768463151
0.0
0.0
0.0152380952381
0.0
0.0
0.0
0.0
0.000163943713333
0.00154254240798
0.0
0.00334206135263
0.0
0.0
0.0
0.0
0.00521346714964
0.0
0.0
0.0
0.0
0.0
0.0
0.0
0.0
0.0
0.00334201713054
0.0
0.0
0.00211339620891
0.0
0.0
0.0117082700239
0.0
0.00119951510217
0.0
0.0
0.0
0.0
0.0
0.00130976164846
0.0
0.0
0.0
0.0
0.000335040290449
0.0
0.0
0.0
0.0
0.0
0.0
0.0
0.0
0.0
0.00409695576412
0.0027291700326
0.0
0.0
0.00243243243243
0.0
0.0
0.0
0.000237908948295
0.0
0.000371532976827
0.0
0.0
0.0
0.0
0.0
0.0
0.0
0.00266156456175
0.0
0.0
0.0108137133237
0.0
0.00776946287945
0.0
0.0
0.0
0.0
0.0
0.000260042688518
0.0
0.0
0.0
0.00307696921124
0.0
0.0
0.000623143075115
0.0
0.0
0.0
0.0
0.0
0.000201586917013
0.0
0.0
0.0
0.0
0.0
0.0
0.0
0.0
0.0
0.0
0.0
0.0
0.0
0.0
0.0
0.0
0.0
0.0
0.00304443328602
0.0
0.0
0.0
0.0
0.0
0.0
0.0
0.00127724261347
0.0
0.00532469452868
0.0
0.0
0.0
0.0
0.00224270179605
0.0
0.0
0.0
0.0
0.0
0.0
0.00289490123775
0.0
0.0
0.0
0.0
0.0
0.0
0.0
0.0
0.0
0.00434591251153
0.0
0.0
0.0
0.0
0.00493575018148
0.0
0.0
0.0
0.0
0.0
0.0
0.0
0.0
0.00329715087303
0.0
0.0
0.0
0.0
0.0
0.0
0.0
0.0
0.0
0.0
0.0
0.0
0.0
0.0
0.0
0.0
0.0
0.0
0.0
0.0
0.0
0.0
0.00481605170419
0.0
0.0
0.0
0.0
0.0
0.0
0.0355942622782
0.0
0.0
0.0
0.0
0.0
0.0
0.0
0.029387755102
0.0
0.000674500259411
0.0
0.0
0.000345280288488
0.00401664140359
0.0
0.0
0.0
0.0
0.00331918455226
0.00158196199775
0.0
0.0
0.0030558128792
0.0
0.00332063920736
0.0
0.00505003275085
0.0
0.00464665398315
0.0
0.0
0.0
0.0
0.0
0.00144950981322
0.0
0.00459293903217
0.00160260911555
0.00223298902603
0.0
0.0
0.0
0.000808266960726
0.0
0.0
0.0
0.0
0.0
0.0
0.0
0.0
0.0
0.0
0.00439364560248
0.0
0.0
0.0044503162688
0.0
0.0
0.0
0.0
0.00113246753247
0.0
0.0
0.00245965964417
0.0
0.0
0.0
0.0
0.020603985097
0.0
0.0
0.0
0.0
0.0
0.0
0.0
0.0
0.0
0.0
0.0
0.0226486290075
0.0
0.0
0.0
0.0
0.0
0.0
0.0
0.0
0.0
0.0
0.0
0.0
0.0
0.0
0.00322526538035
0.0
0.0
0.0
0.0
0.0
0.00754000078495
0.0
0.0
0.00267343485618
0.0
0.0
0.0027441303081
0.0
0.0
0.00495921468395
0.0
0.0
0.0
0.00208355771452
0.0
0.0
0.0
0.0
0.0
0.0
0.0
0.0
0.0
0.0
0.0
0.0
0.00205836660049
0.0
0.0
0.0
0.0
0.000231371283335
0.0
0.0
0.0212337662338
0.0
0.0
0.0
0.0
0.0
0.0
0.0
0.00235390863876
0.0
0.0
0.0
0.0
0.0017661971831
0.0045465796344
0.0
0.0
0.0
0.00460726272502
0.0
0.0
0.0
0.0
0.0
0.0
0.0
0.0
0.0
0.0
0.0
0.0013178061554
0.0
0.0
0.0290516732587
0.0
0.0
0.0
0.0
0.0
0.0
0.0430769230769
0.00215130081403
0.0
0.0
0.0
0.0
0.0
0.0
0.0
0.0
0.0
0.00864535460968
0.0
0.0
0.0
0.00484875493876
0.00155326513724
0.00165363873678
0.0
0.0138477151156
0.0
0.0
0.0
0.0
0.0
0.0
0.0
0.0
0.0
0.0
0.00225787024133
0.0
0.0
0.000381047621793
0.0
0.00231166711958
0.0
0.0
0.000216601134257
0.00702005374531
0.0
0.0
0.0236453736737
0.0
0.0
0.0
0.0
0.0
0.0
0.0
0.0
0.0
0.0
0.0
0.0
0.0
0.0
0.0
0.0
0.0
0.0
0.00130689952817
0.0
0.0
0.0
0.0
0.0
0.0029323479485
0.0
0.0
0.000542983162919
0.0
0.00241766734296
0.0
0.0
0.0
0.0
0.00181739130435
0.0
0.0
0.0
0.0
0.0
0.000458743064588
0.0
0.0
0.0
0.0
0.0
0.00267953351599
0.0
0.0
0.0
0.0
0.0
0.0359059138913
0.0
0.0
0.0
0.0
0.0
0.0
0.0
0.0
0.0
0.0
0.0
0.0
0.0
0.00233439391948
0.0
0.0
0.0
0.0
0.0
0.0
0.0
0.00118106820801
0.0
0.0
0.0
0.0
0.000209028157738
0.0
0.0
0.00293749144292
0.0
0.0
0.0
0.0
0.0
0.0
0.00234929857913
0.0
0.0
0.0
0.0496551724138
0.0
0.0
0.00117268074412
0.0
0.0
0.0
0.0
0.0
0.0
0.0046303494538
0.0
0.00160678954493
0.0
0.0
0.0
0.0
0.0
0.0
0.0
0.0
0.0
0.0
0.00487020395376
0.0
0.0
0.0
0.0
0.0
0.0
0.0
0.00346404100955
0.0
0.0
0.0
0.0
0.00319713746004
0.0
0.0
0.0
0.0
0.0
0.0
0.000345338941727
0.0
0.0
0.0
0.0
0.0
0.0
0.00296810870871
0.0
0.0
0.00427406578492
0.0
0.0
0.0
0.0030558128792
0.0
0.0
0.0
0.0
0.0
0.0
0.0
0.0
0.0
0.0176600604623
0.0
0.0
0.0
0.0
0.0
0.0
0.00338865798291
0.0
0.0
0.0
0.0
0.0
0.0
0.0
0.0
0.0
0.0
0.0
0.0
0.00730421759007
0.00256913714349
0.0005075211183
0.000842269714691
0.00274729552481
0.0
0.0
0.0
0.0
0.0
0.0
0.0
0.0023282608177
0.0015447068447
0.000576081066866
0.0
0.0
0.0
0.0
0.0
0.0
0.0
0.0
0.0
0.0
0.0
0.000245479932609
0.000376629300548
0.0
0.0
0.0
0.0
0.00451923058789
0.0
0.0
0.00108362554265
0.0
0.0
0.0
0.0
0.0
0.0
0.0
0.0
0.0
0.00273789784944
0.0
0.0
0.0
0.0
0.0
0.0035237805378
0.0
0.0
0.0
0.0
0.0
0.0
0.0
0.0
0.0
0.00316914043412
0.0
0.0
0.0
0.00314354889097
0.0126084461333
0.0
0.0
0.0
0.0
0.0
0.0
0.0
0.000329131669602
0.0
0.0
0.0
0.00263720248252
0.00136536427032
0.0
0.0
0.000464334169422
0.00108571491195
0.0
0.0
0.0
0.0
0.0
0.000966545693966
0.0
0.0
0.0
0.00296151653772
0.0
0.0
0.0
0.0
0.0
0.0
0.0
0.0
0.0
0.0
0.0
0.0
0.0
0.0
0.0
0.00146698553082
0.0
0.0
0.0
0.0
0.0
0.00403232525006
0.0051564631687
0.0
0.0
0.00044594933534
0.0
0.0
0.0
0.0
0.0
0.0
0.0
0.000838358739024
0.0
0.0
0.0
0.0
0.0019439481052
0.0
0.0
0.0
0.0
0.0
0.0
0.0
0.0023997342534
0.0
0.0
0.0
0.0
0.0
0.0
0.0
0.0
0.0033384830443
0.0
0.0
0.0
0.00685394040657
0.0
0.0
0.0
0.0
0.0
0.0
0.0
0.0
0.0
0.0
0.0
0.0
0.0
0.00247933884397
0.0
0.0
0.00917017451647
0.0
0.0
0.0
0.0
0.0
0.0
0.0
0.0
0.0
0.0
0.0
0.0
0.0
0.0
0.00445454545455
0.0
0.0
0.0
0.0
0.0
0.0
0.0
0.0109039160579
0.0
0.0
0.0
0.0
0.00496043460692
0.0
0.0
0.00354845753841
0.0
0.0
0.0
0.0
0.0
0.0
0.0
0.0
0.00546962270857
0.0
0.0
0.0
0.0
0.0160354801336
0.0
0.0
0.0
0.0
0.0
0.0
0.0
0.000128701241204
0.0
0.0
0.0
0.0
0.0
0.000350397606709
0.0
0.0
0.00408234071604
0.0
0.0
0.0
0.0
0.0
0.0
0.0
0.0
0.0
0.000814061151357
0.0
0.0
0.0
0.0
0.0
0.0
0.00189349162814
0.00153489919726
0.0
0.0
0.0
0.0024840691986
0.0
0.0
0.0
0.0
0.0
0.0
0.0
0.0
0.0
0.0
0.0
0.0
0.0
0.0
0.00517479336566
0.0
0.0
0.0
0.0
0.0
0.0
0.0
0.0
0.0
0.0
0.00113224020565
0.000167899350649
0.00364285649433
0.0
0.0
0.0169202226345
0.0
0.0
0.00251793472347
0.0
0.000338830602558
0.0
0.000400982275109
0.0
0.00110433696447
0.0
0.0
0.00555611069166
0.0
0.0
0.0
0.0
0.0
0.0
0.00297404488551
0.0
0.0
0.0
0.0
0.0
0.0
0.0
0.0
0.0
0.0
0.0
0.0
0.0
0.0
0.0
0.0
0.0
0.0
0.0
0.0
0.0
0.0
0.0
0.00415917122591
0.0018127699205
0.0
0.0
0.0
0.00368945648653
0.0
0.0
0.0
0.0
0.0
0.0
0.0
0.0
0.0
0.0
0.0
0.0
0.0
0.0
0.0
0.0
0.0
0.0
0.0
0.00362757875748
0.0
0.0
0.00255750210522
0.0
0.000215618125182
0.0
0.0
0.0
0.0
0.0
0.000108566551863
0.0
0.0
0.0
0.0
0.0
0.0
0.000844549603175
0.0078686045713
0.0
0.0
0.00255350417765
0.0
0.0
0.0
0.0
0.0
0.06
0.0
0.0
0.0
0.0016941883138
0.0
0.000394584083125
0.0
0.000696624501445
0.0
0.0
0.0
0.0
0.0
0.0
0.0
0.0
0.0
0.00255427525908
0.0
0.0
0.0
0.0
0.0
0.0
0.0
0.0
0.0
0.0
0.0
0.0
0.0
0.00516339391575
0.0
0.000869486090586
0.0
0.0
0.0
0.0
0.00500658761528
0.0
0.0
0.0
0.0
0.0
0.00352767748542
0.0
0.00426819451728
0.0
0.0
0.00314969011988
0.00297716100085
0.0
8.78830091423e-05
0.0
0.0
0.0
0.0
0.0
0.0
0.0
0.0
0.0
0.0
0.0
0.0
0.00175468053801
0.0
0.000942764720211
0.0
0.0
0.0167885116233
0.0
0.0
0.0
0.0
0.0
0.0044566934433
0.0
0.0
0.0
0.00302032293264
0.0
0.0
0.0
0.0
0.0
0.0
0.0
0.0
0.0
0.0
0.0
0.0
0.0
0.0
0.0
0.0
0.0
0.0
0.0
0.0
0.0
0.0
0.0310788485607
0.0
0.00116499695511
0.0
0.00269125761712
0.0
0.0
0.0
0.0
0.0
0.0
0.0
0.010551689604
0.0
0.000553463753018
0.0
0.0
0.0
0.0
0.00360086502258
0.0
0.00477593624565
0.0
0.0
0.0
0.00459029528017
0.00514815293936
0.0
0.0
0.0031031894672
0.0
0.00426052938489
0.0
0.0
0.0
0.0
0.0
0.00977801268499
0.00326055172958
0.0
0.0
0.0
0.0
0.0
0.0
0.0
0.0
0.0
0.0
0.0
0.0
0.0
0.0
0.0
0.00328831904097
0.00180889037702
0.0
0.0
0.0
0.0
0.0
0.0
0.0
0.0
0.00422539957426
0.0
0.0
0.0
0.0
0.0
0.0
0.0
0.0
0.0
0.0
0.0
0.0
0.0
0.0
0.0
0.0
0.0
0.0
0.0
0.0
0.0
0.0
0.0
0.0
0.0
0.00160808805115
0.0
0.0
0.0
0.0
0.000279196369421
0.0
0.0
0.0
0.0
0.0
0.0
0.0
0.0
0.0
0.00501072960693
0.0
0.0
0.0
0.00122019335526
0.0
0.00961501801126
0.0
0.0
0.0
0.0
0.0
0.00262964647469
0.0
0.0169899263738
0.0
0.0
0.00200770560839
0.0
0.0
0.0
0.0
0.0186432561852
0.0
0.0
0.0
0.0
0.0
0.0
0.00304849213347
0.0
0.0
0.0
0.158709833697
0.0437588697282
0.0
0.0
0.0
0.0
0.0
0.0
0.0
0.0
