28.2301587301587
45.0253164556962
35.57
37.4421052631579
37.4421052631579
45.0253164556962
49.4027777777778
49.4027777777778
49.4027777777778
53.089552238806
44.4625
46.1948051948052
49.4027777777778
50.8142857142857
49.4027777777778
37.4421052631579
43.9135802469136
37.4421052631579
29.6416666666667
31.2017543859649
45.6025641025641
30.9304347826087
24.1972789115646
25.589928057554
23.7133333333333
19.1236559139785
13.422641509434
18.5260416666667
26.9469696969697
31.4778761061947
18.6230366492147
27.7890625
28.6854838709677
21.8220858895706
28.6854838709677
22.3710691823899
26.9469696969697
28.007874015748
27.3615384615385
25.7753623188406
15.5327510917031
14.8828451882845
17.6089108910891
11.7006578947368
30.6637931034483
24.7013888888889
28.6854838709677
28.6854838709677
25.7753623188406
30.4017094017094
28.007874015748
30.6637931034483
18.1479591836735
21.8220858895706
13.422641509434
15.3982683982684
23.0974025974026
28.6854838709677
19.1236559139785
15.8088888888889
17.2669902912621
15.9506726457399
7.27402862985685
10.7138554216867
16.6995305164319
16.0225225225225
11.7781456953642
11.7781456953642
16.9380952380952
15.3318965517241
11.8566666666667
16.0225225225225
11.8172757475083
13.0772058823529
10.844512195122
7.27402862985685
7.99325842696629
9.66576086956522
14.8208333333333
14.4008097165992
16.2420091324201
15.8794642857143
10.4310850439883
13.9490196078431
10.3702623906706
11.8172757475083
11.8172757475083
13.3220973782772
11.7781456953642
10.2507204610951
13.3220973782772
9.71857923497268
14.5183673469388
14.698347107438
15.3318965517241
14.698347107438
15.6008771929825
13.0772058823529
1.43138832997988
1.92582566323768
1.92374256354786
1.94371584699454
1.74791154791155
1.75221674876847
1.57878384376387
1.92582566323768
1.43081255028158
1.9227027027027
1.9342033713975
1.94371584699454
1.93525571273123
1.94159388646288
1.9227027027027
2.16494217894096
1.94265428727471
1.75135401280158
1.93947655398037
1.74877089478859
1.57808340727595
1.94584245076586
1.92686890574215
1.4302372336148
1.20290835306053
1.94477856752324
1.74533856722277
1.94477856752324
1.9227027027027
1.74277315041646
1.93210211841391
1.74533856722277
1.58159181858604
1.9405346426623
1.74533856722277
1.93947655398037
1.94477856752324
1.94265428727471
1.94477856752324
1.93736383442266
1.94477856752324
1.94904109589041
1.94265428727471
1.94477856752324
1.72335271317829
13.7868217054264
14.7593360995851
14.6378600823045
8.21478060046189
9.93575418994413
14.7593360995851
15.0720338983051
12.480701754386
9.79889807162535
13.4734848484848
8.59178743961353
12.7491039426523
13.1254612546125
14.4008097165992
10.7787878787879
15.0084388185654
12.7491039426523
9.74520547945206
10.7462235649547
8.27209302325581
9.38522427440633
15.136170212766
10.9446153846154
7.56808510638298
12.1399317406143
13.9490196078431
11.400641025641
15.0720338983051
6.92023346303502
5.62816455696202
8.55048076923077
8.55048076923077
8.55048076923077
12.2655172413793
11.1504702194357
14.1713147410359
12.3937282229965
14.285140562249
11.0809968847352
11.0809968847352
11.115625
10.7462235649547
7.74945533769063
8.76108374384236
7.31893004115226
6.53860294117647
9.93575418994413
10.3702623906706
10.3702623906706
1.90723860589812
2.36502659574468
2.02793614595211
1.19522849462366
2.34321475625823
1.55531263664189
1.90519550080343
2.23851478917558
1.19522849462366
1.41656710473915
2.66841710427607
2.11474435196195
1.71587071876507
2.37133333333333
1.99831460674157
2.546170365068
1.61902594446973
1.55191972076789
1.78028028028028
1.99831460674157
1.54786771105309
1.50401691331924
1.22359821121431
2.05964099594673
1.71587071876507
1.72753763963089
1.60225225225225
2.37133333333333
2.72358346094946
2.10224586288416
2.74671814671815
1.33071455293678
1.33071455293678
2.36502659574468
1.86327920377161
2.61929307805596
1.81479591836735
1.50465313028765
1.71009615384615
2.74884080370943
2.43964334705075
2.74671814671815
1.71504339440694
1.90519550080343
2.34013157894737
2.12358208955224
1.33021690351533
2.74671814671815
2.35719019218025
1.41487669053302
1.66995305164319
2.38085676037483
2.83652312599681
2.66841710427607
1.55259711916194
2.81185770750988
2.11474435196195
2.05725853094274
1.81479591836735
1.29770156877052
2.74036979969183
2.74671814671815
2.43296853625171
2.12358208955224
2.49264190609671
2.43463381245722
2.74248265227448
1.90928609769189
1.87210526315789
2.10224586288416
2.10224586288416
2.10597986974541
1.89909236518954
2.10597986974541
1.60225225225225
2.74036979969183
2.61351947097722
2.27429667519182
2.34321475625823
2.34013157894737
2.37926421404682
2.37608550434202
1.14226075786769
1.58582255907267
2.4180829367777
1.73851417399804
1.58582255907267
1.23292894280763
2.4180829367777
2.13249400479616
1.13969881448254
1.45480572597137
1.54450716456795
2.32787958115183
1.59078711985689
1.91648706896552
1.59435230838189
1.75481006413419
1.33772094772471
1.23378425251474
2.45988934993084
1.73851417399804
1.33521021021021
2.29188144329897
1.23292894280763
1.14262769033087
1.75221674876847
1.61902594446973
1.23079584775087
2.78761755485893
2.30077619663648
2.11852293031566
1.75654320987654
1.88002114164905
1.96302428256071
2.17022574740696
2.12994011976048
1.23421235253296
2.32940406024885
2.33093053735256
2.17022574740696
2.12358208955224
2.45988934993084
2.14148103552077
2.53167259786477
2.46329639889197
2.46329639889197
1.94477856752324
1.23164819944598
1.45065252854812
2.11978545887962
2.12994011976048
2.6664167916042
1.6008100810081
1.58582255907267
1.75654320987654
1.58511586452763
1.71835748792271
2.35875331564987
2.35875331564987
2.37608550434202
2.12358208955224
2.1172619047619
2.11978545887962
2.12104949314252
1.9619415333701
2.12485065710872
2.11348781937017
2.12104949314252
2.14019253910951
2.11852293031566
1.87902799788695
1.95010964912281
1.87704485488127
1.90213903743316
1.88101533580116
1.88002114164905
1.59292431706225
1.56627036547776
1.56627036547776
1.56627036547776
1.50401691331924
1.67152255639098
0.134246678743961
0.113616763024244
0.131604262246559
0.137208764079617
0.140199440305861
0.106229841118146
0.131628612663287
0.113616763024244
0.113616763024244
0.131857947805457
0.136069775448529
0.134246678743961
0.131818855618144
0.117836082952362
0.131779786603438
0.122208479351336
0.0964819486261426
0.0964793316697407
0.135396444748963
0.135344925992162
0.131813970724477
0.102661048256754
0.0994658986046252
0.131628612663287
0.131813970724477
0.126922390722569
0.126877117888354
0.113671225872427
0.106106255406736
0.117812665606783
0.130254870367658
0.132947112689217
0.113653065789053
0.133051544849256
0.102708477708478
0.113616763024244
0.113616763024244
0.126904277712369
0.131828626491735
0.122195884434367
0.109811064460361
0.109889091414625
0.106150586409621
0.132947112689217
0.102788614362086
0.126877117888354
0.136132266829959
0.135856695439615
0.131779786603438
0.131823740873884
0.126904277712369
0.117812665606783
0.125370083180601
0.0995466248740625
0.113685758118128
0.113754837059068
0.131813970724477
0.131813970724477
0.126877117888354
0.12507472133338
0.131706594586589
0.122246279685191
0.135396444748963
0.131921522085821
0.126877117888354
0.131921522085821
0.122229476650287
0.131921522085821
0.126877117888354
0.132947112689217
0.138809756097561
0.138809756097561
0.127642013851509
0.142622293504411
0.142799791240114
0.142622293504411
0.140210493121526
0.135396444748963
0.140094525403702
0.135520249933326
0.141319030591975
0.140138680955007
0.145154050193838
0.135396444748963
0.140138680955007
0.140133159988969
0.135396444748963
0.131857947805457
0.131809086192841
0.131813970724477
0.117836082952362
0.131770022968067
0.130254870367658
0.12507472133338
0.134246678743961
0.120278632536435
0.120278632536435
0.149071706969532
0.126967695877209
0.131249769381204
0.131813970724477
0.122158115255169
0.139211772533365
0.122158115255169
0.131293370736749
0.138750195038227
0.148828451882845
0.122250481165796
0.131249769381204
0.118153130709185
0.132156789894111
0.12666025709504
0.138750195038227
0.135664975780922
0.127313074913204
0.126651237315293
0.122250481165796
0.116177287128066
0.12536124621132
0.126994894498197
0.14907795473596
0.116184876694431
0.126651237315293
0.126646727907142
0.120629429918269
0.120633520993014
0.131186840746478
0.126655747044581
0.120621248601173
0.149428667450849
0.153550615152169
0.118153130709185
0.131799318215503
0.12666025709504
0.135613252506767
0.122250481165796
0.154672348567204
0.126646727907142
0.126646727907142
0.116162110969596
0.143775262732417
0.112031496062992
0.112045612045612
0.132117520335772
0.156262355577033
0.122254682935212
0.126655747044581
0.136860330896499
0.13228949717346
0.126642218820095
0.138750195038227
0.139539445294418
0.157948490230906
0.126651237315293
0.151937123574388
0.140171815889029
0.136812954344398
0.154672348567204
0.131293370736749
0.126166069591743
0.157934464079567
0.122777950364157
0.122153920120883
0.162680082323348
0.122246279685191
0.126651237315293
0.149071706969532
0.127085640787452
0.127013033386895
0.121794213319637
0.122250481165796
0.14402559015265
0.144241686942417
0.116192467252474
0.125392181055452
0.125405443519955
0.125378921395841
0.138750195038227
0.138750195038227
0.131225558916845
0.130426811381637
0.135664975780922
0.125365664540232
0.131225558916845
0.156289819412101
0.154672348567204
0.139468318695107
0.13228949717346
0.127742862273299
0.132196082803731
0.127313074913204
0.132200996060358
0.118153130709185
0.137766760912506
0.13932082566292
0.161044958572916
0.208438324055084
0.168490360475581
0.210722748815166
0.19303196396592
0.185763526216837
0.209617537863162
0.213659298414224
0.181285357525101
0.230809162286678
0.23666001330672
0.241709703723838
0.230779212353208
0.187773847859368
0.176648788239968
0.221537120079721
0.181266880701218
0.147967885519364
0.227081205311542
0.213851981001623
0.224785136501517
0.230779212353208
0.140587328564088
0.200416948388551
0.113878661757644
0.230914048299143
0.126637710054116
0.147673018640761
0.161630390330349
0.190631866659521
0.154928350537915
0.160877431026685
0.161088718808025
0.170911012877186
0.15198256708255
0.230779212353208
0.231379691667209
0.236691509182859
0.236738768718802
0.197764928277549
0.187803590285111
0.161718572402819
0.176115264643264
0.165642171928844
0.188141330794457
0.168418560606061
0.165835237073989
0.122773712550048
0.172335271317829
0.209629891560585
0.154928350537915
0.224969957624439
0.142903057329959
0.139299001370668
0.183029741689822
0.195471781062813
0.221537120079721
0.219243096646943
0.147937115288638
0.174089663273297
0.156365394759979
0.148146605581008
0.208218696950184
0.195471781062813
0.230914048299143
0.219405378731804
0.15198256708255
0.174739634505797
0.172686668608603
0.133385832677092
0.14745263856071
0.156530540397817
0.154928350537915
0.146541424628188
0.167372482589874
0.140576216258942
0.142960491941642
0.160884707585146
0.161044958572916
0.132629851970618
0.230779212353208
0.170911012877186
0.190631866659521
0.20317587250814
0.177814437112577
0.144311911716975
0.139304456802694
0.113885953958954
0.165827505827506
0.148146605581008
0.198040198207227
0.204484047139983
0.132629851970618
0.1326595308246
0.137124132613724
0.152151595517153
0.167482813824277
0.213839124684381
0.154935098876209
0.192676453063214
0.132629851970618
0.176648788239968
0.190631866659521
0.221537120079721
0.230914048299143
0.198040198207227
0.202920873980261
0.185909162180526
0.118176683610751
0.156392894829406
0.208438324055084
0.19303196396592
0.1326595308246
0.126633201609171
0.147943268310943
0.148965575006282
0.130719194443424
0.176657561460144
0.132634797524051
0.230569780255396
0.225098088849513
0.202920873980261
0.161718572402819
0.230554835364273
0.230854101765317
0.209432406971267
0.176289834960599
0.183378873021601
0.178170707273092
0.15637226887062
0.161564316860465
0.161623046165031
0.140576216258942
0.140587328564088
0.140559551094602
0.14495883935121
0.230914048299143
0.232453274081819
0.230914048299143
0.127303961919759
0.133852637916761
0.129576336016903
0.132629851970618
0.132629851970618
0.133852637916761
0.132634797524051
0.192728651928912
0.200337932976626
0.200416948388551
0.147660758022334
0.146638083852084
0.118176683610751
0.122790665561999
0.122782188470832
0.126637710054116
0.235625331213567
0.217274448720298
0.229469066511838
0.236063180249535
0.23539143670174
0.226373066887291
0.229291561915813
0.226546079867524
0.235984873615073
0.226214703637751
0.229380279873605
0.235562913907285
0.235625331213567
0.236031851360319
0.224870400809205
0.226531652018851
0.226459540332336
0.235594118426282
0.220343182803692
0.220876800794834
0.17247733113514
0.235984873615073
0.220726031647533
0.200304088298232
0.224998418622304
0.22932112694217
0.172661521285374
0.206526156883238
0.23601619003384
0.235640940708844
0.19353610098482
0.229158613580724
0.23601619003384
0.235344713510652
0.235049230159255
0.220876800794834
0.234723505345123
0.235969218521958
0.229262004511763
0.214626199239727
0.235969218521958
0.225497654367947
0.235329143235197
0.234738995578433
0.225155082921889
0.229395072875016
0.235266882730339
0.236031851360319
0.205940250115794
0.224898836621143
0.182597535934292
0.172653140471799
0.235609723786183
0.225956041163766
0.182457040266735
0.210249438467904
0.220890517294914
0.22932112694217
0.182616285039532
0.229202912558799
0.229335912314636
0.235844052512929
0.226056561804894
0.235609723786183
0.235594118426282
0.220643880652565
0.172502424830262
0.220125007735627
0.22002969194606
0.214290017470932
0.20588065057591
0.213864838864839
0.220876800794834
0.23601619003384
0.23601619003384
0.225283425169422
0.200699655814478
0.235609723786183
0.235298008864193
0.235453763156153
0.235266882730339
0.220726031647533
0.224969957624439
0.226301056114009
0.200270255053206
0.213851981001623
0.221357894081772
0.228996330393356
0.220165882644219
0.235375860243515
0.217247908141452
0.229854604200323
0.205868734807269
0.193652003484321
0.235095836087244
0.235235764830368
0.229350699593784
0.23601619003384
0.226114042336787
0.220684948504777
0.172661521285374
0.235220208967068
0.235484938761999
0.235953565505804
0.235547314747368
0.235251322751323
0.210150064988775
0.229543107898813
0.226806095772492
0.205940250115794
0.2164283541223
0.225269157694744
0.19327320147794
0.229202912558799
0.198748393585517
0.235844052512929
0.217473709953534
0.219948058372496
0.172644760471776
0.220698641186325
0.226085298417339
0.217460414501437
0.235375860243515
0.182475760529421
0.229143851059718
0.172661521285374
0.229040566645203
0.226027832496664
0.235235764830368
0.235984873615073
0.229498677334022
0.23601619003384
0.229380279873605
0.229884314612551
0.22601347058076
0.22601347058076
0.234894010433864
0.234987117658717
0.226027832496664
0.235049230159255
0.24510749724366
0.229469066511838
0.225999110489866
0.235173553719008
0.229365488779985
0.236047514765412
0.229469066511838
0.235453763156153
0.235235764830368
0.229011073911924
0.220959125357187
0.228966849050531
0.220876800794834
0.229188144329897
0.229040566645203
0.229025819329084
0.19327320147794
0.205916406159546
0.213864838864839
0.220671257522179
0.220726031647533
0.22565501490833
0.225812595226003
0.221399228183742
0.225126582278481
0.220165882644219
0.214496773804499
0.214445047326219
0.219920860640534
0.20599988417212
0.217221374045802
0.225326238439123
0.182466399917923
0.182606910005647
0.182466399917923
0.193515042707143
0.206214853034959
0.197369881256242
0.192145635263613
0.204390047692927
0.217088800732377
0.202412792351903
0.190539961431326
0.200202622840097
0.193304711700451
0.202435831768254
0.20790227365714
0.204413539451756
0.199349885109006
0.207841533247634
0.19236385268509
0.199338713292984
0.179737241030824
0.209333804143126
0.19273909509618
0.179637392050907
0.213313343328336
0.192343048721138
0.179682764194787
0.202378243058716
0.190468540829987
0.204413539451756
0.188640220619431
0.210299160458792
0.213198273795253
0.200349217077842
0.213351727447217
0.202435831768254
0.210710265979504
0.188590212608027
0.190560377156327
0.193325724224143
0.181387047424783
0.179773577276862
0.192374256354786
0.181470333146268
0.203489702517162
0.219635690027786
0.190499143101971
0.181424053861063
0.181442562742298
0.199015274436301
0.20436656133295
0.211035301097597
0.213338931206142
0.209815371910576
0.213236616509802
0.198593043381162
0.192083378334593
0.209802996343046
0.213262185982373
0.204425287356322
0.200337932976626
0.20240127461022
0.200383077009746
0.19236385268509
0.209778249587167
0.210872658287882
0.179773577276862
0.193315217391304
0.19205226499649
0.209259912930933
0.200428241392911
0.209778249587167
0.19288541836126
0.210373787556186
0.200450831220062
0.210997745877328
0.193042440030392
0.19616169414879
0.200067495359694
0.19205226499649
0.192937730527229
0.179764491838075
0.191082460381413
0.211097922848665
0.19286450143686
0.190427753091707
0.21332613649994
0.20988965598631
0.198770606314613
0.192645147313692
0.191958985429034
0.210647873978444
0.210672826344468
0.210237011643714
0.198537620004465
0.207829389424481
0.197260425909494
0.198981875139852
0.192031528370134
0.207829389424481
0.193315217391304
0.21551045137837
0.193304711700451
0.188240897544454
0.203268758214755
0.177778888444622
0.200078749015637
0.193262700353165
0.211953283279704
0.193294207151397
0.210274296524001
0.21230750865465
0.210112824147912
0.192124878470347
0.193294207151397
0.209013985192149
0.192000431825542
0.192249486541995
0.211122981956315
0.196867389860527
0.209358446144791
0.210910168989031
0.19205226499649
0.192561715028151
0.192447113563815
0.200563856780378
0.193283703743955
0.192791327913279
0.192540868247266
0.210187319033268
0.210997745877328
0.193252200369445
0.211085395525488
0.193241701526593
0.193262700353165
0.200146297546703
0.192176778864336
0.192021161736126
0.196021161688526
0.193210211841391
0.192530446549391
0.192540868247266
0.210697784622675
0.19273909509618
0.209259912930933
0.191586771517828
0.19992131294964
0.190928609769189
0.192948196365609
0.211122981956315
0.193178732417314
0.193220707262752
0.210187319033268
0.202320687105398
0.179764491838075
0.197227612974771
0.193252200369445
0.190713634657659
0.199876376713868
0.192197546874156
0.188121430082505
0.191814063848145
0.192124878470347
0.193241701526593
0.213274973018348
0.210722748815166
0.192124878470347
0.188300688194812
0.191907202589695
0.19205226499649
0.201609703565153
0.193094837413821
0.192948196365609
0.210597986974541
0.206934667519926
0.209333804143126
0.206910592752021
0.206946707004887
0.206958747890848
0.193304711700451
0.224133585381222
0.198537620004465
0.197260425909494
0.198537620004465
0.210960204021114
0.211072869689058
0.198637404367007
0.196421668783478
0.190856897569351
0.19077500670421
0.191092725905233
0.223219328522121
0.223219328522121
0.228012820512821
0.202631878774069
0.229765519023319
0.219216072969309
0.216415186176685
0.23148509696733
0.211663195477536
0.23165092803647
0.227023232065356
0.231771681761908
0.223149309912171
0.212548550941141
0.160928380762792
0.23156044528351
0.173910917713783
0.228012820512821
0.224020657513541
0.175541627597098
0.201552583862194
0.20707923385923
0.225583460172501
0.234925037976356
0.232180156657963
0.224643172919035
0.233353014498458
0.223964236242287
0.224020657513541
0.202608794714058
0.223331449739436
0.223205321285141
0.224190092020673
0.227954370674186
0.231635842667361
0.227895950794464
0.223107319826883
0.227998205243254
0.189625759675872
0.239319114579829
0.223219328522121
0.216467867575463
0.175541627597098
0.223121314766027
0.206982833866744
0.221426792828685
0.202631878774069
0.244115022990872
0.231319503154061
0.219310684999075
0.235251322751323
0.230599675850891
0.236439776655145
0.221509527961141
0.19445659304614
0.224643172919035
0.233782451528097
0.209716408230647
0.20256264236902
0.233353014498458
0.223345472811754
0.216454694821396
0.223247348270884
0.223233337517259
0.216467867575463
0.239303013993541
0.189757268604961
0.223107319826883
0.228012820512821
0.208560539431252
0.228481500513875
0.239690026954178
0.244702806824436
0.219351258016774
0.216415186176685
0.225626387567396
0.177938969484742
0.20707923385923
0.228012820512821
0.235298008864193
0.244115022990872
0.233001441110966
0.235002642706131
0.22247935951964
0.233782451528097
0.184128791800393
0.216454694821396
0.214768747735781
0.169308391641677
0.217806625436287
0.222368092023006
0.234120976765616
0.22565501490833
0.200225161835069
0.227968980324297
0.235282444767826
0.20252804190628
0.229735839307628
0.202608794714058
0.223219328522121
0.236408347733617
0.227255302836698
0.228466825101163
0.225411913814956
0.233047238419708
0.228364149974319
0.20707923385923
0.207284382284382
0.222521113543947
0.172820911476047
0.180448457792208
0.179329468111923
0.175541627597098
0.169308391641677
0.224218356026223
0.214768747735781
0.219351258016774
0.224246627159249
0.214937458456704
0.223107319826883
0.223359497645212
0.225612076620576
0.22617155210784
0.226027832496664
0.213466962731801
0.208560539431252
0.209852507374631
0.216415186176685
0.216454694821396
0.216415186176685
0.216441523670439
0.216441523670439
0.216415186176685
0.235765891164579
0.244685973722226
0.236723013443365
0.227502398464982
0.229943758484711
0.243413399028263
0.244081520620325
0.237910507658351
0.234120976765616
0.234105567987363
0.230480139959826
0.189919376368199
0.202389758179232
0.20171260065782
0.200518631264446
0.211827060505002
0.201689725561352
0.211864911549229
0.201907248680252
0.200191355245385
0.200405656656713
0.193073875047495
0.211638007972868
0.200180088918904
0.211877531570169
0.207055125443856
0.211638007972868
0.173073180225769
0.212523152297305
0.204260939473986
0.200416948388551
0.211273461629841
0.223738835073594
0.182214025920803
0.171256620125181
0.18230741632925
0.202194179172351
0.202125241504716
0.190652302085008
0.202217168845935
0.17231857378161
0.163570311781477
0.179719078415521
0.191493943472409
0.201849960276927
0.211625416468348
0.22209040959041
0.200507328072153
0.190621650589496
0.201655422643007
0.192249486541995
0.202389758179232
0.201370018115942
0.172736985236985
0.201632560512443
0.20043953567001
0.182316760635572
0.172594497549614
0.201953102821779
0.190336044520548
0.202125241504716
0.173919421083513
0.188650225404402
0.202113756463435
0.18041184824508
0.190652302085008
0.190478740494806
0.21259936644552
0.202320687105398
0.190662521440823
0.201689725561352
0.201176404049545
0.20198750709824
0.204143709825528
0.217900024503798
0.201541163805315
0.170020553510826
0.190448144776998
0.163487613181964
0.20703102264129
0.200394366197183
0.172293533543231
0.172293533543231
0.17919395465995
0.195504012311751
0.211953283279704
0.172820911476047
0.172143444804723
0.201324428345031
0.214483839845634
0.190672741892254
0.172260157876895
0.190397173750134
0.220438770451165
0.202171194725475
0.190642083824633
0.190631866659521
0.191113260262196
0.179601110830598
0.172862905185401
0.221979530703944
0.188820469264253
0.188630216895583
0.20651416627961
0.201609703565153
0.178188558260695
0.221979530703944
0.201096788783356
0.201358618737617
0.170550441120061
0.201769811106699
0.179700919470547
0.182158037588979
0.190642083824633
0.207526254375729
0.182335452122206
0.221979530703944
0.20707923385923
0.211638007972868
0.163532711139718
0.179709998484313
0.184109730848861
0.204225756444853
0.180311248542607
0.19041755888651
0.201884329417107
0.190621650589496
0.19040736577271
0.190672741892254
0.184109730848861
0.188610212630574
0.184119260831306
0.182223360655738
0.188610212630574
0.188630216895583
0.188640220619431
0.17247733113514
0.182223360655738
0.17247733113514
0.182214025920803
0.172502424830262
0.172494059453955
0.172745374192608
0.18237284659557
0.180393549041485
0.180375253549696
0.180393549041485
0.180604214267581
0.18041184824508
0.17296377340141
0.173073180225769
0.18041184824508
0.202470400728597
0.202481926339159
0.202539574080401
0.163517675722889
0.172293533543231
0.163547749321808
0.172293533543231
0.172293533543231
0.172301879480721
0.182083439979524
0.182326105899841
0.190336044520548
0.190938858768587
0.18135005608239
0.190163058005881
0.190499143101971
0.190652302085008
0.19040736577271
0.179719078415521
0.182036847492323
0.164143977849562
0.163751035816223
0.156042991884185
0.227677142674262
0.180311248542607
0.180366107195375
0.188820469264253
0.190642083824633
0.191133799032778
0.180311248542607
0.200529935731199
0.179864482200647
0.17919395465995
0.170615886415963
0.193094837413821
0.193073875047495
0.191555818837848
0.177938969484742
0.199215905908709
0.212561252539739
0.179700919470547
0.179709998484313
0.179709998484313
1.53982683982684
1.59506726457399
1.58440979955457
1.57738359201774
1.4188272836059
1.57948490230906
1.53186907838071
1.53782965845223
1.58440979955457
1.57668439716312
1.27582496413199
1.41600318471338
1.57250221043324
1.5136170212766
1.36702536510377
1.49642406394615
1.53583765112263
1.55940377027619
1.57738359201774
1.57738359201774
1.37071290944123
1.38782676550917
1.37495168148434
1.37495168148434
1.42966237942122
1.52530017152659
1.08148373365765
1.47470978441128
1.57389380530973
1.58088888888889
1.53650107991361
1.58229537366548
1.0821417706115
1.58723784024989
1.56696035242291
1.3851246105919
1.37177015040494
1.65134633240483
1.70517737296261
1.4302372336148
1.57738359201774
1.36807692307692
1.58088888888889
1.06592747977225
1.48146605581008
1.27217453505007
1.59649910233393
1.29864914202264
1.36388036809816
1.56008771929825
1.44828990228013
1.25644648534087
1.3802871556073
1.39984258166076
1.0749471139317
1.63240018357045
1.53782965845223
1.36807692307692
1.36807692307692
1.53318965517241
1.44124797406807
1.53517479499353
1.49453781512605
1.56214317083882
0.932372214941022
1.44066423653301
1.4698347107438
1.58440979955457
1.38082298136646
1.53451251078516
1.3000730994152
1.08511287370348
1.09278033794163
1.58299955496217
1.56558098591549
1.58511586452763
1.37388953263808
1.36597542242704
1.35711560473102
1.53849480968858
1.39654495484884
1.56834215167548
1.57808340727595
1.53982683982684
1.30054844606947
1.58511586452763
1.39654495484884
1.38297045101089
1.37177015040494
1.59721598563089
1.36127057022579
1.52726492056677
1.41600318471338
1.27262969588551
1.28830134009417
1.36860330896499
1.70517737296261
1.41431411530815
1.54854157596865
1.59292431706225
1.59649910233393
1.58159181858604
1.58723784024989
1.46258223684211
1.54049372022521
1.54049372022521
1.49140461215933
1.48270112546895
1.37071290944123
1.2967553773241
1.35711560473102
1.39490196078431
1.27536751523844
1.08511287370348
1.28830134009417
1.55395369156837
1.4995784148398
1.57808340727595
1.57948490230906
1.42908798714343
1.41769629334396
1.52989247311828
1.41600318471338
1.60514440433213
1.58088888888889
1.58299955496217
1.46499176276771
1.27857656362329
1.56972639011474
1.36650019208605
1.53583765112263
1.52138579982891
1.52008547008547
1.52726492056677
1.41487669053302
1.38082298136646
1.36807692307692
1.29864914202264
1.30340784170026
1.30197657393851
1.55872042068361
1.41319030591975
1.35970948012232
1.58299955496217
1.58370436331256
1.07527206771463
1.08511287370348
1.37868217054264
1.36440352896049
1.55803766973281
1.40704113924051
1.46198109330045
1.47532144338449
1.48455759599332
1.44947025264874
1.57738359201774
1.52857756768371
1.57041942604857
1.57668439716312
1.57668439716312
1.58159181858604
1.58299955496217
1.29628279883382
1.07203134418324
0.932372214941022
1.25600282485876
1.28550777014817
1.37335907335907
1.27491039426523
1.41543971348985
1.46619950535861
1.48084929225645
1.41487669053302
1.41431411530815
1.4228
1.46078028747433
1.55531263664189
1.48084929225645
1.37442040185471
1.37388953263808
1.42450941129355
1.50528988573847
1.30580029368576
1.58652988403211
1.29864914202264
1.41600318471338
1.54921602787456
1.58088888888889
1.58159181858604
1.53650107991361
1.58511586452763
1.71339113680154
1.38135922330097
1.28457927049476
1.3488813045127
1.28457927049476
1.42736757624398
1.36388036809816
1.0821417706115
0.932372214941022
1.44358766233766
1.2897026831037
1.36492709132771
1.32971962616822
0.868408203125
1.23549843695728
0.868408203125
1.33270887973024
1.3851246105919
1.3851246105919
0.868620268620269
1.23207481815033
1.47715946843854
0.868408203125
0.868620268620269
1.42450941129355
1.28876811594203
1.51555176821474
1.29392506365951
1.35711560473102
1.42052715654952
1.47715946843854
1.42450941129355
1.1605220228385
1.3851246105919
1.48455759599332
1.24763240968081
1.27995681899964
0.994408722393067
1.27903631787127
1.5136170212766
1.55056669572799
1.36860330896499
1.36860330896499
1.04926253687316
1.1884396926161
1.10844499844188
1.51555176821474
1.31351550960118
1.35350076103501
1.48517745302714
1.34125188536953
1.16014350945858
1.51297320289239
1.39053948397185
1.23464074973967
1.23292894280763
1.3851246105919
1.34939301972686
1.35041761579347
1.28923523015585
1.25511644318984
1.29392506365951
1.26000708466171
1.47900207900208
0.868620268620269
1.3422641509434
1.35763358778626
1.28134005763689
1.389453125
0.868620268620269
1.25511644318984
1.42052715654952
1.47838736492103
1.35711560473102
1.28830134009417
1.39053948397185
1.21109976166156
1.32971962616822
1.23980481003834
0.995521970333053
1.48828451882845
0.868408203125
1.389453125
0.867349426969032
1.29345454545455
1.16014350945858
1.389453125
1.28736880202678
1.2649359886202
1.26358792184725
1.258669497523
1.27857656362329
1.28087864602089
1.33923192771084
1.21233810497614
1.16090078328982
1.16014350945858
1.34939301972686
1.3422641509434
1.37282902354303
1.33923192771084
1.37229938271605
1.19442578912022
1.36965729688102
1.3422641509434
1.34125188536953
1.34125188536953
1.47900207900208
1.47715946843854
1.58088888888889
1.55056669572799
1.36860330896499
1.48023304203079
1.33171096967428
1.35659801678108
1.2897026831037
1.2897026831037
1.39326282804544
1.39271730618637
1.35763358778626
1.3178955168581
1.3851246105919
1.37229938271605
1.28272628921745
1.23292894280763
1.2359277275886
1.23464074973967
1.04926253687316
1.2441413081497
0.925097529258778
1.07397342995169
0.728744109813563
0.688407199535514
0.697861487149304
0.904628687690743
0.852588686481304
0.852793095181012
0.794682752457551
0.698409581778912
0.617641951727731
0.852997601918465
0.637569456891916
0.854637193656896
0.68907400232468
0.962912831618841
0.849737219302437
0.618286111593951
0.697724597881522
0.903709349593496
0.524631268436578
0.714113631800843
0.831268988081327
0.679854740061162
0.656152001475742
0.861467667716154
0.68628207601775
0.939513998943476
0.832436227474842
0.844491927825261
0.728893442622951
0.729341808488825
0.637340978319298
0.683644051508745
0.687608737676397
0.827016972797024
0.693372319688109
0.723997557500509
0.636998567335244
0.860842207163601
0.796640537513998
0.849940262843489
0.913926002055498
0.714113631800843
0.698821218074656
0.68894053844664
0.905549898167006
0.903709349593496
0.899595346484573
0.917461955119938
0.68854045683314
0.972655181843041
0.726956877171469
0.885046031351082
0.723114454157349
0.722820564925828
0.720040485829959
0.855871029836381
0.886369299775729
0.894617706237425
0.698272477424421
0.713827011840257
0.698546739984289
0.861467667716154
0.707719856744926
0.795215738877711
0.697587762306335
0.848116356700048
0.950561197220738
0.698135426889107
0.686017357762777
0.795393559928444
0.846098953377735
1.12884798476674
0.838519566242338
0.7888667110224
0.898459206870422
0.830880635365569
1.0033850493653
0.821288386054029
1.02714409471556
1.02952243125904
1.04005847953216
1.03341080766996
0.826824732682473
1.0194898251648
0.797712491590043
0.995521970333053
1.04771723122239
0.816387422538444
0.829330846351131
0.701993289915137
0.70143955827253
0.683118878432879
0.708989435917879
0.698135426889107
0.697998430141287
0.860217654171705
0.636998567335244
0.854226705091258
0.700472627018511
1.02448156682028
0.693372319688109
0.718585858585859
0.729790726302831
0.68907400232468
0.90624203821656
0.850143403441683
0.698546739984289
0.851160564728404
0.891925777331996
0.682463545663853
0.774270787984327
0.911350243402511
0.850956937799043
0.845696623870661
1.08346024977155
0.725326264274062
0.725326264274062
0.751373046049852
0.72503057480636
0.914866255144033
0.932372214941022
0.700059043495375
0.683118878432879
0.899595346484573
0.961871281773932
0.901876267748479
0.979350220264317
0.72799836266885
0.72503057480636
0.728893442622951
0.901419158641662
0.851160564728404
0.906704053020647
0.950815290029404
0.447928472484574
0.892149485828944
0.826440520446097
0.797533632286995
0.82759422987436
0.885046031351082
0.700610596809139
0.977466336905743
0.630897481376375
0.698683952072284
0.524631268436578
0.534806795970531
0.826056665118439
0.833997655334115
0.913222079589217
0.631009402164272
0.687342995169082
0.683250096043027
0.631457482691284
0.631121362668559
0.72503057480636
0.899140546006067
0.804023508137432
0.85156811108451
0.904398677854055
0.965526601520087
0.630673758865248
0.697998430141287
0.835761278195489
0.839905548996458
0.524553900604631
0.645436399927418
0.846300261717821
0.905549898167006
0.725326264274062
0.887032418952618
0.733250876108019
0.905089058524173
0.68894053844664
0.899595346484573
0.631233362910382
1.02833188782885
0.795749440715884
0.79009329187028
0.707016497714172
0.698683952072284
0.946262303804203
0.725474199469712
0.903479806959614
0.792911279536335
0.825864871140005
0.796462158531124
0.447872072525812
0.524631268436578
0.534887218045113
0.631121362668559
0.524321933962264
0.455558401639344
0.524708659094262
0.631345402910898
0.455500064028685
0.524244657332351
0.524012964054213
0.631345402910898
0.524476555588322
0.52409017238839
0.890585878818227
0.854637193656896
0.698683952072284
0.846098953377735
0.860217654171705
0.892821285140562
0.898686205154118
0.961091596865712
0.823761000463177
0.90096251266464
0.903939008894536
0.898686205154118
0.903250380904012
0.898232323232323
0.91439588688946
0.898913318170331
0.864398541919806
0.902791878172589
0.898232323232323
0.803478653715835
0.817701149425287
0.806210335448776
0.944503451938396
0.750738708315745
0.734613795952086
0.71425702811245
0.725178389398573
0.642870052412796
0.644968268359021
0.597212894560108
1.21399317406143
0.907397959183673
0.970532060027285
1.06977443609023
1.23678720445063
0.68907400232468
1.21773365285861
0.977197802197802
0.654943840913276
0.654943840913276
1.04988193624557
0.746171596391861
0.672400756143667
1.03642191142191
0.96894579133751
0.854842585916847
0.908092928261425
1.00850581230508
0.746484784889822
1.21109976166156
0.654823269513991
1.23292894280763
1.07074051776039
1.00821995464853
0.926543370669445
0.806941923774955
0.96894579133751
0.65663651467602
1.23292894280763
0.977197802197802
0.829524253731343
0.68907400232468
1.04988193624557
0.746328157784306
1.05330174711282
0.59701242027526
0.65663651467602
0.805480072463768
1.15299837925446
1.2025016903313
1.00821995464853
0.671638972809668
0.806758902245407
1.22486225895317
0.988604780433574
0.672655068078669
1.10260384376937
0.96894579133751
0.850143403441683
0.672019648592481
0.956697149004841
1.15076027175671
0.829524253731343
1.22909467864547
1.23207481815033
0.882411312329447
1.07170834588732
1.05081240768095
1.23292894280763
1.00821995464853
1.23807866341803
0.806941923774955
0.745858670580835
0.833802156586967
0.807125028363966
0.850143403441683
0.832631086142322
0.850549976087996
0.832436227474842
0.59701242027526
1.07364926048898
0.806941923774955
0.80584503851382
0.689742098119062
0.824142724745134
1.21523744448241
0.970267321331151
1.12066792690611
1.04219162027542
0.905319419699669
0.672655068078669
0.833021077283372
0.883068520357497
1.10534493474208
1.11295369211514
1.21482240437158
0.939265909691048
0.833021077283372
0.939017951425554
0.625901812423016
0.901647655259823
0.849737219302437
0.572693608114635
0.572693608114635
0.901647655259823
0.807491486946652
1.09210930303961
0.65470274249954
0.850143403441683
1.09010113392584
0.806941923774955
0.654341427520235
1.21773365285861
1.23292894280763
0.916752577319588
0.596611875209661
0.723408582468985
1.04988193624557
0.908092928261425
1.20904146838885
1.20006747638327
1.21690044474855
0.977197802197802
1.12314493211241
0.59701242027526
1.07722592368262
0.59701242027526
1.1840878828229
1.11890531613715
0.807674841053588
0.723850223850224
0.654100772342773
1.23037011414735
0.781414762741652
0.764781767361858
0.723850223850224
0.969738276990185
0.970267321331151
0.850549976087996
1.00850581230508
0.68907400232468
0.916752577319588
0.806941923774955
1.20986394557823
1.19522849462366
1.21773365285861
1.19522849462366
1.04988193624557
1.01744851258581
1.10397268777157
0.723555736371033
0.723555736371033
0.723850223850224
0.725474199469712
0.723702950152594
1.09412488465088
0.963434452871073
1.05548961424332
1.07364926048898
1.07074051776039
1.13064208518754
1.23037011414735
1.23764787752262
1.04740871613663
1.04740871613663
1.04740871613663
0.59701242027526
1.05894611491515
1.24982431482783
0.755362072626885
1.10157943635801
1.02803468208092
1.13787587971849
1.02833188782885
0.596111949053125
1.09311616472034
1.10226216299969
1.00168966488313
1.06977443609023
1.0749471139317
0.875246062992126
1.00310208685843
0.960572508776668
1.08049817739976
0.943751658264792
0.907861153649821
0.913926002055498
1.07787878787879
1.09210930303961
1.07332528666264
0.71569416498994
0.883946322067594
0.852997601918465
1.00850581230508
0.989980517673254
1.09110429447853
0.934331494615183
0.956697149004841
1.07787878787879
1.06784749324527
0.72577025096919
1.0904353157572
0.964740981828044
0.916516361762432
1.07657384987893
1.01425719988594
0.719603479668218
1.02625504904789
1.01166097838453
1.07559721802238
1.07203134418324
0.842491710090005
0.874170557876628
0.975322182615849
0.874815543531727
0.965788759163725
0.967627856365615
0.966838814895352
1.00965086573943
0.928235908141962
0.85710843373494
0.875461481663795
0.93335082655471
0.920072426280393
1.00423489553924
0.877838104639684
0.914631010542556
0.810250569476082
0.954386906359002
0.863978625212533
0.824142724745134
0.842491710090005
0.961871281773932
0.875677006400788
1.05674390968509
1.02359712230216
1.05050206733609
0.933105981112277
0.967364699483274
0.966051059206953
1.02714409471556
1.00936435868331
1.08313032886724
0.919596690796277
0.707860696517413
1.01367911085779
0.956439903199785
0.91817243159525
1.13172128539612
0.943001060445387
0.936052631578947
1.07918689320388
1.09851760345893
1.09076970254523
1.14299485861183
1.07235453723244
1.13751199232491
1.14704933892293
1.14557165861514
1.02744078567302
0.936299026059489
0.954386906359002
0.937780121276035
0.916752577319588
0.85156811108451
0.934822601839685
0.875246062992126
0.87224129475233
0.938274861514112
0.924856994279771
1.14299485861183
0.911583803177857
0.941254300079386
0.771750922108917
0.884166045239871
0.905780494015788
0.832826036057129
0.916752577319588
0.961091596865712
0.833997655334115
0.980429988974642
1.01773962804006
0.976393082624211
0.963434452871073
0.976393082624211
0.852588686481304
0.827016972797024
0.997196523689375
0.954643048845947
0.973453749315818
0.856489284854322
0.855871029836381
0.823570270896041
0.914631010542556
0.816012846983253
0.924856994279771
0.833997655334115
0.824907235621521
0.945005313496281
0.842890995260663
0.84189349112426
1.01396807297605
0.951578384162654
1.02655122655123
1.00736335315775
0.758098891730605
0.715118616807399
0.881099826603914
0.874385447394297
1.0128132118451
0.840500945179584
0.847106453917599
1.02803468208092
0.92413613925695
0.965526601520087
0.946766036731435
1.14409778063686
0.949292767547371
0.947018104366347
0.954130901287554
0.826056665118439
0.999157303370787
1.12385466034755
1.12102111566341
1.12208201892744
1.14557165861514
1.10706504824152
1.10226216299969
0.944503451938396
0.875461481663795
0.953875033521051
0.814704535043518
0.943501326259947
0.840500945179584
0.995243424734191
1.01715756362597
1.01686678101772
1.06210809196775
1.09010113392584
0.947522642514651
1.05674390968509
1.06242532855436
0.741969128076763
0.950053418803419
0.972921225382932
0.84229220932986
0.949292767547371
0.822237632917245
0.95515574650913
0.792911279536335
0.918646694214876
0.790971758950411
0.782102022867194
0.771248915871639
0.856901951337027
0.938274861514112
0.822808235021976
0.793441891590453
0.73842640647706
0.852384375748862
0.958243534482759
0.962912831618841
0.86587147030185
0.86587147030185
1.07041829671983
0.875461481663795
0.885707171314741
0.829524253731343
1.01396807297605
1.04740871613663
1.01454649172847
1.01512557077626
1.04710038269061
1.07657384987893
1.01744851258581
1.05112293144208
0.850753408275532
0.863768819815444
0.959277238403452
0.961351351351351
0.957985456504175
0.958243534482759
1.07074051776039
1.01919770773639
0.985591576614021
0.824333719582851
0.814704535043518
0.823570270896041
0.956182795698925
0.857728478418134
0.927509778357236
0.867560975609756
0.848926014319809
0.959018603397142
0.91510162078724
1.0099375354912
1.00140765765766
0.771248915871639
0.713540621865597
0.960313174946004
0.862094037809016
0.870959843290891
0.705753968253968
0.826248548199768
0.856283100625903
0.83107476635514
0.856077015643803
0.905089058524173
1.03191180736873
0.877621514927214
0.747425929817188
0.959536012948476
0.961351351351351
0.919596690796277
1.07106293285155
0.887918122815776
0.86629322942036
0.988879621907145
0.938770124043283
1.03071573456969
0.853611711063115
0.841097186096004
0.955412301907064
1.02153934520391
0.953875033521051
1.1884396926161
1.18527157614129
1.15374635095686
1.0128132118451
1.0033850493653
1.18963210702341
1.19885406134142
1.19122572002679
1.16241830065359
1.19122572002679
1.20087778528022
1.19402484055052
1.19202412868633
1.17122160026342
1.19082691663877
1.08943338437979
1.10913626442158
1.09177409453653
0.874815543531727
0.846300261717821
0.876756223810698
0.875677006400788
0.844291478756231
0.817701149425287
1.01773962804006
0.935806366745593
0.816387422538444
0.832631086142322
1.03763127187865
0.947775113242739
1.00451849759955
0.991083867372527
1.11574654956085
0.986958934517203
1.07462235649547
1.00028121484814
0.985045693713653
0.978272827282728
0.700059043495375
0.857728478418134
0.699921290830382
0.849940262843489
0.917698658410733
0.932616675406397
0.951578384162654
1.09244471744472
0.871386575208231
0.719312436804853
0.806393108138744
0.934331494615183
0.888361638361638
0.978811227297744
0.874600442586673
1.01512557077626
0.965788759163725
0.971061971061971
0.954643048845947
1.0821417706115
1.0542382928275
1.01079852230747
1.06977443609023
0.717281710022182
0.717281710022182
0.8363508111921
0.772085956153679
0.984772978959025
0.873312054996317
0.994408722393067
0.946262303804203
0.922219341457091
0.946766036731435
0.926060921634991
0.919121447028424
0.919121447028424
0.725918367346939
1.05831597738768
1.02389176741508
0.973720229947988
0.726808336738864
1.10844499844188
1.02153934520391
0.952342704149933
0.876756223810698
0.947270306258322
0.967101685698749
0.926543370669445
1.05737217598098
0.969473971109294
0.971061971061971
0.877621514927214
0.895969773299748
0.922219341457091
0.999438044394493
0.9231767453932
1.08876645240282
0.819019111213447
1.04097161252561
0.940010570824524
0.982325324495996
1.02714409471556
1.04926253687316
0.955412301907064
0.865239601070299
1.01686678101772
0.926543370669445
0.989429763560501
1.05957700327674
0.96894579133751
0.964740981828044
0.818642117376295
0.949546182594768
0.949292767547371
0.840103920642419
0.927751695357329
1.03702623906706
0.920548654244306
0.983411667127454
1
0.938027426160338
0.823761000463177
0.896873424104892
0.983955739972337
0.987781171896695
0.902333840690005
0.982596685082873
0.971061971061971
1.06816816816817
0.970796943231441
1.00793425899688
0.926543370669445
0.940010570824524
1.00056258790436
0.935314225611359
1.08843329253366
1.02982049797336
0.985318559556787
0.97692941499588
0.969738276990185
0.988330091692137
0.926543370669445
0.957727517501346
0.899140546006067
1.08115501519757
1.06052474657126
0.963434452871073
0.974253629142701
0.989429763560501
0.984772978959025
0.91510162078724
0.844491927825261
0.899822919301796
0.897099621689786
0.840302386014647
0.968154599891127
0.875246062992126
0.914631010542556
0.903709349593496
0.996637713645279
0.910883482714469
1.00395145357042
1.12349968414403
1.10226216299969
1.12385466034755
1.10706504824152
1.10055693069307
1.12385466034755
1.05894611491515
1.13896894012168
1.11399937362982
1.11260556771974
1.02242023569991
1.07755225689185
0.926060921634991
0.927267987486966
0.908092928261425
0.984500415167451
0.835172575722
0.939265909691048
0.904398677854055
0.965788759163725
0.946262303804203
0.920548654244306
0.907629497320745
0.970002727024816
0.936545550289626
0.969738276990185
1.01715756362597
0.875461481663795
1.05486358244365
1.10055693069307
0.902333840690005
0.983683628318584
0.994408722393067
0.949292767547371
0.828558117866294
0.951578384162654
0.971857923497268
0.97478761304467
0.941005291005291
1.03702623906706
0.97478761304467
0.976125137211855
1.01686678101772
0.797533632286995
0.984228002213614
0.996358543417367
1.02773764807859
1.02803468208092
1.1074097135741
1.01223676721685
1.02566320645905
1.02714409471556
0.919596690796277
1.02183280666475
0.999157303370787
1.02183280666475
1.01570531125071
1.02271420356527
0.870959843290891
0.896421370967742
0.796997535290164
1.05081240768095
0.980700303280948
0.760205172045309
1.02242023569991
1.06306037059175
0.73159193747429
0.759880367442854
0.759555840273329
1.01861397479954
0.856901951337027
0.902562801319462
0.573987413264483
0.896195515243134
0.932127882599581
0.932372214941022
0.43120378227664
0.90096251266464
0.431099260695673
0.953108252947481
0.726808336738864
0.523473142016188
0.725918367346939
0.529551883281227
0.418766187897339
0.835957696827262
0.92413613925695
1.07689978807145
0.452314343845371
0.837729627885068
1.02036718301779
0.902562801319462
0.698821218074656
0.573894804775734
0.923416407061267
0.574080051646223
1.03041714947856
0.930421135234109
0.393952818695315
1.0206599713056
0.855871029836381
0.760042735042735
1.01599542987718
0.44764661464888
0.919359007495477
0.869257086999022
0.933595800524934
0.756164965986395
0.931151832460733
0.856489284854322
1.06913134956417
0.943751658264792
0.894617706237425
0.984772978959025
0.789742451154529
0.887032418952618
0.485001363512408
0.901190777805929
0.918409501678286
0.967101685698749
0.858142340168878
0.840103920642419
0.925338189386056
0.849331423113658
0.821098799630656
0.934086134453782
0.83107476635514
0.849128670327047
0.925338189386056
0.523473142016188
0.447759315206445
0.452429407275502
0.940507667900582
0.485067503068321
0.919834497026118
0.959277238403452
0.920548654244306
0.990256124721604
0.863559116290362
0.927993738585964
0.777486338797814
0.928963175763907
0.777996500437445
0.931151832460733
0.936299026059489
1.0385401459854
0.927026322647902
0.853611711063115
0.830105017502917
0.814704535043518
0.926060921634991
1.00850581230508
0.627226238758596
0.627558221594919
0.627447521608749
0.484736985554647
0.988330091692137
0.991636465012545
0.991083867372527
0.484604904632153
0.86629322942036
0.804023508137432
0.896421370967742
0.573987413264483
0.967627856365615
0.925578974759303
0.954130901287554
0.916988914668729
0.892373306573006
0.89125532448008
0.731742439827196
0.963173571621988
0.938522427440633
0.759880367442854
0.700059043495375
0.898686205154118
0.897099621689786
0.895744145051624
0.920548654244306
0.635746201966041
0.529551883281227
0.878271604938272
0.635519028050741
0.923416407061267
0.523396115361978
0.921263921263921
0.447477670147188
0.759555840273329
0.89529322929776
0.797891431135038
0.890585878818227
0.759393680614859
0.418618335883253
0.725918367346939
0.699233339885984
0.730540151981926
0.699645948072384
0.699783592366713
0.729790726302831
0.93335082655471
0.865660744706741
0.931151832460733
0.998316025820937
0.863559116290362
0.796997535290164
0.795215738877711
0.700334711557393
0.596411804158283
0.573987413264483
0.573987413264483
0.798428731762065
0.596611875209661
0.993297961463278
1.03281068524971
1.0385401459854
0.963434452871073
0.960313174946004
1.03401162790698
0.930177824267782
0.995243424734191
0.921741383778181
0.843090779805641
0.995800671892497
0.924616584351443
0.954386906359002
0.855048076923077
0.875892637281458
0.979889807162534
1.00593891402715
0.95336370946127
0.758422174840085
0.837138150152977
0.835957696827262
0.935068349106204
0.804751131221719
0.501409641950945
0.501409641950945
0.485133660665576
1.00821995464853
0.889472368092023
1.00764872521246
0.838915094339623
0.781414762741652
0.957727517501346
1.00707814269536
0.876540167570232
1.00451849759955
0.828944302027499
0.95489932885906
0.95979492714517
0.904168784951703
0.830105017502917
0.986958934517203
0.953875033521051
0.878271604938272
0.931395653312385
1.00168966488313
0.886369299775729
0.888139825218477
0.837532375794679
0.948027718550107
0.829137529137529
0.971327143637357
0.820152178925525
0.825098585015078
0.965788759163725
0.988879621907145
1.00537026568683
0.95489932885906
0.973453749315818
0.983955739972337
1.00056258790436
0.91817243159525
0.920786953145224
0.869469567342948
0.810619872379216
0.931395653312385
0.956439903199785
0.973453749315818
1.05267830719148
0.994965034965035
0.90027841052898
0.904168784951703
0.918646694214876
0.932861264096512
0.880227666419203
0.959018603397142
0.889917438078559
0.846300261717821
0.84229220932986
0.886590229312064
0.896647340559617
1.02212643678161
1.02625504904789
0.785383086774122
0.802391157229867
0.938770124043283
0.987506940588562
0.888139825218477
1.07462235649547
0.997196523689375
1.02389176741508
0.996917040358744
0.997196523689375
0.998596294216732
1.02566320645905
1.00366817155756
1.00965086573943
0.996637713645279
0.998876720022466
0.917698658410733
0.807491486946652
0.923656193196572
0.961871281773932
0.940010570824524
0.889917438078559
0.887918122815776
0.894392758360573
0.966051059206953
0.889694847423712
0.918884009299923
1.04895311117664
0.977197802197802
0.970796943231441
0.971061971061971
0.916752577319588
0.897552359323745
0.938770124043283
0.88175508180466
0.916516361762432
0.914631010542556
0.995243424734191
0.996079529543545
0.833606749472697
0.80275332881968
0.88925
0.782962799911953
0.891032064128257
0.888805597201399
0.892821285140562
0.89014014014014
0.782274026830878
0.824333719582851
0.89125532448008
0.757775884107371
0.916280267903143
0.917935483870968
0.966838814895352
0.994965034965035
0.994965034965035
0.972389283761618
0.911583803177857
0.938027426160338
0.970002727024816
0.940259053661116
0.942002118644068
1.0033850493653
1.00310208685843
0.937532946758039
0.857728478418134
0.792028501447339
0.846501665873394
0.608866826429305
0.942251655629139
0.91439588688946
0.457904222451081
0.692158007394435
0.792204899777283
0.873955773955774
0.758260498827542
0.84349063315153
0.686017357762777
0.846501665873394
0.408850574712644
0.972655181843041
0.781586464513294
0.942751126424596
0.838915094339623
0.616037409075165
0.911116803278688
0.651345907342977
0.768582541054451
0.559716758457907
0.758422174840085
0.84229220932986
0.780386134269416
0.944002123142251
0.844893111638955
0.686546998648909
0.782446106467224
0.847914183551847
0.942751126424596
0.643917451122375
0.844893111638955
0.958501751549448
0.805480072463768
0.84589774078478
0.699645948072384
0.847712106768351
0.844692472096889
0.840103920642419
0.846300261717821
0.847106453917599
0.803478653715835
0.844893111638955
0.758745733788396
0.953619302949062
0.769081081081081
0.845294676806084
0.841694273544723
0.673291690327465
0.935314225611359
0.903250380904012
0.844893111638955
0.940010570824524
0.397741250139774
0.843890865954923
0.978541953232462
0.693237185733775
0.804205290526792
0.694184231069477
0.845294676806084
0.68575284364758
0.655547364541098
0.836744295459892
0.95979492714517
0.846904761904762
0.691754181252431
0.559981108312343
0.89125532448008
0.939762219286658
0.835368717707844
0.977466336905743
0.840302386014647
0.922219341457091
0.750580291200675
0.68575284364758
0.841694273544723
0.963956639566396
0.971061971061971
0.751373046049852
0.856283100625903
0.65470274249954
0.966576086956522
0.919596690796277
0.973453749315818
0.78055738424402
0.651942815249267
0.838321942022154
0.836154207804419
0.691350826044704
0.757453151618399
0.78055738424402
0.780214959420926
0.856489284854322
0.837138150152977
0.930664573521716
0.857521697203472
0.691350826044704
0.652062328139322
0.691082183796386
0.78055738424402
0.672146636432351
0.842691305377873
0.844491927825261
0.837926972909305
0.838915094339623
0.860009671179884
0.841097186096004
0.669742044812653
0.738119941896659
0.856283100625903
0.721501014198783
0.813214449016918
0.718585858585859
0.753921153030945
0.753123015032818
0.754881154499151
0.739808652246256
0.758745733788396
0.75890761681246
0.757614483493078
0.758260498827542
0.758260498827542
0.755683025281496
0.757130693912303
0.758260498827542
0.757130693912303
0.766264541146058
0.684565050038491
0.472753854332802
0.559981108312343
4.64967320261438
4.41315136476427
5.40577507598784
3.46686159844055
2.57008670520231
5.01692524682652
3.17305976806423
4.41315136476427
5.48073959938367
5.5839874411303
3.40708812260536
2.75736434108527
6.10120068610635
5.5839874411303
5.52329192546584
4.60751295336788
2.60014619883041
2.28305519897304
2.65646004480956
4.24970131421744
4.64967320261438
4.66797900262467
4.98877980364656
4.64967320261438
2.31575520833333
4.15052508751459
5.54914196567863
6.24035087719298
4.34841075794621
4.47984886649874
3.36518448438978
3.33364573570759
6.05962521294719
5.93823038397329
5.39757207890744
5.62816455696202
2.67242674680691
6.06996587030717
4.0237556561086
3.41362763915547
4.58376288659794
5.5061919504644
5.54914196567863
4.52544529262086
2.8007874015748
5.41400304414003
6.20767888307155
3.28743068391867
5.56651017214397
5.44716692189893
5.54914196567863
5.5061919504644
5.3328335832084
5.5839874411303
6.20767888307155
5.10329985652798
5.36500754147813
5.91846921797005
5.6912
4.62548764629389
5.95812395309883
5.85032894736842
6.15397923875433
6.24035087719298
6.25131810193322
6.13275862068966
5.63708399366086
2.69469696969697
3.15896980461812
4.03745743473326
4.55441741357234
4.31151515151515
4.52544529262086
3.38439581351094
5.44716692189893
4.63754889178618
5.59276729559748
2.63091715976331
5.45552147239264
5.44716692189893
5.89883913764511
5.43053435114504
4.60751295336788
4.42412935323383
5.36500754147813
5.81209150326797
4.4968394437421
5.3168908819133
5.5061919504644
5.48073959938367
5.43053435114504
5.77435064935065
5.43053435114504
5.4388379204893
5.57523510971787
5.0028129395218
5.41400304414003
5.42225609756098
5.4891975308642
5.37311178247734
5.61041009463722
5.38124054462935
5.42225609756098
5.4388379204893
5.39757207890744
5.43053435114504
5.46390168970814
5.47230769230769
5.27744807121662
5.40577507598784
4.64967320261438
5.3248502994012
5.46390168970814
5.64603174603175
5.61927330173776
4.61348897535668
5.13275613275613
5.4388379204893
3.21318879855465
5.4891975308642
5.39757207890744
5.4891975308642
5.61927330173776
5.62816455696202
4.09321058688147
5.43053435114504
5.44716692189893
5.59276729559748
5.41400304414003
5.44716692189893
4.60155239327296
3.25434583714547
4.29071170084439
5.37311178247734
2.23289391086001
5.4388379204893
6.20767888307155
5.61927330173776
5.62816455696202
5.40577507598784
5.3089552238806
6.17534722222222
4.47421383647799
5.63708399366086
5.03111739745403
5.70947030497592
5.34887218045113
5.62816455696202
5.62816455696202
5.5061919504644
5.40577507598784
5.63708399366086
5.02401129943503
4.61348897535668
4.49116161616162
4.80675675675676
5.08869814020029
4.5719794344473
5.62816455696202
5.62816455696202
4.61348897535668
5.6640127388535
4.38594327990136
3.59292929292929
5.46390168970814
5.56651017214397
5.72785829307568
5.53188180404355
2.73405073020753
2.75736434108527
3.83710895361381
5.3328335832084
5.63708399366086
3.30576208178439
5.6640127388535
5.73709677419355
4.21445497630332
5.67304625199362
5.75566343042071
5.68210862619808
5.6550079491256
4.32725060827251
5.61927330173776
4.64360313315927
5.0028129395218
4.88598901098901
5.63708399366086
5.39757207890744
5.74636510500808
5.6550079491256
5.24631268436578
5.23858615611193
6.21853146853147
4.30108827085852
3.32429906542056
3.36518448438978
4.64967320261438
6.25131810193322
3.90021929824561
4.25478468899522
4.06050228310502
3.95661846496107
4.15052508751459
3.73242392444911
5.6550079491256
5.73709677419355
5.14761215629522
3.75210970464135
5.71864951768489
3.83297413793103
5.56651017214397
3.74815595363541
4.75534759358289
4.68642951251647
4.91977869986169
4.82632293080054
4.30108827085852
4.34310134310134
4.64360313315927
4.76809651474531
4.80026990553306
4.81978319783198
4.84604904632153
4.63754889178618
4.46298619824341
4.64360313315927
4.7112582781457
4.66186107470511
4.84604904632153
4.61348897535668
4.76809651474531
4.69881109643329
3.33052434456929
4.7112582781457
4.80026990553306
3.91309130913091
4.53698979591837
4.75534759358289
4.78734858681023
4.55441741357234
4.38594327990136
3.29657089898054
4.43516209476309
3.35249764373233
4.74266666666667
3.17023172905526
3.07167530224525
4.91977869986169
3.30269266480966
3.85791757049892
4.80675675675676
4.76809651474531
5.12536023054755
4.02831257078143
4.76809651474531
4.68642951251647
4.67411300919842
2.93481848184818
4.18470588235294
4.68026315789474
4.11689814814815
3.65946502057613
4.65575916230366
4.62548764629389
3.13945278022948
3.07167530224525
4.76171352074967
5.11063218390805
2.86623690572119
2.67846385542169
2.93239901071723
3.26629935720845
2.9155737704918
35.57
22.9483870967742
44.4625
49.4027777777778
41.3604651162791
36.2959183673469
25.589928057554
22.0931677018634
11.7006578947368
18.6230366492147
27.5736434108527
21.5575757575758
17.9646464646465
13.3721804511278
17.3512195121951
14.698347107438
10.7138554216867
15.3982683982684
11.7781456953642
14.3427419354839
12.5689045936396
8.80445544554455
13.0772058823529
1.57389380530973
1.30772058823529
1.9342033713975
1.57041942604857
12.7491039426523
13.7868217054264
12.480701754386
9.41005291005291
9.93575418994413
11.0809968847352
7.56808510638298
11.256329113924
7.74945533769063
6.21853146853147
9.36052631578947
5.88907284768212
8.84825870646766
2.34630606860158
1.19522849462366
1.71421686746988
1.41262907069102
2.43463381245722
2.74036979969183
1.81479591836735
1.22317744154058
1.45540098199673
1.22317744154058
2.05369515011547
1.36755094194541
2.50316678395496
2.32180156657963
2.52269503546099
2.05488157134604
1.14116137311517
1.73681640625
1.56489221293445
1.14336226293796
1.59078711985689
1.92478354978355
1.5893655049151
1.88101533580116
2.12231503579952
1.67152255639098
1.50401691331924
0.134246678743961
0.113674858585536
0.136132266829959
0.140133159988969
0.109770398716208
0.117879038939519
0.0994130799329234
0.129993056316924
0.130254870367658
0.132947112689217
0.130250100699403
0.120278632536435
0.138782676550917
0.136939364773821
0.126651237315293
0.126157120056748
0.14040974223345
0.138286291890211
0.11757511651737
0.13052253045648
0.138750195038227
0.118153130709185
0.127313074913204
0.120625339120998
0.148872054576654
0.133370828646419
0.142690949935815
0.135841130418178
0.165649885903227
0.205500028886706
0.168426535347318
0.216073381120156
0.197764928277549
0.185870303600355
0.230569780255396
0.230824140168722
0.23089905874716
0.122786426870103
0.141027674252637
0.15471944323619
0.170902801133907
0.140171815889029
0.132629851970618
0.235953565505804
0.220643880652565
0.224913057224154
0.220125007735627
0.193736383442266
0.19354663184242
0.210361346028742
0.210361346028742
0.197369881256242
0.192010796221323
0.192343048721138
0.211035301097597
0.208891237961005
0.192000431825542
0.196064380994378
0.192197546874156
0.191576452846448
0.192927265824158
0.188131379912202
0.224218356026223
0.213633633633634
0.231620759262877
0.216467867575463
0.244685973722226
0.169639450591377
0.153055077452668
0.164752200092635
0.172862905185401
0.20707923385923
0.228466825101163
0.224756729432579
0.238853075476766
0.234692531010821
0.208511636086523
0.195600769865274
0.211663195477536
0.201301641199774
0.201541163805315
0.201609703565153
0.193094837413821
0.182242032995184
0.188560220525869
0.182354147441813
0.197918985087915
0.172326922145245
0.179601110830598
0.184062095730919
0.221979530703944
0.190468540829987
0.172485694888954
0.163781195321853
0.172143444804723
0.178188558260695
0.156042991884185
0.163314967860422
1.58440979955457
1.38082298136646
0.932372214941022
0.934331494615183
1.27491039426523
1.47105045492142
1.28923523015585
1.4188272836059
1.39490196078431
1.34024114544084
1.41769629334396
0.769081081081081
1.2680926916221
1.23335644937587
1.26403695806681
1.34125188536953
0.988330091692137
1.05081240768095
1.24196927374302
1.05455084494515
1.21482240437158
1.04310850439883
0.925097529258778
0.73340206185567
0.832436227474842
0.812657071053233
0.802572202166065
0.44764661464888
0.630561957099805
0.596511822907932
0.59701242027526
1.21690044474855
0.807674841053588
1.02833188782885
1.07170834588732
0.745702306079665
1.11890531613715
0.723702950152594
1.04988193624557
0.610958433527997
0.95695453322572
1.04988193624557
0.806941923774955
0.626232394366197
1.08049817739976
0.988330091692137
1.05611638954869
0.781414762741652
0.901647655259823
0.527431791221827
1.04740871613663
0.547652040030793
0.814704535043518
0.843090779805641
0.946262303804203
0.958760107816712
0.895744145051624
0.717137096774194
0.650512070226774
0.76725625539258
0.669238005644403
0.989429763560501
0.847510126280677
0.677782012195122
0.742898913951546
0.919359007495477
0.980700303280948
0.935806366745593
0.828944302027499
0.726956877171469
0.794505249050704
0.804751131221719
0.925097529258778
1.01483594864479
0.857935359382537
0.730840353400452
0.855871029836381
0.903250380904012
0.418914144388176
0.947270306258322
0.922219341457091
0.851772030651341
0.808225403317428
0.917461955119938
0.775283347863993
0.770413688542343
0.840103920642419
0.757614483493078
0.839905548996458
0.958760107816712
0.873955773955774
0.539266221952699
0.397741250139774
0.472691029900332
0.720186272524803
4.64967320261438
4.19457547169811
2.28012820512821
3.83710895361381
6.12220309810671
4.9471488178025
4.70502645502645
3.35249764373233
4.18963486454652
3.19874100719424
