6.74725892606e-05
6.74725892606e-05
1.12454315434e-05
7.8718020804e-05
7.8718020804e-05
0.000112454315434
0.000123699746978
0.000134945178521
0.000123699746978
0.000123699746978
0.000112454315434
0.000123699746978
7.8718020804e-05
0.000101208883891
8.99634523475e-05
0.000101208883891
7.8718020804e-05
5.62271577172e-05
6.74725892606e-05
5.62271577172e-05
6.74725892606e-05
5.62271577172e-05
3.37362946303e-05
4.49817261737e-05
4.49817261737e-05
5.06044419455e-05
0.000118077031206
0.000134945178521
0.000118077031206
0.000151813325836
6.74725892606e-05
5.06044419455e-05
5.06044419455e-05
5.06044419455e-05
6.74725892606e-05
5.06044419455e-05
6.74725892606e-05
0.000118077031206
6.74725892606e-05
0.000202417767782
0.000134945178521
0.000202417767782
0.000202417767782
0.000185549620467
0.000168681473152
0.000219285915097
0.000202417767782
0.000202417767782
0.000185549620467
0.000202417767782
3.37362946303e-05
6.74725892606e-05
0.000134945178521
0.000151813325836
8.43407365758e-05
6.74725892606e-05
6.74725892606e-05
3.37362946303e-05
3.37362946303e-05
3.37362946303e-05
1.68681473152e-05
0.000103083122481
6.18498734889e-05
0.000123699746978
0.000123699746978
6.18498734889e-05
0.000123699746978
4.12332489926e-05
6.18498734889e-05
8.24664979852e-05
6.18498734889e-05
8.24664979852e-05
8.24664979852e-05
6.18498734889e-05
0.000103083122481
0.000144316371474
0.000144316371474
0.000144316371474
0.000144316371474
0.000185549620467
0.000123699746978
0.000185549620467
0.000185549620467
0.000185549620467
0.00016493299597
0.000185549620467
0.00016493299597
6.18498734889e-05
0.00016493299597
0.000144316371474
0.000123699746978
0.000123699746978
0.000123699746978
8.24664979852e-05
6.18498734889e-05
4.12332489926e-05
6.18498734889e-05
6.18498734889e-05
4.12332489926e-05
4.12332489926e-05
0.000140567894293
7.02839471465e-05
0.000117139911911
4.68559647643e-05
0.000630868709587
0.000654296691969
0.000630868709587
0.000677724674351
0.000845469028207
0.000701152656733
0.000794864586262
0.000630868709587
0.00100384218911
0.000654296691969
0.000865148533408
0.000498547465092
0.000630868709587
0.000451691500328
0.000498547465092
0.00077143660388
0.000498547465092
0.000748008621498
0.000942929434917
0.00077143660388
0.000865148533408
0.000677724674351
0.000374847718115
0.000398275700497
0.000641551869553
0.000398275700497
0.000586074407272
0.000374847718115
0.000724580639115
0.000677724674351
0.000515790460126
0.000701152656733
0.000641551869553
0.000677724674351
0.00056264642489
0.000677724674351
0.000163995876675
7.02839471465e-05
4.68559647643e-05
0.000210851841439
0.000231093618218
0.000231093618218
0.000231093618218
0.000231093618218
0.000205416549527
0.000231093618218
0.000231093618218
0.000231093618218
0.000231093618218
0.000231093618218
0.000231093618218
0.000154062412145
0.000231093618218
0.000179739480836
0.000154062412145
7.70312060725e-05
0.000102708274763
0.000102708274763
0.000128385343454
0.000128385343454
0.000128385343454
0.000102708274763
0.000102708274763
0.000205416549527
0.000205416549527
0.000231093618218
0.000231093618218
0.000256770686908
0.000231093618218
0.000179739480836
0.000205416549527
0.000154062412145
0.000154062412145
0.000154062412145
0.000205416549527
0.000128385343454
0.000128385343454
0.000256770686908
0.000179739480836
0.000231093618218
0.000102708274763
0.000154062412145
7.70312060725e-05
5.13541373817e-05
7.70312060725e-05
7.70312060725e-05
5.13541373817e-05
0.000102708274763
0.000102708274763
2.56770686908e-05
5.13541373817e-05
2.56770686908e-05
5.13541373817e-05
8.26539218443e-05
0.00019285915097
0.000165307843689
0.00019285915097
0.000275513072814
0.000220410458251
0.00019285915097
0.00019285915097
0.000247961765533
0.000247961765533
0.000303064380096
0.000220410458251
0.000220410458251
0.000275513072814
0.000303064380096
0.000247961765533
0.000247961765533
0.000247961765533
0.000220410458251
0.000303064380096
0.00019285915097
0.00057857745291
0.00019285915097
0.00019285915097
0.000220410458251
0.00057857745291
0.000551026145628
0.000137756536407
8.26539218443e-05
0.000137756536407
8.26539218443e-05
0.000358166994658
0.000165307843689
0.000220410458251
0.000165307843689
0.000247961765533
0.000165307843689
0.000247961765533
0.000220410458251
0.000110205229126
0.000523474838347
0.000495923531066
0.000551026145628
0.000495923531066
0.000523474838347
0.000523474838347
0.000520743804972
0.000548295112254
0.000495923531066
0.000523474838347
0.000413269609221
0.000413269609221
0.000523474838347
0.000440820916503
0.000468372223784
0.000495923531066
0.000165307843689
0.000217679424877
0.000137756536407
0.0003402546287
0.000110205229126
8.26539218443e-05
0.000110205229126
8.26539218443e-05
8.26539218443e-05
8.26539218443e-05
0.000110205229126
0.000165307843689
0.000165307843689
0.000137756536407
8.26539218443e-05
0.000110205229126
0.000110205229126
0.000137756536407
0.000355435961284
8.26539218443e-05
0.000165307843689
0.000137756536407
0.000137756536407
0.000247961765533
2.75513072814e-05
0.000220410458251
5.51026145628e-05
0.000379051367525
0.000408209165027
0.000379051367525
0.000437366962529
0.00061231374754
0.000670629342544
0.000408209165027
0.000437366962529
0.000670629342544
0.000320735772521
0.000408209165027
0.000379051367525
0.00061231374754
0.000553998152536
0.00061231374754
0.000641471545042
0.000641471545042
0.000466524760031
0.000641471545042
0.000524840355034
0.00061231374754
0.00014578898751
0.00014578898751
0.000174946785011
0.000174946785011
0.000116631190008
0.000262420177517
0.000204104582513
0.000174946785011
0.000262420177517
0.000116631190008
0.000379051367525
0.000379051367525
0.000379051367525
0.000291577975019
0.000379051367525
0.000349893570023
0.000349893570023
0.000379051367525
0.000320735772521
0.000320735772521
0.000320735772521
0.000320735772521
0.000262420177517
0.000320735772521
0.000379051367525
0.000204104582513
0.000379051367525
0.000437366962529
0.000437366962529
0.000204104582513
0.000262420177517
0.000233262380015
5.83155950038e-05
0.000233262380015
0.000116631190008
0.000174946785011
0.000437366962529
0.000204104582513
0.000408209165027
0.000116631190008
0.00014578898751
0.000116631190008
0.000116631190008
0.00014578898751
0.000174946785011
0.00014578898751
0.000116631190008
0.000174946785011
0.00014578898751
0.000116631190008
8.74733925057e-05
0.000408209165027
0.000379051367525
0.000553998152536
0.000466524760031
0.000437366962529
0.000408209165027
0.000437366962529
0.000320735772521
0.000116631190008
0.00014578898751
8.74733925057e-05
8.74733925057e-05
2.91577975019e-05
0.000275071288004
0.000336198240893
0.000581857370443
0.000366761717338
0.000366761717338
0.000920358247319
0.000920358247319
0.000275071288004
0.000275071288004
0.000213944335114
0.000213944335114
0.000458452146673
0.000244507811559
0.000213944335114
0.000213944335114
0.000336198240893
0.00105165312306
0.000664127519624
0.000603000566734
0.00100032576052
0.00100032576052
0.000664127519624
0.00103088923696
0.000633564043179
0.00100032576052
0.000878071854738
0.000520730417554
0.000969762284072
0.000939198807627
0.000633564043179
0.000969762284072
0.000939198807627
0.000939198807627
0.00100032576052
0.000939198807627
0.000939198807627
0.000969762284072
0.000969762284072
0.000969762284072
0.000969762284072
0.000939198807627
0.000551293893998
0.000490166941109
0.000889794770874
0.000551293893998
0.00079810434154
0.000896140407245
0.000780232137837
0.000551293893998
0.000828667817985
0.000551293893998
0.000828667817985
0.000183380858669
0.000213944335114
0.000244507811559
0.000183380858669
0.000183380858669
0.000183380858669
0.000702959958231
0.000672396481786
0.000611269528897
0.000672396481786
0.000611269528897
0.000702959958231
0.000458452146673
0.000213944335114
0.000244507811559
0.000244507811559
0.000244507811559
0.000244507811559
0.000275071288004
0.000244507811559
0.000275071288004
0.000427888670228
0.000275071288004
0.000305634764448
0.000183380858669
0.000213944335114
0.000122253905779
0.000183380858669
0.000183380858669
0.000631261407196
0.000122253905779
0.000451334502501
0.000451334502501
0.000213944335114
0.000213944335114
0.000152817382224
0.000213944335114
0.000420771026056
0.000152817382224
0.000122253905779
0.000122253905779
0.000122253905779
0.000256230727695
0.000225667251251
0.000346194180043
0.000307937400431
0.000604446407932
0.000604446407932
0.000286316719547
0.00052347930082
0.00022269078187
0.00052347930082
0.000428040394304
0.000459853363143
0.000318129688386
0.00022269078187
0.00022269078187
0.000190877813031
0.00022269078187
0.000890763127479
0.000858950158641
0.000795324220964
0.000858950158641
0.000858950158641
0.000795324220964
0.000890763127479
0.000827137189802
0.000827137189802
0.000858950158641
0.000795324220964
0.000858950158641
0.000381755626063
0.000858950158641
0.000954389065157
0.000890763127479
0.000858950158641
0.000318129688386
0.000509007501417
0.000477194532578
0.000477194532578
0.000509007501417
0.00044538156374
0.000477194532578
0.000477194532578
0.000477194532578
0.000509007501417
0.000477194532578
0.000699885314448
0.000795324220964
0.000795324220964
0.000827137189802
0.000795324220964
0.000827137189802
0.00066807234561
0.000763511252125
0.000540820470255
0.000795324220964
0.000318129688386
0.000190877813031
0.000254503750708
0.000254503750708
0.00022269078187
0.000127251875354
9.54389065157e-05
0.000477194532578
0.00022269078187
0.000286316719547
0.00022269078187
0.00022269078187
0.00022269078187
0.00022269078187
0.00033405179146
0.000127251875354
0.000428040394304
0.000127251875354
0.000127251875354
0.000381755626063
0.000518003846652
0.000428040394304
0.000428040394304
0.000190877813031
0.000254503750708
9.54389065157e-05
0.000127251875354
0.00022269078187
0.000286316719547
0.000318129688386
0.000254503750708
0.00022269078187
0.00022269078187
0.00022269078187
0.00022269078187
6.36259376771e-05
0.000429490697975
9.54389065157e-05
0.000397677729137
0.000397677729137
0.000585003413792
0.000461303666814
0.000397677729137
0.000127251875354
0.000329375119929
0.000131750047972
9.88125359787e-05
0.000362312631922
0.00023056258395
0.000329375119929
0.000296437607936
0.000395250143915
0.000527000191886
0.000296437607936
0.000329375119929
0.000263500095943
0.000296437607936
0.000329375119929
0.000362312631922
0.000461125167901
0.000329375119929
0.000395250143915
0.000395250143915
0.000362312631922
0.000362312631922
0.000395250143915
0.000362312631922
0.000362312631922
0.000395250143915
0.000362312631922
0.000362312631922
0.000395250143915
0.000296437607936
0.000362312631922
0.000362312631922
0.000329375119929
0.000362312631922
0.000329375119929
0.000461125167901
0.000263500095943
0.00023056258395
0.00023056258395
0.000362312631922
0.000428187655908
0.000428187655908
0.000263500095943
0.000263500095943
0.000296437607936
0.000329375119929
0.000329375119929
0.000362312631922
0.00023056258395
0.000395250143915
0.000362312631922
0.000461125167901
0.000461125167901
0.000395250143915
0.000461125167901
0.000428187655908
0.000428187655908
0.000461125167901
0.000428187655908
0.000461125167901
0.000461125167901
0.000461125167901
0.000461125167901
0.000428187655908
0.000395250143915
0.000329375119929
0.000362312631922
0.000329375119929
0.000428187655908
0.000461125167901
0.000428187655908
0.000527000191886
0.000527000191886
0.000698492211565
0.000461125167901
0.000527000191886
0.000527000191886
0.00267503754796
0.00277385008394
0.000428187655908
0.000527000191886
0.000527000191886
0.000527000191886
0.000527000191886
0.000527000191886
0.000494062679893
0.000731429723558
0.000527000191886
0.0032346048666
0.00247741247601
0.0025786213599
0.00247741247601
0.00247741247601
0.00247741247601
0.00297221146392
0.00247741247601
0.00241153745202
0.00244447496401
0.000395250143915
0.000131750047972
0.000395250143915
0.000395250143915
0.000329375119929
0.000296437607936
0.000329375119929
0.000395250143915
0.000329375119929
0.000362312631922
0.000395250143915
0.000329375119929
0.000329375119929
0.000592875215872
0.000461125167901
0.000461125167901
0.000395250143915
0.000395250143915
9.88125359787e-05
0.000164687559964
0.00023056258395
0.00023056258395
0.00023056258395
0.000296437607936
0.000263500095943
0.000263500095943
0.000263500095943
0.000296437607936
0.000131750047972
0.000296437607936
0.000329375119929
0.000164687559964
9.88125359787e-05
0.000263500095943
0.000263500095943
0.000296437607936
0.000263500095943
0.000263500095943
0.000263500095943
0.000296437607936
0.000329375119929
0.000362312631922
0.000329375119929
0.000296437607936
0.000296437607936
9.88125359787e-05
0.000428187655908
0.000494062679893
0.000428187655908
0.000494062679893
0.000461125167901
0.000329375119929
0.000461125167901
0.000428187655908
0.000428187655908
0.000461125167901
0.000461125167901
0.000428187655908
0.000164687559964
0.00023056258395
9.88125359787e-05
0.00279236123262
0.00282632105657
0.00255464246496
0.00258860228891
0.00282632105657
0.00265652193681
0.00286028088052
0.00289424070447
0.00286028088052
0.00292820052843
0.00227530820474
0.00282632105657
0.00210550908499
0.00258860228891
0.00286028088052
0.00292820052843
0.00248672281706
0.00289424070447
0.00248672281706
0.00227530820474
0.00279236123262
0.00252068264101
0.00279236123262
0.00241880316915
0.00269048176077
0.00241880316915
0.00292820052843
0.00289424070447
0.00258860228891
0.00258860228891
0.00262256211286
0.00265652193681
0.00286028088052
0.00292820052843
0.00193570996523
0.00227530820474
0.00289424070447
0.00289424070447
0.00286028088052
0.00235088352125
0.00272444158472
0.00248672281706
0.00169799119757
0.00248672281706
0.00272444158472
0.00265652193681
0.00272444158472
0.0023169236973
0.00258860228891
0.00286028088052
0.00207920492964
0.00258860228891
0.00269048176077
0.00255464246496
0.00252068264101
0.00255464246496
0.00221504422545
0.00282632105657
0.00197732545779
0.00286028088052
0.00265652193681
0.00279236123262
0.00292775346978
0.00265652193681
0.00228296387335
0.00262256211286
0.00296216035238
0.00265652193681
0.00272444158472
0.0022490040494
0.00279236123262
0.00248672281706
0.00230926802869
0.00245276299311
0.00227530820474
0.00255464246496
0.00255464246496
0.00252068264101
0.00200362961313
0.00210550908499
0.00169799119757
0.00193570996523
0.000848995598785
0.000815035774833
0.000882955422736
0.000713156302979
0.000271678591611
0.000848995598785
0.000916915246688
0.000781075950882
0.00098483489459
0.000577317007174
0.000645236655076
0.00122255366225
0.000543357183222
0.000882955422736
0.000848995598785
0.000577317007174
0.000815035774833
0.000679196479028
0.000747116126931
0.000882955422736
0.00146027242991
0.00152819207781
0.00160376739432
0.00163772721827
0.00167168704222
0.00133208880271
0.00207920492964
0.00221504422545
0.00150188792247
0.00153584774642
0.00177356651408
0.00190940580988
0.00160376739432
0.00149423225386
0.00129047331015
0.00152819207781
0.00135839295806
0.0011206741904
0.0011885938383
0.00129047331015
0.0013244331341
0.00122255366225
0.0012565134862
0.00129047331015
0.00129047331015
0.0012565134862
0.0012565134862
0.00122255366225
0.00115463401435
0.000305638415563
0.00023771876766
0.000305638415563
0.000339598239514
0.00023771876766
0.000950875070639
0.00108671436644
0.000475437535319
0.000781075950882
0.000135839295806
0.000169799119757
0.00108671436644
0.000916915246688
0.000882955422736
0.000916915246688
0.000441477711368
0.000407517887417
0.000475437535319
0.000339598239514
0.000441477711368
0.000373558063465
0.000441477711368
0.000509397359271
0.000509397359271
0.000543357183222
0.000339598239514
0.00023771876766
0.000203758943708
0.000203758943708
0.000509397359271
0.000441477711368
0.000509397359271
0.000509397359271
0.000475437535319
3.39598239514e-05
0.000169799119757
0.000305638415563
0.000271678591611
0.000305638415563
0.000373558063465
0.000373558063465
0.000203758943708
0.000203758943708
0.000101879471854
0.000135839295806
0.000101879471854
0.00156244873422
0.00225355458586
0.000977114410907
0.00221865764261
0.00135306707474
0.00136098078662
0.00204417292638
0.00204417292638
0.00135306707474
0.00107389152877
0.00214886375612
0.00128327318825
0.00221865764261
0.00214886375612
0.00218376069936
0.0017718303937
0.00211396681287
0.00231638458065
0.00214886375612
0.00145775790448
0.00225013807921
0.000969200699029
0.00221865764261
0.00207906986962
0.00221865764261
0.00145775790448
0.00152755179098
0.0021499444547
0.00111670218389
0.00107389152877
0.000934303755783
0.00110878847202
0.00121347930176
0.00115159912714
0.00129118690013
0.00132608384337
0.000872423581167
0.00202005859695
0.00101201135415
0.00132608384337
0.00191536776721
0.000907320524414
0.00208985248344
0.00125628995688
0.000872423581167
0.00125628995688
0.00188047082396
0.0020549555402
0.00195026471046
0.00195026471046
0.00132608384337
0.000872423581167
0.00108180524065
0.000977114410907
0.00174088305098
0.00231946431103
0.00184557388072
0.00195026471046
0.0020549555402
0.00214926597159
0.00181067693747
0.00177577999422
0.00184557388072
0.000872423581167
0.0019851616537
0.0019851616537
0.000802629694674
0.00181067693747
0.00191536776721
0.00188047082396
0.00285578252067
0.00299537029366
0.00264640086119
0.00261150391794
0.00261150391794
0.00261150391794
0.00292557640716
0.00296047335041
0.00278598863418
0.00334379814419
0.00282088557742
0.00303436824944
0.00344903055586
0.00271619474768
0.00341413361262
0.00320475195314
0.00201935109217
0.00271619474768
0.00313495806664
0.00194955720567
0.00334433972612
0.000872423581167
0.00083752663792
0.000872423581167
0.000872423581167
0.000872423581167
0.000488557205453
0.000872423581167
0.000802629694674
0.000767732751427
0.000558351091947
0.0005234541487
0.000663041921687
0.000593248035193
0.00062814497844
0.0005234541487
0.00083752663792
0.0019531336124
0.00252884597051
0.00163332331929
0.00166822026254
0.002598639857
0.00252884597051
0.00268754926079
0.00194397930187
0.00166480375589
0.00225013807921
0.00225917848746
0.00221524113596
0.00149373554631
0.00221524113596
0.00176050017518
0.00152863248955
0.00162990681265
0.0015950098694
0.00152863248955
0.00149373554631
0.00183348522904
0.00222252729309
0.00225013807921
0.00149373554631
0.00125628995688
0.0019531336124
0.00122139301363
0.00305813484925
0.00118649607039
0.0029987868003
0.000872423581167
0.00111670218389
0.00108180524065
0.00191823666915
0.00101201135415
0.00115159912714
0.00191823666915
0.000907320524414
0.00094221746766
0.00170885500967
0.00163906112318
0.00174375195292
0.00177864889616
0.00108180524065
0.00101201135415
0.00108180524065
0.000663041921687
0.000663041921687
0.000767732751427
0.00041876331896
0.000453660262207
0.00190566585197
0.0020801505682
0.00183587196548
0.00194056279522
0.00199065960747
0.00187076890872
0.00180888873411
0.00180888873411
0.00222252729309
0.00222252729309
0.00173118113574
0.00225742423634
0.00244493893636
0.00112956624483
0.00194056279522
0.00194056279522
0.00180097502223
0.00187076890872
0.00233843443908
0.00201314563361
0.00169628419249
0.00204525362496
0.00160129527799
0.00194874300722
0.00204028876506
6.97938864934e-05
0.000262170497481
0.000174484716233
0.000366861327221
0.00020938165948
0.000283500711952
0.00114438324615
0.00121590719904
0.0009298113875
0.00114438324615
0.00128743115192
0.00121590719904
0.00128743115192
0.0011801452226
0.00114438324615
0.00125166917548
0.00103709731683
0.00107285929327
0.0011801452226
0.00110862126971
0.00110862126971
0.00121590719904
0.0011801452226
0.00107285929327
0.0011801452226
0.00125166917548
0.000965573363943
0.00114438324615
0.0011801452226
0.00128743115192
0.000965573363943
0.0011801452226
0.00132319312837
0.000894049411058
0.00107285929327
0.00125166917548
0.00128743115192
0.000393381740866
0.00046490569375
0.000572191623077
0.000715239528847
0.000786763481731
0.000679477552404
0.00103709731683
0.000822525458173
0.000679477552404
0.0009298113875
0.000965573363943
0.000679477552404
0.000429143717308
0.000965573363943
0.000500667670193
0.000357619764423
0.0009298113875
0.0009298113875
0.0009298113875
0.000250333835096
0.000429143717308
0.0009298113875
0.0009298113875
0.000858287434616
0.000858287434616
0.0009298113875
0.000393381740866
0.000429143717308
0.000393381740866
0.000500667670193
0.000429143717308
0.000107285929327
0.00101020617467
0.000786763481731
0.001117492104
0.00110862126971
0.000965573363943
0.000965573363943
0.001117492104
0.00114438324615
0.00108173012756
0.000965573363943
0.0009298113875
0.000786763481731
0.000786763481731
0.000178809882212
0.000357619764423
0.000214571858654
0.000321857787981
0.000321857787981
7.15239528847e-05
3.57619764423e-05
7.15239528847e-05
3.57619764423e-05
0.000286095811539
0.000250333835096
0.000250333835096
0.000250333835096
0.000286095811539
0.000250333835096
0.000286095811539
0.000143047905769
0.000178809882212
0.000143047905769
0.000250333835096
0.000393381740866
0.000500667670193
0.000214571858654
0.000286095811539
0.000286095811539
0.000393381740866
0.000286095811539
0.00068834838669
0.00068834838669
0.000652586410247
0.000724110363132
0.000720058999508
0.000616824433805
0.000652586410247
0.000581062457363
0.00054530048092
0.00054530048092
0.000178809882212
0.000250333835096
0.000250333835096
0.000357619764423
0.000357619764423
0.000357619764423
0.000321857787981
0.000107285929327
0.000178809882212
0.000250333835096
0.000286095811539
0.000321857787981
0.000321857787981
0.000214571858654
0.000393381740866
0.000321857787981
0.000286095811539
0.000357619764423
0.000321857787981
0.000321857787981
0.000286095811539
0.000250333835096
0.000214571858654
0.000286095811539
0.000250333835096
0.000286095811539
0.000143047905769
0.000250333835096
0.000178809882212
0.000143047905769
0.000107285929327
0.000548478323289
0.000585043544841
0.000511913101736
0.000585043544841
0.000548478323289
0.000548478323289
0.000438782658631
0.000511913101736
0.000621608766394
0.000621608766394
0.000621608766394
0.000511913101736
0.000585043544841
0.000548478323289
0.00131634797589
0.00120665231123
0.00124321753279
0.00109695664658
0.000987260981919
0.00124321753279
0.00109695664658
0.00109695664658
0.00117008708968
0.000475347880183
0.00106039142502
0.00102382620347
0.00113352186813
0.000877565317262
0.00142604364055
0.00109695664658
0.000585043544841
0.000987260981919
0.000585043544841
0.000585043544841
0.000877565317262
0.00106039142502
0.00117008708968
0.000585043544841
0.00127978275434
0.00131634797589
0.000511913101736
0.000475347880183
0.000841000095709
0.000804434874157
0.000987260981919
0.00160886974831
0.00142604364055
0.00157230452676
0.000877565317262
0.00131634797589
0.00113352186813
0.00142604364055
0.00120665231123
0.00131634797589
0.001389478419
0.00102382620347
0.000804434874157
0.00102382620347
0.00124321753279
0.00153573930521
0.000841000095709
0.00109695664658
0.00124321753279
0.00142604364055
0.0014626088621
0.000841000095709
0.000767869652604
0.000694739209499
0.000621608766394
0.000731304431051
0.000767869652604
0.000767869652604
0.000621608766394
0.000329086993973
0.000621608766394
0.000182826107763
0.000621608766394
0.000365652215526
0.000621608766394
0.000548478323289
0.000585043544841
0.000511913101736
0.000475347880183
0.000621608766394
0.000511913101736
0.000511913101736
0.000548478323289
0.000511913101736
0.000475347880183
0.000548478323289
0.000548478323289
0.000292521772421
0.000365652215526
0.000548478323289
0.000511913101736
0.000402217437078
0.000548478323289
0.000585043544841
0.000548478323289
0.00014626088621
0.000438782658631
0.000402217437078
0.000365652215526
0.000475347880183
0.000365652215526
0.000329086993973
0.000511913101736
0.000475347880183
0.000219391329315
0.000658173987946
7.31304431051e-05
0.00014626088621
0.000292521772421
0.000475347880183
0.000292521772421
0.000402217437078
0.000475347880183
0.000475347880183
0.000365652215526
0.000329086993973
0.000475347880183
0.000329086993973
0.000402217437078
0.000402217437078
0.000402217437078
0.000475347880183
0.000475347880183
0.000548478323289
0.000475347880183
0.000475347880183
0.000402217437078
0.000511913101736
0.000511913101736
0.00014626088621
0.000182826107763
0.000365652215526
0.00014626088621
0.000877565317262
0.000329086993973
0.000767869652604
0.000438782658631
0.000475347880183
0.000511913101736
0.000950695760367
0.000548478323289
0.000694739209499
0.000950695760367
0.000548478323289
0.000475347880183
0.000511913101736
0.000511913101736
0.000438782658631
0.000329086993973
0.000329086993973
0.000365652215526
0.000255956550868
0.000219391329315
0.000219391329315
0.000219391329315
0.000219391329315
0.000585043544841
0.000804434874157
0.000621608766394
0.000658173987946
0.000804434874157
0.000585043544841
0.000731304431051
0.000658173987946
0.000694739209499
0.00014626088621
0.000292521772421
0.000402217437078
7.31304431051e-05
0.000219391329315
0.000365652215526
0.000292521772421
0.000365652215526
0.000292521772421
0.000365652215526
0.000365652215526
0.000402217437078
0.000292521772421
0.000438782658631
0.000329086993973
0.000365652215526
0.000438782658631
0.00014626088621
0.00014626088621
7.31304431051e-05
0.00503043264485
0.00445767122953
0.0042881580669
0.00470999643533
0.00469459839196
0.00428080754718
0.00451287925831
0.00481791742447
0.00473191330894
0.00237927547416
0.00286117732266
0.00287657536603
0.00339412875258
0.00465728347497
0.00443824942433
0.0052170072298
0.004545338724
0.00257722434065
0.0023906497557
0.00531821611369
0.00500449200941
0.00235333483872
0.00510506247883
0.00263076899048
0.00451287925831
0.0028181752649
0.00391251382859
0.0036601886228
0.00225678813112
0.00514237739582
0.00303887269448
0.00362287370581
0.00500449200941
0.00517969231281
0.0033243543699
0.00265837300487
0.00449498614652
0.00339898420388
0.00517969231281
0.00262105808788
0.00234196055717
0.00514237739582
0.00358555878882
0.00504218764087
0.00522109541663
0.00510506247883
0.00506774756184
0.0052170072298
0.0045501941753
0.0045501941753
0.00389226033392
0.00352882206663
0.00480654314292
0.00362287370581
0.00195826879521
0.00398714366257
0.00380056907763
0.00376325416064
0.00358555878882
0.00506774756184
0.00510506247883
0.00358555878882
0.00420617771321
0.00473191330894
0.00496717709242
0.00496717709242
0.00529330044272
0.00517969231281
0.0048811729769
0.00485523234146
0.00358555878882
0.00524000765735
0.00514237739582
0.00253990942366
0.00250259450667
0.00573220023347
0.00525598552574
0.00573220023347
0.00439607905605
0.00534684509256
0.00591621532499
0.00542716206731
0.00439607905605
0.00560351034964
0.00447070889002
0.00459402792254
0.00466865775651
0.00585589998044
0.00538416000955
0.0047059726735
0.00435876413906
0.00574274282554
0.00383149984991
0.00375687001594
0.00505484458689
0.00387450190768
0.00555699993007
0.00410177675696
0.00375687001594
0.00371386795817
0.00394830005218
0.00413487463712
0.00473926382867
0.00550831073153
0.00382006114337
0.00380383141052
0.00375687001594
0.00548237009609
0.00376741260801
0.00367297441883
0.0034164966012
0.00547099581454
0.00376741260801
0.00349521462201
0.00376741260801
0.00373009769102
0.00417218955411
0.00418356383566
0.00414624891867
0.00283185133986
0.00284258720694
0.0033868484934
0.0025592726394
0.00294788427766
0.00267172695483
0.00303375954318
0.00332704271332
0.00308998670089
0.00274520880987
0.00270054337316
0.00285549018189
0.00270789389288
0.00249454698302
0.00231601992173
0.00294718143819
0.0022333425641
0.00285715356084
0.00229493473758
0.00267057897589
0.00194708778867
0.00285715356084
0.00213366237361
0.00209941651451
0.00224139008775
0.00164856845276
0.00283440499774
0.00265140903516
0.00272603886914
0.00217979791427
0.00270303844158
0.00285229810954
0.00177418927869
0.000410464086877
0.00255377877363
0.000522408837843
0.000559723754832
0.0026284086076
0.00266572352459
0.00270303844158
0.00220657023918
0.000522408837843
0.0026284086076
0.00224388515617
0.000447779003866
0.000522408837843
0.00302506776952
0.00255377877363
0.00161355532919
0.00220657023918
0.00278942327157
0.00287529853709
0.00281498319255
0.00266572352459
0.00217979791427
0.00217979791427
0.00269588119687
0.00255377877363
0.00268680870874
0.00300641322879
0.00288961302653
0.00247914893965
0.00270303844158
0.0026284086076
0.00225021071141
0.00255620358151
0.00230880408755
0.00239640132148
0.0022236316615
0.00218056517874
0.0023267557888
0.00210516808029
0.000410464086877
0.000261204418922
0.00172550008015
0.00029851933591
0.000261204418922
0.00176281499714
0.000410464086877
0.000261204418922
0.000261204418922
0.000223889501933
0.000342159808142
0.000815094033876
0.000557790362318
0.000342159808142
0.000304142051682
0.000519772605858
0.000190088782301
0.000266124295222
0.000228106538762
0.000304142051682
0.000304142051682
0.000304142051682
0.000266124295222
0.000891222211485
0.000815186698565
0.000891222211485
0.000891222211485
0.000663115672724
0.000815186698565
0.000739151185644
0.000663115672724
0.000891222211485
0.000853204455025
0.000646301859824
0.000570266346904
0.000570266346904
0.000608284103364
0.000608284103364
0.000532248590444
0.000570266346904
0.000988461667967
0.000950443911507
0.000912426155046
0.000570266346904
0.000380177564603
0.000684319616285
0.000684319616285
0.000532248590444
0.000684319616285
0.000722337372745
0.000418195321063
0.000380177564603
0.000684319616285
0.000722337372745
0.000456213077523
0.000684319616285
0.000380177564603
0.000342159808142
0.000380177564603
0.000418195321063
0.000380177564603
0.000418195321063
0.000418195321063
0.000418195321063
0.000418195321063
0.000532248590444
0.000380177564603
0.000380177564603
0.000228106538762
0.000228106538762
0.000266124295222
0.000228106538762
0.000798372885666
0.000798372885666
0.000798372885666
0.000798372885666
0.000836390642126
0.000684319616285
0.000266124295222
0.000836390642126
0.000304142051682
0.000798372885666
0.000570266346904
0.000456213077523
0.000304142051682
0.000304142051682
0.000152071025841
0.000304142051682
0.000342159808142
0.000190088782301
0.000266124295222
0.000380177564603
0.000266124295222
0.000266124295222
0.000532248590444
0.000494230833983
0.000494230833983
0.000456213077523
0.000494230833983
0.000456213077523
0.000228106538762
0.000304142051682
0.000304142051682
0.000342159808142
0.000646301859824
0.000608284103364
0.000684319616285
0.000787770913885
0.000608284103364
0.000749753157425
0.000684319616285
0.000646301859824
0.000646301859824
0.000646301859824
0.000532248590444
0.000532248590444
0.000532248590444
0.000532248590444
0.000532248590444
0.000570266346904
0.000190088782301
0.000266124295222
0.000557790362318
3.80177564603e-05
0.000557790362318
0.000595808118779
0.000557790362318
0.000190088782301
3.80177564603e-05
0.000266124295222
0.000407593349282
0.000331557836362
0.000580556284264
0.000369575592822
0.000635699888044
0.000114053269381
0.000114053269381
0.000114053269381
7.60355129205e-05
0.000928302058402
0.0015657019303
0.000889622805968
0.0117696059246
0.000928302058402
0.011423291006
0.00561118585601
0.0017977774449
0.0017977774449
0.00175909819247
0.00175909819247
0.00172041894003
0.0118773683254
0.00175909819247
0.00175909819247
0.0119621030101
0.00223634927509
0.00175909819247
0.0119234237577
0.00175909819247
0.00175909819247
0.000889622805968
0.00175909819247
0.0016817396876
0.00146981159247
0.00831335813231
0.00108301906814
0.00174344665616
0.00112169832057
0.00193684291833
0.0017405663595
0.0104336239386
0.0016245286022
0.00177924561194
0.00979784489935
0.0013924530876
0.00143113234004
0.00849620317687
0.00170188710707
0.00143113234004
0.00143113234004
0.0013924530876
0.0016245286022
0.00837506510088
0.0015084908449
0.0017405663595
0.00843677206945
0.00841374435331
0.00205288067563
0.00197552217077
0.00154717009734
0.00209155992807
0.0013924530876
0.00131509458274
0.0017405663595
0.0017405663595
0.00154717009734
0.00982716226811
0.0084344962083
0.00978848301567
0.0105109824435
0.00181792486437
0.00158584934977
0.0106270202008
0.00170188710707
0.00833638584845
0.008418844672
0.00974980376324
0.00841374435331
0.0104336239386
0.00907450184999
0.00123773607787
0.00911318110242
0.001160377573
0.0012764153303
0.0012764153303
0.00166320785464
0.00911318110242
0.00170188710707
0.00930657736459
0.00911318110242
0.0016245286022
0.00177924561194
0.00166320785464
0.00911318110242
0.00930657736459
0.0017405663595
0.00177924561194
0.00166320785464
0.00930657736459
0.0142449444896
0.0131881636353
0.0140105798209
0.0130664009229
0.0135831132552
0.0166957688081
0.0140418828935
0.0136892650969
0.0118847445053
0.0158702916765
0.015371943845
0.0150273724995
0.0158460694797
0.0135549170803
0.0124447858723
0.0125221443772
0.0149779846685
0.0131881636353
0.0118847445053
0.013601242144
0.0117239827228
0.0132268428877
0.0118847445053
0.0118617167891
0.0136709548376
0.0118460652528
0.0142904696927
0.0118847445053
0.0115671499254
0.0113984684523
0.0149149624448
0.00915186035486
0.00922921885972
0.00926789811216
0.00922921885972
0.00926789811216
0.00891978484026
0.0107649104064
0.00938393586946
0.00930657736459
0.00934525661702
0.00934525661702
0.0015084908449
0.00884242633539
0.00884242633539
0.00895846409269
0.00926789811216
0.0135078509725
0.00895846409269
0.0115633293915
0.0108257181983
0.00880374708296
0.0116020086439
0.00930657736459
0.00922921885972
0.0115633293915
0.0103562654337
0.0135134944052
0.0137511003095
0.0138094577108
0.0101628691716
0.013663948215
0.0102789069289
0.0137257980885
0.00182080516103
0.010201548424
0.0014340126367
0.0016660881513
0.00139533338426
0.00143113234004
0.0013179748794
0.00124061637453
0.0012019371221
0.00161869784717
0.0012019371221
0.0013924530876
0.0013924530876
0.0126068410853
0.011838689073
0.0116922474197
0.0119213674676
0.0137441989995
0.0118460652528
0.0119621030101
0.0118460652528
0.012063311894
0.0118847445053
0.013510084211
0.0119234237577
0.0119621030101
0.0119234237577
0.011282430695
0.000541509534068
0.0013336264157
0.000928302058402
0.000889622805968
0.00137230566813
0.00152702267786
0.00141098492056
0.00129494716326
0.000889622805968
0.001449664173
0.000502830281634
0.000928302058402
0.000928302058402
0.00141098492056
0.000773585048668
0.000618868038935
0.000966981310835
0.00148834342543
0.000580188786501
0.000734905796235
0.000657547291368
0.00148834342543
0.000850943553535
0.000696226543801
0.00953062545746
0.0139604779205
0.0139008071958
0.0134860605843
0.014240209416
0.00940721152033
0.0146375062501
0.0093685322679
0.00195249445463
0.0114086123817
0.0115594010126
0.0114316400979
0.00175909819247
0.00187513594977
0.00164306043516
0.0112437514425
0.0111663929377
0.00141098492056
0.001449664173
0.000425471776767
0.00106287164866
0.00125626791083
0.000668167976715
0.000628863978084
0.000589559979454
0.000628863978084
0.000510951982193
0.000628863978084
0.000589559979454
0.000628863978084
0.000628863978084
0.000550255980824
0.000589559979454
0.000589559979454
0.000628863978084
0.000589559979454
0.000589559979454
0.000589559979454
0.000432343984933
0.000432343984933
0.000314431989042
0.000314431989042
0.000314431989042
0.000314431989042
0.000157215994521
0.000314431989042
0.000117911995891
0.000314431989042
0.000353735987672
0.000510951982193
0.000550255980824
0.000471647983563
0.000746775973975
0.000668167976715
0.000707471975345
0.000668167976715
0.000353735987672
0.000589559979454
0.000353735987672
0.000471647983563
0.000353735987672
0.000393039986303
0.000314431989042
0.000550255980824
0.000393039986303
0.000589559979454
0.000275127990412
0.000314431989042
0.000314431989042
0.000786079972605
0.000707471975345
0.000825383971236
0.000786079972605
0.000707471975345
0.000786079972605
0.000786079972605
0.000707471975345
0.000510951982193
0.000825383971236
0.000786079972605
0.000510951982193
0.000550255980824
0.000864687969866
0.000943295967126
0.000432343984933
0.000510951982193
0.000786079972605
0.000864687969866
0.000786079972605
0.000864687969866
0.000550255980824
0.000825383971236
0.000314431989042
0.000589559979454
0.000550255980824
0.000589559979454
0.000550255980824
0.000746775973975
0.000510951982193
0.000589559979454
0.000589559979454
0.000550255980824
0.000746775973975
0.000353735987672
0.000432343984933
0.000510951982193
0.000589559979454
0.000393039986303
0.000550255980824
0.000314431989042
0.000471647983563
0.000510951982193
0.000314431989042
0.000550255980824
0.000393039986303
0.000393039986303
0.000589559979454
0.000589559979454
0.000196519993151
0.000314431989042
0.000353735987672
0.000510951982193
0.000314431989042
0.000314431989042
0.000510951982193
0.000510951982193
0.000314431989042
0.000275127990412
0.000196519993151
0.000235823991782
0.000628863978084
0.000550255980824
0.000550255980824
0.000117911995891
0.000235823991782
0.000353735987672
0.000235823991782
0.000353735987672
0.000510951982193
0.000471647983563
0.000314431989042
0.000471647983563
0.000432343984933
0.000393039986303
0.000275127990412
0.000196519993151
0.000117911995891
0.000157215994521
0.000471647983563
0.000235823991782
0.000550255980824
0.000471647983563
0.000471647983563
0.000393039986303
0.000353735987672
0.000510951982193
0.000550255980824
0.000550255980824
0.000510951982193
0.000550255980824
0.000550255980824
0.000510951982193
0.000471647983563
0.000275127990412
0.000275127990412
0.000275127990412
0.000314431989042
0.000314431989042
0.000275127990412
0.000275127990412
0.000589559979454
0.000353735987672
0.000314431989042
0.000235823991782
0.000314431989042
0.000353735987672
0.000275127990412
0.000314431989042
0.000353735987672
0.000275127990412
0.000314431989042
0.000353735987672
0.000353735987672
0.000235823991782
0.000235823991782
0.000393039986303
0.000314431989042
0.000393039986303
0.000117911995891
0.000117911995891
0.000117911995891
0.000117911995891
7.86079972605e-05
0.000157215994521
0.000314431989042
0.000314431989042
0.000314431989042
0.000314431989042
0.000117911995891
7.86079972605e-05
0.0092601974918
0.0105196116279
0.0104876397599
0.00965984662413
0.0106179328984
0.00854317223003
0.0146228900935
0.01046627344
0.0105460651669
0.0101220810527
0.0107004837898
0.0106903093517
0.00107718831311
0.00968394437871
0.0012367717669
0.00119687590345
0.0106453262692
0.0152430902475
0.0150783622347
0.0152771313587
0.0165419246212
0.0151254231825
0.0151305896847
0.0103971648731
0.0099392109962
0.00103729244966
0.0106689430318
0.0103897495995
0.00095750072276
0.0150027099603
0.0152358493165
0.0160417878349
0.0143620857159
0.0144751023029
0.0137229290135
0.0144087034197
0.00954015903379
0.00111708417655
0.000997396586209
0.0123445588812
0.0086976632402
0.00095750072276
0.0131209101508
0.0103117905975
0.0129405829799
0.0128286655175
0.0127649414054
0.0129247828349
0.00995018286061
0.0107178059445
0.0109084978906
0.0129660147276
0.0111991490481
0.0109706717747
0.0109985461402
0.0118218050156
0.0110787234899
0.0130950710768
0.0130641447837
0.0108569709728
0.0105419312584
0.0100708529582
0.0140798493034
0.0127613549335
0.0129656144613
0.0129678903225
0.0104792628165
0.0122174165169
0.0130695799206
0.0129222174058
0.0130587347553
0.0130418474139
0.0131169919324
0.0129074888113
0.0128640662865
0.0119692793649
0.0119400666614
0.0120374698008
0.0120559993443
0.0121754805225
0.0121308831382
0.0133454660005
0.0131110976779
0.0120824380606
0.0158405954293
0.0163448267211
0.0163601103044
0.0162150174626
0.0162341609698
0.0163058439147
0.0163001595868
0.0163959666598
0.0160311546569
0.0161987115869
0.010281629042
0.00265751107755
0.00961995076069
0.0121037415913
0.0096384803042
0.012058172175
0.0121009048149
0.0120795384949
0.00985797350858
0.00985648916496
0.00972895519107
0.002697406941
0.00985648916496
0.00962724660025
0.0104417747673
0.00988570186844
0.00977818178169
0.0031442857522
0.00292609896173
0.00288620309828
0.00961492746261
0.00978683005404
0.00962724660025
0.0096384803042
0.00273730280445
0.00972895519107
0.00270809010097
0.0143522646091
0.0122805375333
0.012310250108
0.00907826082259
0.0123394628115
0.00969501198049
0.011465010016
0.00472018750798
0.0051404348505
0.00911815668604
0.00597175526058
0.00191500144552
0.00203468903587
0.00962030747263
0.00163573040138
0.0123422995879
0.00199479317242
0.00863707827014
0.00954051574573
0.00847749481635
0.00943659853438
0.00965511611704
0.00501798809564
0.0122455044832
0.00891634931428
0.00891634931428
0.00507132628357
0.00914787811142
0.0018801151892
0.00192001105265
0.00991534889576
0.00963934573804
0.00500730493567
0.00470165796447
0.00996033197824
0.00895624517773
0.00973999506297
0.00187510558207
0.00971913746494
0.00954051574573
0.00927701508059
0.0122406416699
0.0126770688005
0.0143511641281
0.014338819572
0.0146482967012
0.0108013128799
0.00997886152176
0.00962617289415
0.0108560133446
0.00944913360294
0.00988826770471
0.00992200399934
0.0095075590099
0.00961329148494
0.0108503906288
0.0109226854014
0.00185703663601
0.00180137174987
0.00922292770102
0.00223593142343
0.00218479012844
0.00161019941363
0.00947141805388
0.00222412372031
0.00189077293064
0.00206505170103
0.00166931418483
0.0020026649745
0.0016355778902
0.00149679848476
0.00198689595181
0.00138434416932
0.00168715436411
0.00896537363442
0.00937253451189
0.0122226119975
0.012214765614
0.0096566861156
0.011264004533
0.0127063719661
0.0126038829639
0.0124103344487
0.0100250325671
0.0174477353588
0.0171377108774
0.0160982059617
0.017398094811
0.0151781473115
0.0149416089072
0.0122917205645
0.0157118999696
0.0134244259752
0.0100611518222
0.0137628358527
0.0160304066491
0.0153468877595
0.0096566861156
0.0121827161341
0.00986708751147
0.0111573641943
0.0127551525927
0.0125279948756
0.000638333815173
0.00047875036138
0.000319166907587
0.000398958634483
0.000398958634483
0.000359062771035
0.000319166907587
0.0142020526995
0.00924220643617
0.014166176852
0.00916241470928
0.00931876285263
0.00978434913705
0.00977366597709
0.00874078680869
0.00975624726702
0.00966813099989
0.0118610747989
0.0102251469225
0.00307980099757
0.00103095495112
0.00119687590345
0.00155593867449
0.0013165634938
0.0012367717669
0.00119687590345
0.00171552212828
0.00127666763035
0.0132180644471
0.0151047534143
0.0134696740934
0.0135786785238
0.000997396586209
0.00095750072276
0.00095750072276
0.0148668129275
0.0148494360583
0.014250485667
0.0149634995766
0.0115656798777
0.0151494409742
0.011780420852
0.013433394621
0.0130215481471
0.0129121942875
0.0118349168584
0.0133513029708
0.0129339100367
0.0139774171878
0.0119147085853
0.0140084110206
0.0140201498277
0.0162623014536
0.0135963008672
0.0156932826175
0.0131659248498
0.011785787188
0.0135081767408
0.0159068220905
0.0169368494165
0.0118748127218
0.0140600456911
0.00977422824867
0.0151034428036
0.0161908384086
0.0159893591164
0.016225486404
0.0153515316618
0.0150343342367
0.0158903993188
0.0161104844101
0.0162339204776
0.0150635469402
0.0158141391578
0.0152852330965
0.0152446143124
0.0125198242763
0.0135111819561
0.0148910298838
0.0158690316426
0.0178612374524
0.0177220577807
0.0169377746803
0.0146116812278
0.0150600763592
0.0162832929258
0.0165957539174
0.0148588970155
0.0158124841918
0.0158409726184
0.0158573039127
0.0144171135612
0.0118056821027
0.0111409686935
0.00761842910196
0.00633644990601
0.0135002093943
0.0136221755584
0.00859141922811
0.012284279301
0.0115085731359
0.0115343186736
0.0116120646625
0.011632878205
0.0116704900694
0.0115463819184
0.0109608016649
0.0123013042243
0.0116839337502
0.0116288057171
0.00220107058565
0.00153740913097
0.00182061607615
0.00145649286092
0.00898329850959
0.00786119523176
0.00153740913097
0.00161832540102
0.00182061607615
0.00141603472589
0.0109675813881
0.0108888503977
0.0111576021278
0.0112422668751
0.000242748810153
0.00036412321523
0.000485497620306
0.000404581350255
0.00374215013395
0.0038123564692
0.016216569027
0.0038123564692
0.00378260826898
0.0103174296084
0.0103860745393
0.0105815982881
0.0131569359905
0.00178015794112
0.0102936131678
0.00632658973828
0.0038016465344
0.00795259609533
0.00178015794112
0.00893155807543
0.00831901930668
0.00835066229587
0.00850548848721
0.0084948645443
0.0111545762927
0.00530187855207
0.0104462579581
0.0102239591775
0.0104791666669
0.0111819672295
0.0109903653454
0.0111023296486
0.0111358863787
0.00833484080127
0.0109938688165
0.0103618122777
0.0104801083758
0.00989482500688
0.0109649276517
0.0104068464758
0.00756790007011
0.0119033098867
0.0136256691477
0.0123160925723
0.0109481676543
0.00879092139204
0.00982608670722
0.00948544810599
0.012506340305
0.00950242162702
0.00989488447527
0.0125575083748
0.01254679844
0.0140585338687
0.0124147141002
0.00908063969655
0.0124147141002
0.0125304901302
0.0122542145676
0.0124551722352
0.0133469237971
0.00883707407822
0.0135827168839
0.0107518817262
0.0124160471077
0.00959394245816
0.00921445862432
0.0135682157727
0.0133813836726
0.0136086739077
0.012250839885
0.0101151389333
0.0112052495421
0.0150191441901
0.0136603774743
0.0127788373154
0.0101802337087
0.0101802337087
0.0108327979963
0.0109625007319
0.0100151843978
0.00743041440182
0.0151268877154
0.00980367557448
0.00849449856935
0.00840525396869
0.00681165607072
0.00733083431682
0.00834575756824
0.00854658735492
0.00759582846586
0.00838383409908
0.000485497620306
0.000445039485281
0.009688903768
0.000323665080204
0.00731269471567
0.00721875128986
0.0106171137826
0.00858061588934
0.0104567152308
0.00875305958832
0.00742797290479
0.0101151389333
0.00876320589524
0.00860266939777
0.00853862127503
0.00838196034739
0.00857280867297
0.00864997646584
0.0123147595647
0.0132115721584
0.0139410719984
0.0120722316679
0.0139613801192
0.013806649347
0.0129326905359
0.0121351624711
0.0129527435325
0.0123730683113
0.0121239170395
0.00516443683978
0.00367858496989
0.00517645738529
0.00533654277945
0.00940429379512
0.00937320685305
0.0101610798321
0.0117123596636
0.00750933011595
0.00754981074524
0.00402159650504
0.00446758067018
0.00441585276285
0.00445684639462
0.00477831757818
0.00814904049746
0.00883192333033
0.00465302374837
0.00435167702934
0.0067877502374
0.00421819177835
0.00423771685899
0.00415767306595
0.00414693879039
0.00759591006476
0.00779043596183
0.00400443281445
0.00487523490739
0.00477852527389
0.00455954281907
0.00466375802394
0.00466375802394
0.00329607583194
0.00180371979769
0.00277201919614
0.00176272616592
0.00184471342946
0.00539689967943
0.00172173253416
0.00799733748222
0.00757915370709
0.00274175983994
0.00253679168111
0.00797221190999
0.00172173253416
0.00296430960891
0.00180371979769
0.00765919750013
0.00857306546177
0.00702522778275
0.00877221398682
0.00706108763055
0.00791955058739
0.00707182190612
0.00747523118479
0.00871834030215
0.00673998591101
0.00878816636445
0.00698423415099
0.0104572240974
0.00862609677567
0.00787264990419
0.00788338417976
0.00871803670038
0.00839323351139
0.00851741990088
0.00875806472527
0.00884856155777
0.00783531329354
0.00877702194485
0.00865332758672
0.00842631075897
0.00894701774376
0.00850844591357
0.00777402131367
0.00621236262982
0.00891042220896
0.00856561106514
0.00874604912582
0.00895602230216
0.00844880162206
0.00854248566848
0.00796311454508
0.00828375642488
0.00840868079066
0.0088487860888
0.00842715298825
0.00871752554441
0.00839341669362
0.00862243975457
0.00902265266214
0.00847993377863
0.00707991608368
0.00844165769508
0.00433386549932
0.00431376959956
0.00364630104408
0.00433386549932
0.00429287186756
0.00436600866286
0.0042198180528
0.00489275132405
0.00498547286315
0.00524483664033
0.00490348559961
0.00443303056955
0.00336321882694
0.00460510614207
0.00454527718929
0.00523706814721
0.00682017611608
0.00497473858758
0.00558710020968
0.00498625986638
0.00494526623461
0.0069100990299
0.00614965679128
0.00610866315952
0.00474403173685
0.00158421393016
0.00154322029839
0.00102484079414
0.00458005720979
0.00355955632849
0.00279653164871
0.00449863632828
0.00283752528047
0.0048302991086
0.00127080258474
0.0013117962165
0.0013117962165
0.00360054996026
0.00170719482545
0.0011888153212
0.00476355681749
0.00473329746129
0.00127080258474
0.00122980895297
0.00462105084155
0.00445707631449
0.00154322029839
0.00106583442591
0.00166620119369
0.00110682805767
0.00114782168944
0.00162520756192
0.00122980895297
0.00162520756192
0.00602667589599
0.00499110635662
0.00587936735087
0.00522490694598
0.00635423111411
0.00586270136892
0.00631323748234
0.00582170773716
0.00561673957833
0.00569872684186
0.0056577332101
0.00102484079414
0.00102484079414
0.00106583442591
0.00106583442591
0.00102484079414
0.00102484079414
0.00102484079414
0.00102484079414
0.00102484079414
0.00102484079414
0.00122980895297
0.00102484079414
0.00106583442591
0.00127080258474
0.00102484079414
0.00102484079414
0.00102484079414
0.00530210752391
0.00549757141484
0.00485627835658
0.00522919835918
0.000655898108251
0.000573910844719
0.000860866267079
0.000409936317657
0.000778879003548
0.000819872635314
0.000901859898845
0.000942853530611
0.000901859898845
0.000737885371782
0.000532917212954
0.000614904476485
0.0012036388446
0.000871600542643
0.000622571816174
0.00128664842009
0.00132815320784
0.00107912448137
0.000954610118133
0.0032591024862
0.00328985077421
0.00344511342545
0.00437060448809
0.00124514363235
0.00132815320784
0.00112062926911
0.00409539110722
0.000830095754898
0.00627553316967
0.00663929762325
0.0062007810191
0.00625353123839
0.00632779445715
0.00662805219171
0.00644155232065
0.00652553975975
0.00621202645064
0.00632779445715
0.0061705216629
0.00610701494387
0.000415047877449
0.00605475365639
0.00599124693737
0.00593849671808
0.00583348521131
0.00024902872647
0.000332038301959
0.00842225222372
0.00879735019527
0.00449511885132
0.00402313803147
0.00401390274294
0.00406931447414
0.00405540753068
0.00341284392624
0.00408615581869
0.00411081926188
0.00448131992918
0.00327909427447
0.00464310275152
0.00468460753926
0.00443981514143
0.00141116278333
0.00474729802151
0.00331907785101
0.00318532819924
0.00323758948672
0.00442433338125
0.00341284392624
0.00311307512349
0.00428080509336
0.00421680944252
0.0021999697931
0.00445432065852
0.00443525150782
0.00433225014406
0.00384136423112
0.00427607821239
0.00402786410218
0.00523030823029
0.00475691422054
0.00433225014406
0.00463239985731
0.00429074535632
0.00494987903665
0.00544027682804
0.00470465293306
0.00420909455493
0.00564774635098
0.00564774635098
0.00332787862352
0.00453977408279
0.00475691422054
0.00449826929504
0.004745668789
0.00484915908456
0.00477989401543
0.00289023105142
0.00298247591544
0.00473686801648
0.00297324062691
0.00414455636677
0.00410305157903
0.00405030135974
0.00561172783442
0.00571722827299
0.00305728329205
0.00351361829411
0.00349129067838
0.00295172762743
0.00298247591544
0.00252744446145
0.00255808472815
0.00235056078942
0.00259366872869
0.00268710911947
0.00218454163844
0.00218454163844
0.00128664842009
0.00141116278333
0.0012036388446
0.00149417235882
0.0037157631727
0.00141116278333
0.00149417235882
0.00116213405686
0.00128664842009
0.00124514363235
0.00116213405686
0.00400075681021
0.00342522965849
0.00346673444623
0.00338372487074
0.00330071529525
0.00352051775518
0.00317620093202
0.000788590967154
0.00230704666893
0.00198429807129
0.0018057299407
0.0016377550625
0.0018897173798
0.00130180530609
0.00159576134294
0.00113383042788
0.00117582414743
0.00151177390384
0.00113383042788
0.0018897173798
0.00184772366025
0.00113383042788
0.0018897173798
0.00184772366025
0.0018897173798
0.00184772366025
0.0017217425016
0.00117582414743
0.0018897173798
0.00176373622115
0.0018057299407
0.0017217425016
0.00117582414743
0.00113383042788
0.00113383042788
0.00113383042788
0.00155376762339
0.00117582414743
0.00113383042788
0.00121781786698
0.00155376762339
0.00209968597756
0.0019737048189
0.00193171109935
0.00146978018429
0.00155376762339
0.0016377550625
0.000461930915063
0.000419937195512
0.000965855549677
0.000965855549677
0.00100784926923
0.00104984298878
0.000755886951921
0.000881868110574
0.000797880671472
0.00037794347596
0.000293956036858
0.000629905793267
0.000461930915063
0.000335949756409
0.000755886951921
0.000839874391023
0.000671899512819
0.000545918354165
0.00134379902564
0.00142778646474
0.000839874391023
0.000965855549677
0.000839874391023
0.00176373622115
0.000839874391023
0.000587912073716
0.00134379902564
0.000839874391023
0.00117582414743
0.00201569853846
0.000881868110574
0.0016377550625
0.000923861830126
0.00113383042788
0.0019737048189
0.00201569853846
0.00167974878205
0.00071389323237
0.000923861830126
0.000587912073716
0.000839874391023
0.00142778646474
0.000629905793267
0.0018057299407
0.00071389323237
8.39874391023e-05
8.39874391023e-05
8.39874391023e-05
0.00100784926923
0.000923861830126
0.00109183670833
0.00109183670833
0.00100784926923
0.00104984298878
0.00100784926923
0.00104984298878
0.00104984298878
0.00100784926923
0.000881868110574
0.0016377550625
0.0017217425016
0.00071389323237
0.000881868110574
0.000755886951921
0.000923861830126
0.00109183670833
0.00113383042788
0.000965855549677
0.000839874391023
0.000839874391023
0.000839874391023
0.00104984298878
0.000839874391023
0.000167974878205
0.000419937195512
0.00167974878205
0.00138579274519
0.000167974878205
0.000167974878205
0.000251962317307
0.000251962317307
0.00117582414743
0.000923861830126
0.000125981158653
0.000881868110574
0.000839874391023
0.000797880671472
0.000755886951921
0.00071389323237
0.000629905793267
0.000671899512819
0.00466886963468
0.00465717438587
0.0047301333348
0.00419908095683
0.00481613228123
0.0049331733218
0.00500775208318
0.00476359456567
0.00525974065382
0.0046154322846
0.00479346666463
0.00516429084181
0.00470971210143
0.0048363787611
0.00463630333524
0.00543390378355
0.0046890158043
0.00462568247446
0.00497429085231
0.00578799852106
0.00418738570803
0.00557757729818
0.00451926229466
0.00503717436488
0.00488891647665
0.0048363787611
0.00461588210187
0.00510095751198
0.00570379414059
0.00501558313632
0.00485724981173
0.00522762417164
0.00447652495171
0.00407565157052
0.00552935359556
0.00547178168915
0.00458421543695
0.00534511502948
0.0039590603472
0.00516815503748
0.0040439849056
0.0040439849056
0.0042289483527
0.00435903409387
0.00446527952016
0.00395330832996
0.00101909470077
0.00302777091654
0.00427231496951
0.00273125514008
0.00255133058693
0.00438018020826
0.00292197530751
0.00344015773839
0.0022332235819
0.00391659806801
0.00442264248746
0.00374674895121
0.00446555458392
0.00352877644205
0.00389915080196
0.0022756858611
0.00383167350961
0.00284784636339
0.00368341562138
0.00311269547494
0.00354595334743
0.00356044310696
0.00431522706598
0.00425027392369
0.00413323288311
0.00239227708442
0.00280538408419
0.00347182440331
0.00357762001234
0.00387413578881
0.00265712619596
0.00258299725185
0.000976632421572
0.000976632421572
0.000976632421572
0.000976632421572
0.00101909470077
0.000934170142374
0.000976632421572
0.000934170142374
0.00101909470077
0.000976632421572
0.000976632421572
0.000976632421572
0.000934170142374
0.000679396467181
0.000509547350386
0.000764321025578
0.000552009629584
0.000806783304777
0.000849245583976
0.00072185874638
0.000382160512789
0.000891707863175
0.000934170142374
0.000467085071187
0.00605932217932
0.00235836603628
0.00470296013941
0.00185897797168
0.00185897797168
0.00581534411841
0.00547519606756
0.00691891356032
0.00669472745892
0.00694896041278
0.00634837287048
0.00688562708295
0.00662932449937
0.00644616032132
0.00665181536246
0.00657561678863
0.00699070251405
0.00695013040797
0.00693933479369
0.00640369804212
0.0063391947171
0.00654278012853
0.00675554369333
0.00642205199733
0.00652991723608
0.00663733265756
0.00634792305321
0.00707427997221
0.00693753787619
0.00615720053424
0.00709470120558
0.00707383015495
0.00651867180453
0.00682049683561
0.00699142269198
0.00702174225666
0.00708507558649
0.00665937370339
0.00676516696087
0.00706303454067
0.0066910403683
0.00708507558649
0.00698089978991
0.00686340893207
0.00676678912487
0.0070329876882
0.00601883392267
0.00711629243415
0.00707383015495
0.00715803453542
0.00725303453017
0.0062425749099
0.00706303454067
0.00715803453542
0.00728470119509
0.0071263678705
0.00713716348478
0.00709470120558
0.00703136787575
0.00709470120558
0.00686637584476
0.00687762127631
0.00726383014445
0.00626461830727
0.00623250182509
0.00572097339752
0.00586257728244
0.00579555215889
0.00605095510794
0.00612670621606
0.00590224740245
0.00596837289147
0.0060317062213
0.00535239360356
0.00687501092526
0.00716766015451
0.00733723891064
0.00706231436274
0.00730557224572
0.00702281899623
0.00651399182377
0.00618625919966
0.0066879802
0.00579132434694
0.0066783545809
0.00686034876377
0.00634648269736
0.00576883348385
0.00553520121996
0.00647431935222
0.00616493833176
0.00614199765141
0.00687204401257
0.0059733185298
0.00174238674837
0.00355711257799
0.0034675989429
0.00349926560782
0.00348846999354
0.00301274984186
0.00245003550206
0.00278991319225
0.00267287215167
0.00227928675074
0.00241674902469
0.00227928675074
0.00215306990833
0.00207894096422
0.00161401642682
0.000686593543369
0.0067268439411
0.00171648385842
0.00158774756904
0.00218851691949
0.00664137866137
0.00214560482303
0.00214560482303
0.00218851691949
0.00214560482303
0.00227434111241
0.00214560482303
0.00214560482303
0.00223142901595
0.00218851691949
0.00214560482303
0.00205978063011
0.00248890159471
0.00244598949825
0.00257472578763
0.00231725320887
0.00248890159471
0.00244598949825
0.00240307740179
0.00248890159471
0.00257472578763
0.00253181369117
0.00261763788409
0.00257472578763
0.00257472578763
0.00257472578763
0.00253181369117
0.00253181369117
0.00248890159471
0.00244598949825
0.00240307740179
0.00253181369117
0.00253181369117
0.00197395643718
0.00214560482303
0.00218851691949
0.00171648385842
0.00188813224426
0.00154483547258
0.000557857253987
0.00081532983275
0.000514945157526
0.000600769350448
0.000986978218592
0.00124445079736
0.00111571450797
0.000600769350448
0.0012015387009
0.000386208868145
0.000300384675224
0.00107235259425
0.000643681446908
0.00081532983275
0.00077241773629
0.000514945157526
0.000472033061066
0.000600769350448
0.000901154025671
0.000557857253987
0.000858241929211
3.37362946303e-05
0.000112454315434
0.000123699746978
7.8718020804e-05
5.62271577172e-05
1.12454315434e-05
0.000118077031206
6.74725892606e-05
5.06044419455e-05
0.000219285915097
6.74725892606e-05
1.68681473152e-05
1.68681473152e-05
0.000103083122481
4.12332489926e-05
8.24664979852e-05
0.000144316371474
0.00016493299597
6.18498734889e-05
2.06166244963e-05
2.06166244963e-05
9.37119295286e-05
0.000654296691969
0.000654296691969
2.34279823822e-05
2.34279823822e-05
0.000231093618218
0.000231093618218
7.70312060725e-05
0.000102708274763
0.000205416549527
0.000256770686908
0.000102708274763
7.70312060725e-05
2.56770686908e-05
0.00019285915097
0.00019285915097
8.26539218443e-05
0.000247961765533
0.000217679424877
8.26539218443e-05
2.75513072814e-05
5.51026145628e-05
0.000110205229126
0.000272782039439
0.000110205229126
0.00061231374754
0.000174946785011
0.00014578898751
0.000379051367525
0.000320735772521
0.000204104582513
0.00014578898751
0.00014578898751
0.00014578898751
8.74733925057e-05
2.91577975019e-05
0.000275071288004
0.000213944335114
0.000633564043179
0.000859231294429
0.000183380858669
0.000275071288004
9.16904293345e-05
6.11269528897e-05
0.000183380858669
0.000451334502501
0.000213944335114
0.000152817382224
0.000225667251251
0.000190877813031
0.000604446407932
0.000477194532578
0.000699885314448
0.00022269078187
0.00022269078187
3.18129688386e-05
0.000127251875354
0.000428040394304
0.000159064844193
0.000190877813031
0.000397677729137
0.000164687559964
0.000329375119929
0.000362312631922
0.000362312631922
0.000296437607936
0.000362312631922
0.000461125167901
0.000559937703879
0.00264449638388
0.000362312631922
6.58750239858e-05
0.000263500095943
0.00023056258395
0.000329375119929
0.000329375119929
0.000428187655908
6.58750239858e-05
0.00289424070447
0.000713156302979
0.00142631260596
0.000305638415563
0.000305638415563
0.000101879471854
0.000339598239514
6.79196479028e-05
0.000203758943708
0.000169799119757
0.00138796401799
0.00129118690013
0.00215081432484
0.00225013807921
0.00222252729309
6.97938864934e-05
0.000331964383975
0.0011801452226
0.000500667670193
0.000500667670193
0.000786763481731
3.57619764423e-05
7.15239528847e-05
7.15239528847e-05
0.000286095811539
0.000214571858654
0.000286095811539
0.000509538504478
0.000321857787981
0.000321857787981
0.000214571858654
0.000178809882212
0.00106039142502
0.00120665231123
0.000475347880183
0.000255956550868
0.000438782658631
0.00014626088621
0.000365652215526
0.000329086993973
0.000182826107763
0.000548478323289
0.000255956550868
0.000182826107763
0.000182826107763
0.000365652215526
7.31304431051e-05
0.00354824387183
0.00224388515617
0.00294801312766
0.000373149169888
0.000335834252899
0.000519772605858
0.000304142051682
0.00100904154269
0.000380177564603
0.000228106538762
0.000722337372745
0.000456213077523
0.000595808118779
0.000331557836362
7.60355129205e-05
0.00152702267786
0.00177924561194
0.0132655221401
0.00907450184999
0.00127929562696
0.000928302058402
0.00995609723423
0.000393039986303
0.000432343984933
0.000432343984933
0.000903991968496
0.000550255980824
0.000432343984933
0.000314431989042
0.000589559979454
0.000117911995891
0.000432343984933
0.000275127990412
0.000275127990412
0.000117911995891
0.0091804057649
0.0109102095609
0.0131219490677
0.00984580600499
0.000359062771035
0.00400112585164
0.0135171476675
0.00995390928776
0.00643477117642
0.00962379603209
0.00423771685899
0.00170719482545
0.00102484079414
0.000696891740016
0.00410614760696
0.00458013856982
0.00278570847645
0.0016377550625
8.39874391023e-05
0.00125981158653
0.00113383042788
0.000125981158653
0.00109183670833
0.000839874391023
4.19937195512e-05
0.000209968597756
8.39874391023e-05
0.00450864143388
0.00302777091654
0.000636934187982
0.00263284076692
0.00253181369117
0.00137318708674
0.000986978218592
