0.000843407365757661
0.00281135788585887
0.00168681473151532
0.00196795052010121
0.00196795052010121
0.00281135788585887
0.00309249367444476
0.00309249367444476
0.00309249367444476
0.00337362946303064
0.00196795052010121
0.00196795052010121
0.00253022209727298
0.0022490863086871
0.00309249367444476
0.00140567894292943
0.00168681473151532
0.00140567894292943
0.00140567894292943
0.00168681473151532
0.00309249367444476
0.000281135788585887
0.000843407365757661
0.00112454315434355
0.00196795052010121
0.000843407365757661
0.00112454315434355
0.000843407365757661
0.00196795052010121
0.00365476525161653
0.00112454315434355
0.0022490863086871
0.00337362946303064
0.00112454315434355
0.00337362946303064
0.00112454315434355
0.00196795052010121
0.00309249367444476
0.00281135788585887
0.0022490863086871
0.000843407365757661
0.000281135788585887
0.000281135788585887
0.000843407365757661
0.00365476525161653
0.00253022209727298
0.00337362946303064
0.00337362946303064
0.00140567894292943
0.00337362946303064
0.00309249367444476
0.00337362946303064
0.000562271577171774
0.00112454315434355
0.00112454315434355
0.000562271577171774
0.00196795052010121
0.00253022209727298
0.000843407365757661
0.000562271577171774
0.00140567894292943
0.00140567894292943
0.000562271577171774
0.00112454315434355
0.000843407365757661
0.00196795052010121
0.0022490863086871
0.000843407365757661
0.00196795052010121
0.00196795052010121
0.00112454315434355
0.0022490863086871
0.00253022209727298
0.000843407365757661
0.000281135788585887
0.000562271577171774
0.000843407365757661
0.000843407365757661
0.000843407365757661
0.000843407365757661
0.00168681473151532
0.00168681473151532
0.00168681473151532
0.000843407365757661
0.00112454315434355
0.00253022209727298
0.00253022209727298
0.00253022209727298
0.0022490863086871
0.000281135788585887
0.00253022209727298
0.00112454315434355
0.00196795052010121
0.00168681473151532
0.00196795052010121
0.00168681473151532
0.00140567894292943
0.000562271577171774
0.00112454315434355
0.00618498734888951
0.00590385156030363
0.00618498734888951
0.00449817261737419
0.00477930840596008
0.000843407365757661
0.00618498734888951
0.000281135788585887
0.00590385156030363
0.0064661231374754
0.00843407365757661
0.00674725892606129
0.00787180208040484
0.00590385156030363
0.0112454315434355
0.00590385156030363
0.00477930840596008
0.00562271577171774
0.00449817261737419
0.00168681473151532
0.00702839471464717
0.00618498734888951
0.000843407365757661
0.000281135788585887
0.0087152094461625
0.00534157998313185
0.0064661231374754
0.00590385156030363
0.00477930840596008
0.00477930840596008
0.00534157998313185
0.00196795052010121
0.00759066629181895
0.00534157998313185
0.00730953050323306
0.00674725892606129
0.00590385156030363
0.0064661231374754
0.00534157998313185
0.0064661231374754
0.00983975260050604
0.00759066629181895
0.0087152094461625
0.00253022209727298
0.00253022209727298
0.00253022209727298
0.00253022209727298
0.000843407365757661
0.00112454315434355
0.00253022209727298
0.00253022209727298
0.0022490863086871
0.00281135788585887
0.00168681473151532
0.00196795052010121
0.00253022209727298
0.00281135788585887
0.00253022209727298
0.00112454315434355
0.00253022209727298
0.00253022209727298
0.0022490863086871
0.000843407365757661
0.00112454315434355
0.00112454315434355
0.0022490863086871
0.0022490863086871
0.00140567894292943
0.0022490863086871
0.00196795052010121
0.00140567894292943
0.00253022209727298
0.000843407365757661
0.000281135788585887
0.00168681473151532
0.00168681473151532
0.00168681473151532
0.00196795052010121
0.00168681473151532
0.00253022209727298
0.00253022209727298
0.00253022209727298
0.00253022209727298
0.00253022209727298
0.00281135788585887
0.0022490863086871
0.000843407365757661
0.00140567894292943
0.000562271577171774
0.000562271577171774
0.00112454315434355
0.00112454315434355
0.00112454315434355
0.00196795052010121
0.00196795052010121
0.00168681473151532
0.000843407365757661
0.00253022209727298
0.00253022209727298
0.00196795052010121
0.00196795052010121
0.000843407365757661
0.00168681473151532
0.00590385156030363
0.00196795052010121
0.00281135788585887
0.00112454315434355
0.000843407365757661
0.00365476525161653
0.000281135788585887
0.0022490863086871
0.00112454315434355
0.000843407365757661
0.00168681473151532
0.000562271577171774
0.00112454315434355
0.00168681473151532
0.0022490863086871
0.000843407365757661
0.000843407365757661
0.00112454315434355
0.00168681473151532
0.00309249367444476
0.00534157998313185
0.00168681473151532
0.00168681473151532
0.00196795052010121
0.00112454315434355
0.00506044419454597
0.00112454315434355
0.000843407365757661
0.00196795052010121
0.00562271577171774
0.00506044419454597
0.00534157998313185
0.00253022209727298
0.0022490863086871
0.0022490863086871
0.00196795052010121
0.00140567894292943
0.00534157998313185
0.00253022209727298
0.00168681473151532
0.00112454315434355
0.0022490863086871
0.0042170368287883
0.00590385156030363
0.00253022209727298
0.00449817261737419
0.00168681473151532
0.00140567894292943
0.00112454315434355
0.00140567894292943
0.00506044419454597
0.00534157998313185
0.0042170368287883
0.0022490863086871
0.00562271577171774
0.0042170368287883
0.00534157998313185
0.00253022209727298
0.00140567894292943
0.00281135788585887
0.00309249367444476
0.00253022209727298
0.00196795052010121
0.00253022209727298
0.000843407365757661
0.00253022209727298
0.00477930840596008
0.00140567894292943
0.00253022209727298
0.0022490863086871
0.00590385156030363
0.00168681473151532
0.00140567894292943
0.00365476525161653
0.00309249367444476
0.00365476525161653
0.00365476525161653
0.00196795052010121
0.00309249367444476
0.00365476525161653
0.000562271577171774
0.00140567894292943
0.00140567894292943
0.00393590104020242
0.00112454315434355
0.0022490863086871
0.00140567894292943
0.000843407365757661
0.0022490863086871
0.00253022209727298
0.00365476525161653
0.00365476525161653
0.00140567894292943
0.00365476525161653
0.00196795052010121
0.00168681473151532
0.00140567894292943
0.00168681473151532
0.00112454315434355
0.00337362946303064
0.0042170368287883
0.00590385156030363
0.00112454315434355
0.00393590104020242
0.0042170368287883
0.0064661231374754
0.00196795052010121
0.00253022209727298
0.00393590104020242
0.0042170368287883
0.0064661231374754
0.00196795052010121
0.00365476525161653
0.00309249367444476
0.00393590104020242
0.0042170368287883
0.0042170368287883
0.00168681473151532
0.00140567894292943
0.00112454315434355
0.00112454315434355
0.00196795052010121
0.00253022209727298
0.00281135788585887
0.00365476525161653
0.00337362946303064
0.00337362946303064
0.00365476525161653
0.00140567894292943
0.00140567894292943
0.00168681473151532
0.00590385156030363
0.00534157998313185
0.00590385156030363
0.00618498734888951
0.00393590104020242
0.00618498734888951
0.00449817261737419
0.00618498734888951
0.00506044419454597
0.00590385156030363
0.00365476525161653
0.00534157998313185
0.00309249367444476
0.00449817261737419
0.0042170368287883
0.00393590104020242
0.00140567894292943
0.00309249367444476
0.00309249367444476
0.00309249367444476
0.000281135788585887
0.000843407365757661
0.00253022209727298
0.00196795052010121
0.00393590104020242
0.00955861681192016
0.00449817261737419
0.00168681473151532
0.0042170368287883
0.00196795052010121
0.00196795052010121
0.00702839471464717
0.00365476525161653
0.00253022209727298
0.00730953050323306
0.0042170368287883
0.00730953050323306
0.00253022209727298
0.000843407365757661
0.000562271577171774
0.00393590104020242
0.00337362946303064
0.00674725892606129
0.00168681473151532
0.00168681473151532
0.0042170368287883
0.00674725892606129
0.00393590104020242
0.0064661231374754
0.00196795052010121
0.00168681473151532
0.0022490863086871
0.00112454315434355
0.00196795052010121
0.0022490863086871
0.00309249367444476
0.00168681473151532
0.00196795052010121
0.00196795052010121
0.00618498734888951
0.00759066629181895
0.00253022209727298
0.00196795052010121
0.0022490863086871
0.00168681473151532
0.00196795052010121
0.00168681473151532
0.00562271577171774
0.00393590104020242
0.00562271577171774
0.00730953050323306
0.00730953050323306
0.00618498734888951
0.0022490863086871
0.00112454315434355
0.00196795052010121
0.0022490863086871
0.0022490863086871
0.00674725892606129
0.00674725892606129
0.00562271577171774
0.00140567894292943
0.00618498734888951
0.00281135788585887
0.0042170368287883
0.00702839471464717
0.0064661231374754
0.00702839471464717
0.00253022209727298
0.00702839471464717
0.0042170368287883
0.00196795052010121
0.00337362946303064
0.00337362946303064
0.00140567894292943
0.000562271577171774
0.000843407365757661
0.000562271577171774
0.00477930840596008
0.00393590104020242
0.00393590104020242
0.00365476525161653
0.00590385156030363
0.00506044419454597
0.00590385156030363
0.00393590104020242
0.00506044419454597
0.0042170368287883
0.00393590104020242
0.00702839471464717
0.00702839471464717
0.00674725892606129
0.0022490863086871
0.00674725892606129
0.00112454315434355
0.00140567894292943
0.00253022209727298
0.00112454315434355
0.00112454315434355
0.00168681473151532
0.00534157998313185
0.0042170368287883
0.00449817261737419
0.00618498734888951
0.00196795052010121
0.00618498734888951
0.0042170368287883
0.00196795052010121
0.000281135788585887
0.00702839471464717
0.0042170368287883
0.00112454315434355
0.00534157998313185
0.00787180208040484
0.00196795052010121
0.00449817261737419
0.0022490863086871
0.00759066629181895
0.00702839471464717
0.00140567894292943
0.00168681473151532
0.00702839471464717
0.00196795052010121
0.00168681473151532
0.00759066629181895
0.00730953050323306
0.00196795052010121
0.0022490863086871
0.00393590104020242
0.00759066629181895
0.00196795052010121
0.00309249367444476
0.00196795052010121
0.00112454315434355
0.00702839471464717
0.00787180208040484
0.0042170368287883
0.00702839471464717
0.00140567894292943
0.00730953050323306
0.00730953050323306
0.000562271577171774
0.00253022209727298
0.000843407365757661
0.00112454315434355
0.00534157998313185
0.000843407365757661
0.00730953050323306
0.00759066629181895
0.00253022209727298
0.00309249367444476
0.00702839471464717
0.00196795052010121
0.00281135788585887
0.00168681473151532
0.00759066629181895
0.000843407365757661
0.00168681473151532
0.00196795052010121
0.00140567894292943
0.0042170368287883
0.00337362946303064
0.00140567894292943
0.0022490863086871
0.00590385156030363
0.00506044419454597
0.00674725892606129
0.00759066629181895
0.00168681473151532
0.00843407365757661
0.00787180208040484
0.00477930840596008
0.00702839471464717
0.00196795052010121
0.0022490863086871
0.00196795052010121
0.00253022209727298
0.00281135788585887
0.0022490863086871
0.00196795052010121
0.00196795052010121
0.0042170368287883
0.00337362946303064
0.00449817261737419
0.00196795052010121
0.0042170368287883
0.00196795052010121
0.00140567894292943
0.0022490863086871
0.00309249367444476
0.00449817261737419
0.0022490863086871
0.0022490863086871
0.00253022209727298
0.00112454315434355
0.00140567894292943
0.00281135788585887
0.00309249367444476
0.00309249367444476
0.00253022209727298
0.00309249367444476
0.00393590104020242
0.00309249367444476
0.00253022209727298
0.00309249367444476
0.00337362946303064
0.00477930840596008
0.00618498734888951
0.0216474557211133
0.00449817261737419
0.00281135788585887
0.00393590104020242
0.00449817261737419
0.00309249367444476
0.00309249367444476
0.0042170368287883
0.00337362946303064
0.00393590104020242
0.00449817261737419
0.00281135788585887
0.00309249367444476
0.000562271577171774
0.00337362946303064
0.0022490863086871
0.00196795052010121
0.00281135788585887
0.00393590104020242
0.00281135788585887
0.00309249367444476
0.00393590104020242
0.00281135788585887
0.00281135788585887
0.00449817261737419
0.00562271577171774
0.00506044419454597
0.00590385156030363
0.00393590104020242
0.00281135788585887
0.0022490863086871
0.00337362946303064
0.00281135788585887
0.00337362946303064
0.00196795052010121
0.00337362946303064
0.00196795052010121
0.00281135788585887
0.00281135788585887
0.00253022209727298
0.00365476525161653
0.00253022209727298
0.00281135788585887
0.00365476525161653
0.00393590104020242
0.00449817261737419
0.00281135788585887
0.00281135788585887
0.00196795052010121
0.0022490863086871
0.00337362946303064
0.00309249367444476
0.00393590104020242
0.00337362946303064
0.00309249367444476
0.00281135788585887
0.00309249367444476
0.00309249367444476
0.00112454315434355
0.00112454315434355
0.00253022209727298
0.00253022209727298
0.00309249367444476
0.00112454315434355
0.00253022209727298
0.00337362946303064
0.00337362946303064
0.00309249367444476
0.00365476525161653
0.00449817261737419
0.00281135788585887
0.00393590104020242
0.00337362946303064
0.00337362946303064
0.00449817261737419
0.00309249367444476
0.000843407365757661
0.00309249367444476
0.00337362946303064
0.00365476525161653
0.00253022209727298
0.00365476525161653
0.0042170368287883
0.00506044419454597
0.00253022209727298
0.00337362946303064
0.00309249367444476
0.00281135788585887
0.00365476525161653
0.00365476525161653
0.00365476525161653
0.00393590104020242
0.00449817261737419
0.00337362946303064
0.00365476525161653
0.00337362946303064
0.00393590104020242
0.00140567894292943
0.0022490863086871
0.00309249367444476
0.00393590104020242
0.0042170368287883
0.00196795052010121
0.00281135788585887
0.000562271577171774
0.00196795052010121
0.00365476525161653
0.00393590104020242
0.00449817261737419
0.00449817261737419
0.00337362946303064
0.0022490863086871
0.0042170368287883
0.00449817261737419
0.00196795052010121
0.00393590104020242
0.00365476525161653
0.00337362946303064
0.0022490863086871
0.0022490863086871
0.00253022209727298
0.00253022209727298
0.00281135788585887
0.0022490863086871
0.000843407365757661
0.00337362946303064
0.0154624683722238
0.00337362946303064
0.00281135788585887
0.00393590104020242
0.00196795052010121
0.00365476525161653
0.00365476525161653
0.00393590104020242
0.00393590104020242
0.00393590104020242
0.00281135788585887
0.00309249367444476
0.00140567894292943
0.00281135788585887
0.00140567894292943
0.00253022209727298
0.0022490863086871
0.0022490863086871
0.0233342704526286
0.00590385156030363
0.022490863086871
0.0227719988754568
0.0205229125667697
0.0118077031206073
0.0208040483553556
0.012369974697779
0.0227719988754568
0.0106831599662637
0.0213663199325274
0.0230531346640427
0.0233342704526286
0.0230531346640427
0.00702839471464717
0.0126511104863649
0.0112454315434355
0.0236154062412145
0.00253022209727298
0.0188360978352544
0.00253022209727298
0.0227719988754568
0.017430418892325
0.00253022209727298
0.00674725892606129
0.0208040483553556
0.00365476525161653
0.000843407365757661
0.0230531346640427
0.0236154062412145
0.00281135788585887
0.019960640989598
0.0233342704526286
0.019960640989598
0.0126511104863649
0.0188360978352544
0.0129322462749508
0.022490863086871
0.0202417767781839
0.0120888389091931
0.022490863086871
0.00927748102333427
0.0193983694124262
0.0132133820635367
0.00730953050323306
0.0216474557211133
0.0193983694124262
0.0236154062412145
0.00449817261737419
0.00590385156030363
0.00365476525161653
0.00337362946303064
0.0233342704526286
0.00983975260050604
0.00393590104020242
0.000562271577171774
0.0022490863086871
0.0208040483553556
0.0042170368287883
0.0208040483553556
0.0210851841439415
0.0213663199325274
0.0106831599662637
0.0230531346640427
0.0236154062412145
0.0160247399493956
0.00281135788585887
0.00196795052010121
0.0126511104863649
0.00899634523474838
0.00112454315434355
0.00759066629181895
0.0188360978352544
0.0233342704526286
0.0233342704526286
0.00702839471464717
0.00281135788585887
0.0230531346640427
0.0188360978352544
0.0219285915096992
0.0104020241776778
0.00759066629181895
0.0064661231374754
0.00815293786899072
0.00196795052010121
0.00730953050323306
0.00477930840596008
0.019960640989598
0.0140567894292943
0.019960640989598
0.00534157998313185
0.0219285915096992
0.00168681473151532
0.00253022209727298
0.0165870115265673
0.0177115546809109
0.0213663199325274
0.0219285915096992
0.0109642957548496
0.00253022209727298
0.00365476525161653
0.0185549620466685
0.0118077031206073
0.0208040483553556
0.0230531346640427
0.0120888389091931
0.00140567894292943
0.0165870115265673
0.0101208883890919
0.0022490863086871
0.00449817261737419
0.00730953050323306
0.00168681473151532
0.0208040483553556
0.00140567894292943
0.0216474557211133
0.00702839471464717
0.00477930840596008
0.00309249367444476
0.00281135788585887
0.0101208883890919
0.00674725892606129
0.0205229125667697
0.0042170368287883
0.0202417767781839
0.00365476525161653
0.0205229125667697
0.0104020241776778
0.0177115546809109
0.0227719988754568
0.0157436041608097
0.0230531346640427
0.0213663199325274
0.022490863086871
0.0106831599662637
0.0106831599662637
0.0140567894292943
0.0151813325836379
0.0104020241776778
0.0126511104863649
0.0241776778183863
0.0213663199325274
0.0104020241776778
0.0182738262580827
0.0210851841439415
0.0238965420298004
0.0213663199325274
0.0219285915096992
0.0179926904694968
0.019960640989598
0.0191172336238403
0.0196795052010121
0.0188360978352544
0.0205229125667697
0.0205229125667697
0.0202417767781839
0.00168681473151532
0.0042170368287883
0.00759066629181895
0.0165870115265673
0.017430418892325
0.00787180208040484
0.00899634523474838
0.00562271577171774
0.00393590104020242
0.0140567894292943
0.0101208883890919
0.00955861681192016
0.00309249367444476
0.00168681473151532
0.00618498734888951
0.0064661231374754
0.0042170368287883
0.00393590104020242
0.0042170368287883
0.00253022209727298
0.00140567894292943
0.000843407365757661
0.00927748102333427
0.0104020241776778
0.00983975260050604
0.00927748102333427
0.00702839471464717
0.0106831599662637
0.00955861681192016
0.0104020241776778
0.0104020241776778
0.0106831599662637
0.0101208883890919
0.0104020241776778
0.00702839471464717
0.00983975260050604
0.00393590104020242
0.0101208883890919
0.00759066629181895
0.00337362946303064
0.00955861681192016
0.00674725892606129
0.00365476525161653
0.00815293786899072
0.00702839471464717
0.0106831599662637
0.0064661231374754
0.00815293786899072
0.0087152094461625
0.00730953050323306
0.0101208883890919
0.0101208883890919
0.00927748102333427
0.00618498734888951
0.00702839471464717
0.0118077031206073
0.00449817261737419
0.0042170368287883
0.00702839471464717
0.00534157998313185
0.0168681473151532
0.0171492831037391
0.00702839471464717
0.00477930840596008
0.00506044419454597
0.00955861681192016
0.0101208883890919
0.00843407365757661
0.00983975260050604
0.0064661231374754
0.00899634523474838
0.00787180208040484
0.0064661231374754
0.00618498734888951
0.00899634523474838
0.0106831599662637
0.00702839471464717
0.0087152094461625
0.00787180208040484
0.00702839471464717
0.00618498734888951
0.00730953050323306
0.0042170368287883
0.0115265673320214
0.00899634523474838
0.00843407365757661
0.0109642957548496
0.00618498734888951
0.0101208883890919
0.0115265673320214
0.0101208883890919
0.00815293786899072
0.00787180208040484
0.00702839471464717
0.0087152094461625
0.00899634523474838
0.00899634523474838
0.000562271577171774
0.00674725892606129
0.00899634523474838
0.0109642957548496
0.00674725892606129
0.00983975260050604
0.00618498734888951
0.00899634523474838
0.00674725892606129
0.00590385156030363
0.0087152094461625
0.00899634523474838
0.00759066629181895
0.0087152094461625
0.0101208883890919
0.00815293786899072
0.00927748102333427
0.00843407365757661
0.0101208883890919
0.0115265673320214
0.0104020241776778
0.00955861681192016
0.00168681473151532
0.0154624683722238
0.00112454315434355
0.00899634523474838
0.0109642957548496
0.0165870115265673
0.0112454315434355
0.00787180208040484
0.0129322462749508
0.00787180208040484
0.00674725892606129
0.00927748102333427
0.00618498734888951
0.00759066629181895
0.00730953050323306
0.0129322462749508
0.00730953050323306
0.0106831599662637
0.00759066629181895
0.00618498734888951
0.00759066629181895
0.00759066629181895
0.012369974697779
0.00927748102333427
0.00759066629181895
0.00815293786899072
0.00702839471464717
0.00815293786899072
0.0106831599662637
0.0126511104863649
0.0140567894292943
0.0109642957548496
0.00702839471464717
0.00983975260050604
0.00787180208040484
0.00534157998313185
0.00955861681192016
0.0064661231374754
0.00618498734888951
0.0109642957548496
0.00759066629181895
0.00674725892606129
0.00506044419454597
0.00787180208040484
0.00590385156030363
0.00787180208040484
0.00927748102333427
0.0115265673320214
0.0104020241776778
0.00702839471464717
0.014900196795052
0.000562271577171774
0.00759066629181895
0.0115265673320214
0.00449817261737419
0.00759066629181895
0.00983975260050604
0.00140567894292943
0.0104020241776778
0.00674725892606129
0.00843407365757661
0.00927748102333427
0.0104020241776778
0.00674725892606129
0.00196795052010121
0.00562271577171774
0.00618498734888951
0.0151813325836379
0.00955861681192016
0.00759066629181895
0.0120888389091931
0.00843407365757661
0.0101208883890919
0.00787180208040484
0.0087152094461625
0.00899634523474838
0.00955861681192016
0.0154624683722238
0.0087152094461625
0.00815293786899072
0.0087152094461625
0.00787180208040484
0.0087152094461625
0.00899634523474838
0.00534157998313185
0.00674725892606129
0.00562271577171774
0.00702839471464717
0.00927748102333427
0.00899634523474838
0.00955861681192016
0.00393590104020242
0.00393590104020242
0.00730953050323306
0.00618498734888951
0.00449817261737419
0.000281135788585887
0.00562271577171774
0.00140567894292943
0.00618498734888951
0.00899634523474838
0.000843407365757661
0.000562271577171774
0.00534157998313185
0.000562271577171774
0.00815293786899072
0.0101208883890919
0.0022490863086871
0.00168681473151532
0.0022490863086871
0.00674725892606129
0.00281135788585887
0.00309249367444476
0.00196795052010121
0.00337362946303064
0.00955861681192016
0.0101208883890919
0.00337362946303064
0.00927748102333427
0.00899634523474838
0.00983975260050604
0.0064661231374754
0.00534157998313185
0.00815293786899072
0.00843407365757661
0.00730953050323306
0.00112454315434355
0.00253022209727298
0.00927748102333427
0.00759066629181895
0.0022490863086871
0.0087152094461625
0.00196795052010121
0.00309249367444476
0.00393590104020242
0.00253022209727298
0.00309249367444476
0.0087152094461625
0.00196795052010121
0.00393590104020242
0.00337362946303064
0.00393590104020242
0.00168681473151532
0.00196795052010121
0.00281135788585887
0.000843407365757661
0.00281135788585887
0.00337362946303064
0.00955861681192016
0.00730953050323306
0.00168681473151532
0.00927748102333427
0.00730953050323306
0.0022490863086871
0.00140567894292943
0.00843407365757661
0.00759066629181895
0.00140567894292943
0.0042170368287883
0.0022490863086871
0.00281135788585887
0.00927748102333427
0.00618498734888951
0.00759066629181895
0.0022490863086871
0.0022490863086871
0.00983975260050604
0.00253022209727298
0.00253022209727298
0.0022490863086871
0.00281135788585887
0.0087152094461625
0.00281135788585887
0.000562271577171774
0.00730953050323306
0.00759066629181895
0.00196795052010121
0.00759066629181895
0.00759066629181895
0.00253022209727298
0.00759066629181895
0.00112454315434355
0.00899634523474838
0.0022490863086871
0.00196795052010121
0.0042170368287883
0.00337362946303064
0.00927748102333427
0.00309249367444476
0.00309249367444476
0.00393590104020242
0.00449817261737419
0.00562271577171774
0.00365476525161653
0.0022490863086871
0.00309249367444476
0.00899634523474838
0.00196795052010121
0.00196795052010121
0.00140567894292943
0.0022490863086871
0.00196795052010121
0.0101208883890919
0.00759066629181895
0.00927748102333427
0.0104020241776778
0.00702839471464717
0.00843407365757661
0.00983975260050604
0.00730953050323306
0.00759066629181895
0.00730953050323306
0.00309249367444476
0.00140567894292943
0.00112454315434355
0.00730953050323306
0.00730953050323306
0.00618498734888951
0.00674725892606129
0.00674725892606129
0.00618498734888951
0.00168681473151532
0.00253022209727298
0.00253022209727298
0.00196795052010121
0.00168681473151532
0.00309249367444476
0.00196795052010121
0.00140567894292943
0.00253022209727298
0.0022490863086871
0.00196795052010121
0.00815293786899072
0.00927748102333427
0.0064661231374754
0.0101208883890919
0.0042170368287883
0.00618498734888951
0.00449817261737419
0.00759066629181895
0.00590385156030363
0.00927748102333427
0.00365476525161653
0.00393590104020242
0.00590385156030363
0.00449817261737419
0.00477930840596008
0.0042170368287883
0.00196795052010121
0.0042170368287883
0.00337362946303064
0.00955861681192016
0.00337362946303064
0.00112454315434355
0.00281135788585887
0.00281135788585887
0.00365476525161653
0.012369974697779
0.0109642957548496
0.00843407365757661
0.0120888389091931
0.00253022209727298
0.00140567894292943
0.0042170368287883
0.00477930840596008
0.00674725892606129
0.00393590104020242
0.00196795052010121
0.0101208883890919
0.00759066629181895
0.0042170368287883
0.0064661231374754
0.0087152094461625
0.0109642957548496
0.00281135788585887
0.00590385156030363
0.00955861681192016
0.0022490863086871
0.00140567894292943
0.00927748102333427
0.00449817261737419
0.0101208883890919
0.00140567894292943
0.00449817261737419
0.0106831599662637
0.00365476525161653
0.00843407365757661
0.00674725892606129
0.00477930840596008
0.00787180208040484
0.00843407365757661
0.00618498734888951
0.00787180208040484
0.00955861681192016
0.00393590104020242
0.00112454315434355
0.00365476525161653
0.00253022209727298
0.00590385156030363
0.00112454315434355
0.00477930840596008
0.00899634523474838
0.00281135788585887
0.00281135788585887
0.00365476525161653
0.00477930840596008
0.00477930840596008
0.00253022209727298
0.0022490863086871
0.00534157998313185
0.0022490863086871
0.00618498734888951
0.000562271577171774
0.00477930840596008
0.00477930840596008
0.0118077031206073
0.00815293786899072
0.00787180208040484
0.0087152094461625
0.00337362946303064
0.0022490863086871
0.00168681473151532
0.00674725892606129
0.0042170368287883
0.00253022209727298
0.00393590104020242
0.00337362946303064
0.00168681473151532
0.00393590104020242
0.0109642957548496
0.00253022209727298
0.0064661231374754
0.00365476525161653
0.00309249367444476
0.00843407365757661
0.00477930840596008
0.00365476525161653
0.00168681473151532
0.00477930840596008
0.00393590104020242
0.00112454315434355
0.00393590104020242
0.00253022209727298
0.0042170368287883
0.00449817261737419
0.00730953050323306
0.00843407365757661
0.00759066629181895
0.00506044419454597
0.00618498734888951
0.00253022209727298
0.00393590104020242
0.00281135788585887
0.00309249367444476
0.0042170368287883
0.00449817261737419
0.0042170368287883
0.00365476525161653
0.00365476525161653
0.00309249367444476
0.00365476525161653
0.00393590104020242
0.00393590104020242
0.00281135788585887
0.00253022209727298
0.00309249367444476
0.00309249367444476
0.00309249367444476
0.00365476525161653
0.00365476525161653
0.00365476525161653
0.0042170368287883
0.00365476525161653
0.00955861681192016
0.0109642957548496
0.0112454315434355
0.00140567894292943
0.00281135788585887
0.0022490863086871
0.00281135788585887
0.00281135788585887
0.00309249367444476
0.00281135788585887
0.00253022209727298
0.00449817261737419
0.00506044419454597
0.0042170368287883
0.00534157998313185
0.00730953050323306
0.00562271577171774
0.00506044419454597
0.0042170368287883
0.00112454315434355
0.00168681473151532
0.00112454315434355
0.00112454315434355
0.0022490863086871
0.00449817261737419
0.00449817261737419
0.00674725892606129
0.00815293786899072
0.00899634523474838
0.00449817261737419
0.00983975260050604
0.00393590104020242
0.00365476525161653
0.00281135788585887
0.00393590104020242
0.00365476525161653
0.0042170368287883
0.00168681473151532
0.00281135788585887
0.00449817261737419
0.00365476525161653
0.00393590104020242
0.00393590104020242
0.0210851841439415
0.0227719988754568
0.0222097272982851
0.022490863086871
0.0129322462749508
0.0216474557211133
0.0193983694124262
0.0213663199325274
0.0222097272982851
0.0202417767781839
0.00843407365757661
0.012369974697779
0.0227719988754568
0.0177115546809109
0.0129322462749508
0.0126511104863649
0.0196795052010121
0.0179926904694968
0.019960640989598
0.0205229125667697
0.014900196795052
0.014900196795052
0.0146190610064661
0.0118077031206073
0.0146190610064661
0.0160247399493956
0.00281135788585887
0.0191172336238403
0.019960640989598
0.0219285915096992
0.0191172336238403
0.0196795052010121
0.00309249367444476
0.0241776778183863
0.0191172336238403
0.0151813325836379
0.0137756536407085
0.0281135788585887
0.0267078999156593
0.012369974697779
0.0213663199325274
0.0134945178521226
0.0219285915096992
0.00253022209727298
0.0126511104863649
0.00815293786899072
0.0233342704526286
0.0106831599662637
0.0118077031206073
0.0179926904694968
0.0157436041608097
0.00590385156030363
0.0151813325836379
0.00759066629181895
0.00309249367444476
0.0269890357042451
0.0196795052010121
0.0154624683722238
0.0151813325836379
0.0208040483553556
0.0106831599662637
0.0219285915096992
0.0120888389091931
0.0185549620466685
0.00196795052010121
0.0101208883890919
0.0137756536407085
0.0236154062412145
0.0132133820635367
0.0216474557211133
0.00955861681192016
0.00393590104020242
0.0042170368287883
0.0213663199325274
0.0182738262580827
0.0238965420298004
0.0115265673320214
0.0101208883890919
0.0118077031206073
0.0193983694124262
0.0137756536407085
0.0188360978352544
0.0227719988754568
0.019960640989598
0.00955861681192016
0.0238965420298004
0.0134945178521226
0.00730953050323306
0.0146190610064661
0.0236154062412145
0.0109642957548496
0.0213663199325274
0.012369974697779
0.00674725892606129
0.0101208883890919
0.0137756536407085
0.0247399493955581
0.0126511104863649
0.0146190610064661
0.0255833567613157
0.0233342704526286
0.0230531346640427
0.0241776778183863
0.0129322462749508
0.019960640989598
0.019960640989598
0.0109642957548496
0.0188360978352544
0.0120888389091931
0.0104020241776778
0.0106831599662637
0.0177115546809109
0.00815293786899072
0.00393590104020242
0.0101208883890919
0.0160247399493956
0.0171492831037391
0.0205229125667697
0.0210851841439415
0.0143379252178802
0.0143379252178802
0.0216474557211133
0.012369974697779
0.0253022209727298
0.0191172336238403
0.0222097272982851
0.0115265673320214
0.00843407365757661
0.0191172336238403
0.0132133820635367
0.0213663199325274
0.019960640989598
0.0196795052010121
0.0213663199325274
0.0126511104863649
0.0064661231374754
0.0143379252178802
0.00899634523474838
0.0106831599662637
0.0101208883890919
0.0177115546809109
0.0126511104863649
0.00815293786899072
0.0230531346640427
0.0233342704526286
0.00337362946303064
0.00393590104020242
0.0126511104863649
0.0126511104863649
0.00730953050323306
0.0101208883890919
0.0126511104863649
0.0132133820635367
0.012369974697779
0.0171492831037391
0.0202417767781839
0.0213663199325274
0.0222097272982851
0.0205229125667697
0.0210851841439415
0.0210851841439415
0.0219285915096992
0.00955861681192016
0.0022490863086871
0.00196795052010121
0.00590385156030363
0.00815293786899072
0.0112454315434355
0.00702839471464717
0.0126511104863649
0.0146190610064661
0.0137756536407085
0.0126511104863649
0.012369974697779
0.00955861681192016
0.0120888389091931
0.0163058757379814
0.0129322462749508
0.0137756536407085
0.0126511104863649
0.0151813325836379
0.0151813325836379
0.0115265673320214
0.0238965420298004
0.0104020241776778
0.00730953050323306
0.014900196795052
0.0216474557211133
0.0202417767781839
0.0213663199325274
0.022490863086871
0.0264267641270734
0.014900196795052
0.00815293786899072
0.00759066629181895
0.00815293786899072
0.0109642957548496
0.0126511104863649
0.00309249367444476
0.00196795052010121
0.00168681473151532
0.0022490863086871
0.00730953050323306
0.00281135788585887
0.00281135788585887
0.00168681473151532
0.00281135788585887
0.00534157998313185
0.00590385156030363
0.00590385156030363
0.00309249367444476
0.00337362946303064
0.0022490863086871
0.00281135788585887
0.00309249367444476
0.00393590104020242
0.00477930840596008
0.00393590104020242
0.00337362946303064
0.00393590104020242
0.00393590104020242
0.0022490863086871
0.00393590104020242
0.0022490863086871
0.00590385156030363
0.00590385156030363
0.00168681473151532
0.0042170368287883
0.00309249367444476
0.0042170368287883
0.00393590104020242
0.00253022209727298
0.00506044419454597
0.00506044419454597
0.00112454315434355
0.00168681473151532
0.00140567894292943
0.00393590104020242
0.00140567894292943
0.00393590104020242
0.00365476525161653
0.00477930840596008
0.00196795052010121
0.00393590104020242
0.00618498734888951
0.00168681473151532
0.00196795052010121
0.00112454315434355
0.00506044419454597
0.00534157998313185
0.00196795052010121
0.0022490863086871
0.00337362946303064
0.00281135788585887
0.00365476525161653
0.00309249367444476
0.00309249367444476
0.0042170368287883
0.00449817261737419
0.00506044419454597
0.00309249367444476
0.0022490863086871
0.00393590104020242
0.00337362946303064
0.00196795052010121
0.00168681473151532
0.00618498734888951
0.00140567894292943
0.00281135788585887
0.00168681473151532
0.00393590104020242
0.0101208883890919
0.00281135788585887
0.0087152094461625
0.00281135788585887
0.0022490863086871
0.00196795052010121
0.00590385156030363
0.00449817261737419
0.0022490863086871
0.0022490863086871
0.00281135788585887
0.00393590104020242
0.0042170368287883
0.00449817261737419
0.00196795052010121
0.0022490863086871
0.00196795052010121
0.00506044419454597
0.00506044419454597
0.00449817261737419
0.00449817261737419
0.0042170368287883
0.00337362946303064
0.00534157998313185
0.00506044419454597
0.00477930840596008
0.00477930840596008
0.00365476525161653
0.0022490863086871
0.00253022209727298
0.00253022209727298
0.0022490863086871
0.00337362946303064
0.00337362946303064
0.00506044419454597
0.0022490863086871
0.0022490863086871
0.00730953050323306
0.00702839471464717
0.0022490863086871
0.00253022209727298
0.00590385156030363
0.0042170368287883
0.0042170368287883
0.00196795052010121
0.00196795052010121
0.00168681473151532
0.00112454315434355
0.0042170368287883
0.000562271577171774
0.000843407365757661
0.00674725892606129
0.0129322462749508
0.0106831599662637
0.0087152094461625
0.0115265673320214
0.0115265673320214
0.0118077031206073
0.00899634523474838
0.00787180208040484
0.0120888389091931
0.00477930840596008
0.0126511104863649
0.00815293786899072
0.0250210851841439
0.0118077031206073
0.00815293786899072
0.00843407365757661
0.00815293786899072
0.00674725892606129
0.00674725892606129
0.00674725892606129
0.00506044419454597
0.00955861681192016
0.0129322462749508
0.0126511104863649
0.0193983694124262
0.0104020241776778
0.0126511104863649
0.00702839471464717
0.0118077031206073
0.00449817261737419
0.00590385156030363
0.0129322462749508
0.0126511104863649
0.0101208883890919
0.0104020241776778
0.0042170368287883
0.0129322462749508
0.0126511104863649
0.0104020241776778
0.0104020241776778
0.0064661231374754
0.00927748102333427
0.00759066629181895
0.0115265673320214
0.0109642957548496
0.0115265673320214
0.00927748102333427
0.012369974697779
0.0267078999156593
0.00843407365757661
0.00955861681192016
0.0104020241776778
0.0104020241776778
0.0101208883890919
0.0137756536407085
0.00787180208040484
0.019960640989598
0.00927748102333427
0.00674725892606129
0.0118077031206073
0.0132133820635367
0.0120888389091931
0.0120888389091931
0.0109642957548496
0.0118077031206073
0.0154624683722238
0.012369974697779
0.0126511104863649
0.012369974697779
0.0132133820635367
0.0267078999156593
0.0118077031206073
0.0115265673320214
0.0112454315434355
0.00983975260050604
0.0227719988754568
0.00365476525161653
0.0267078999156593
0.0278324430700028
0.022490863086871
0.0213663199325274
0.00843407365757661
0.0247399493955581
0.012369974697779
0.022490863086871
0.0210851841439415
0.00309249367444476
0.00927748102333427
0.0104020241776778
0.00983975260050604
0.0112454315434355
0.0106831599662637
0.0104020241776778
0.0101208883890919
0.0134945178521226
0.0042170368287883
0.0134945178521226
0.0109642957548496
0.0258644925499016
0.0101208883890919
0.00955861681192016
0.0126511104863649
0.0126511104863649
0.0120888389091931
0.00983975260050604
0.0118077031206073
0.00983975260050604
0.0106831599662637
0.00562271577171774
0.00843407365757661
0.00815293786899072
0.0106831599662637
0.0129322462749508
0.0230531346640427
0.0087152094461625
0.0087152094461625
0.00843407365757661
0.00843407365757661
0.0109642957548496
0.0157436041608097
0.0087152094461625
0.0112454315434355
0.0115265673320214
0.0236154062412145
0.0112454315434355
0.0250210851841439
0.00927748102333427
0.00815293786899072
0.00983975260050604
0.0118077031206073
0.0106831599662637
0.0137756536407085
0.0151813325836379
0.00393590104020242
0.00899634523474838
0.0126511104863649
0.012369974697779
0.0087152094461625
0.00899634523474838
0.0129322462749508
0.0241776778183863
0.00534157998313185
0.0120888389091931
0.00674725892606129
0.0064661231374754
0.012369974697779
0.0109642957548496
0.0112454315434355
0.00562271577171774
0.0132133820635367
0.0115265673320214
0.00674725892606129
0.00590385156030363
0.00843407365757661
0.0115265673320214
0.0042170368287883
0.00955861681192016
0.0112454315434355
0.0238965420298004
0.00506044419454597
0.0101208883890919
0.0118077031206073
0.0118077031206073
0.0064661231374754
0.00590385156030363
0.0132133820635367
0.0118077031206073
0.00759066629181895
0.00787180208040484
0.00843407365757661
0.0118077031206073
0.012369974697779
0.0120888389091931
0.00618498734888951
0.0188360978352544
0.0118077031206073
0.0160247399493956
0.0126511104863649
0.0129322462749508
0.0146190610064661
0.00843407365757661
0.00815293786899072
0.0120888389091931
0.0120888389091931
0.012369974697779
0.00365476525161653
0.00674725892606129
0.00674725892606129
0.00590385156030363
0.00562271577171774
0.00449817261737419
0.00702839471464717
0.0064661231374754
0.0042170368287883
0.00534157998313185
0.00477930840596008
0.0064661231374754
0.00618498734888951
0.00506044419454597
0.00927748102333427
0.0132133820635367
0.0120888389091931
0.0132133820635367
0.0126511104863649
0.00899634523474838
0.0115265673320214
0.0247399493955581
0.00955861681192016
0.0118077031206073
0.00843407365757661
0.0115265673320214
0.0120888389091931
0.0115265673320214
0.0120888389091931
0.0112454315434355
0.0143379252178802
0.0118077031206073
0.0115265673320214
0.00393590104020242
0.00759066629181895
0.00506044419454597
0.0134945178521226
0.00843407365757661
0.00843407365757661
0.0064661231374754
0.00843407365757661
0.00337362946303064
0.00618498734888951
0.00281135788585887
0.00309249367444476
0.00309249367444476
0.0064661231374754
0.00393590104020242
0.00477930840596008
0.00309249367444476
0.00449817261737419
0.00562271577171774
0.00309249367444476
0.00309249367444476
0.0022490863086871
0.00365476525161653
0.00196795052010121
0.0022490863086871
0.00506044419454597
0.0042170368287883
0.000843407365757661
0.00590385156030363
0.0042170368287883
0.0042170368287883
0.00309249367444476
0.00449817261737419
0.0042170368287883
0.00562271577171774
0.00168681473151532
0.00196795052010121
0.00506044419454597
0.00337362946303064
0.00253022209727298
0.00562271577171774
0.00253022209727298
0.00281135788585887
0.0022490863086871
0.00393590104020242
0.00253022209727298
0.0022490863086871
0.00337362946303064
0.00253022209727298
0.00253022209727298
0.00365476525161653
0.00562271577171774
0.00140567894292943
0.00337362946303064
0.00337362946303064
0.00196795052010121
0.0022490863086871
0.0022490863086871
0.00506044419454597
0.00365476525161653
0.00168681473151532
0.00168681473151532
0.00365476525161653
0.00253022209727298
0.00365476525161653
0.00449817261737419
0.00590385156030363
0.00393590104020242
0.00140567894292943
0.00393590104020242
0.00562271577171774
0.0042170368287883
0.00196795052010121
0.00337362946303064
0.00449817261737419
0.00253022209727298
0.00365476525161653
0.00365476525161653
0.00393590104020242
0.00337362946303064
0.0022490863086871
0.0042170368287883
0.00196795052010121
0.00281135788585887
0.00365476525161653
0.0022490863086871
0.00393590104020242
0.00618498734888951
0.00534157998313185
0.00168681473151532
0.0022490863086871
0.0022490863086871
0.00393590104020242
0.00674725892606129
0.00337362946303064
0.00253022209727298
0.00337362946303064
0.00337362946303064
0.00393590104020242
0.00309249367444476
0.00168681473151532
0.000843407365757661
0.00309249367444476
0.000843407365757661
0.000843407365757661
0.000843407365757661
0.00393590104020242
0.0022490863086871
0.00281135788585887
0.00365476525161653
0.00253022209727298
0.00196795052010121
0.00253022209727298
0.00449817261737419
0.00449817261737419
0.0022490863086871
0.00112454315434355
0.00365476525161653
0.0022490863086871
0.000843407365757661
0.00534157998313185
0.00477930840596008
0.00506044419454597
0.00562271577171774
0.00618498734888951
0.0022490863086871
0.00309249367444476
0.0022490863086871
0.00393590104020242
0.0042170368287883
0.00281135788585887
0.00393590104020242
0.00112454315434355
0.0042170368287883
0.00281135788585887
0.00393590104020242
0.00393590104020242
0.00562271577171774
0.00618498734888951
0.00393590104020242
0.00590385156030363
0.00281135788585887
0.0022490863086871
0.00196795052010121
0.00534157998313185
0.0042170368287883
0.00449817261737419
0.0042170368287883
0.0022490863086871
0.00365476525161653
0.00365476525161653
0.00365476525161653
0.00393590104020242
0.00393590104020242
0.0042170368287883
0.00365476525161653
0.00477930840596008
0.00281135788585887
0.00365476525161653
0.0042170368287883
0.0042170368287883
0.00393590104020242
0.0042170368287883
0.0042170368287883
0.0022490863086871
0.0022490863086871
0.0022490863086871
0.0022490863086871
0.00253022209727298
0.00253022209727298
0.0022490863086871
0.00196795052010121
0.00196795052010121
0.0022490863086871
0.0022490863086871
0.000843407365757661
0.00253022209727298
0.00253022209727298
0.0120888389091931
0.017430418892325
0.019960640989598
0.00983975260050604
0.0126511104863649
0.012369974697779
0.0160247399493956
0.0202417767781839
0.012369974697779
0.00983975260050604
0.0202417767781839
0.017430418892325
0.0185549620466685
0.00253022209727298
0.0140567894292943
0.00843407365757661
0.0146190610064661
0.0129322462749508
0.017430418892325
0.00534157998313185
0.0132133820635367
0.019960640989598
0.0202417767781839
0.00674725892606129
0.0171492831037391
0.0115265673320214
0.00983975260050604
0.0160247399493956
0.0168681473151532
0.00562271577171774
0.0129322462749508
0.0129322462749508
0.0196795052010121
0.0177115546809109
0.00843407365757661
0.00927748102333427
0.0126511104863649
0.00899634523474838
0.0106831599662637
0.0118077031206073
0.0112454315434355
0.012369974697779
0.0137756536407085
0.0101208883890919
0.0101208883890919
0.0137756536407085
0.0134945178521226
0.0163058757379814
0.00955861681192016
0.00983975260050604
0.00562271577171774
0.0146190610064661
0.00140567894292943
0.00674725892606129
0.00196795052010121
0.0126511104863649
0.00983975260050604
0.019960640989598
0.0196795052010121
0.0193983694124262
0.0157436041608097
0.0132133820635367
0.0129322462749508
0.0208040483553556
0.0171492831037391
0.0236154062412145
0.0129322462749508
0.00393590104020242
0.0202417767781839
0.0106831599662637
0.0104020241776778
0.0281135788585887
0.0104020241776778
0.0165870115265673
0.0244588136069722
0.0216474557211133
0.0216474557211133
0.0267078999156593
0.0185549620466685
0.0238965420298004
0.0286758504357605
0.0244588136069722
0.0182738262580827
0.0146190610064661
0.012369974697779
0.014900196795052
0.0129322462749508
0.00955861681192016
0.0126511104863649
0.0134945178521226
0.0154624683722238
0.0115265673320214
0.014900196795052
0.0253022209727298
0.0104020241776778
0.014900196795052
0.00702839471464717
0.0143379252178802
0.0137756536407085
0.0134945178521226
0.0118077031206073
0.0129322462749508
0.0143379252178802
0.0109642957548496
0.0188360978352544
0.0202417767781839
0.0126511104863649
0.0126511104863649
0.0115265673320214
0.00759066629181895
0.0115265673320214
0.0140567894292943
0.0106831599662637
0.0087152094461625
0.00843407365757661
0.0115265673320214
0.0106831599662637
0.00843407365757661
0.012369974697779
0.0140567894292943
0.00674725892606129
0.0137756536407085
0.0087152094461625
0.0104020241776778
0.0129322462749508
0.0134945178521226
0.0177115546809109
0.014900196795052
0.00449817261737419
0.0022490863086871
0.00983975260050604
0.0101208883890919
0.019960640989598
0.00927748102333427
0.0064661231374754
0.0196795052010121
0.012369974697779
0.012369974697779
0.0104020241776778
0.0258644925499016
0.0129322462749508
0.00702839471464717
0.0143379252178802
0.00759066629181895
0.0129322462749508
0.0230531346640427
0.0222097272982851
0.0222097272982851
0.0362665167275794
0.0216474557211133
0.0213663199325274
0.0210851841439415
0.0101208883890919
0.0120888389091931
0.00955861681192016
0.0151813325836379
0.0101208883890919
0.0112454315434355
0.0185549620466685
0.0193983694124262
0.0238965420298004
0.0188360978352544
0.0104020241776778
0.0219285915096992
0.0230531346640427
0.00337362946303064
0.012369974697779
0.0112454315434355
0.00983975260050604
0.0115265673320214
0.0109642957548496
0.0104020241776778
0.00927748102333427
0.0101208883890919
0.0087152094461625
0.00843407365757661
0.00674725892606129
0.0151813325836379
0.0112454315434355
0.00730953050323306
0.00759066629181895
0.00112454315434355
0.00815293786899072
0.0137756536407085
0.0120888389091931
0.012369974697779
0.012369974697779
0.0179926904694968
0.0151813325836379
0.0146190610064661
0.0087152094461625
0.0191172336238403
0.0129322462749508
0.0129322462749508
0.0129322462749508
0.0129322462749508
0.0193983694124262
0.0129322462749508
0.0140567894292943
0.0115265673320214
0.0106831599662637
0.0151813325836379
0.0160247399493956
0.0115265673320214
0.0120888389091931
0.0177115546809109
0.0188360978352544
0.00730953050323306
0.0118077031206073
0.00674725892606129
0.0120888389091931
0.0163058757379814
0.00927748102333427
0.0157436041608097
0.0042170368287883
0.00702839471464717
0.0154624683722238
0.0140567894292943
0.0126511104863649
0.0165870115265673
0.00674725892606129
0.00477930840596008
0.0171492831037391
0.00983975260050604
0.00534157998313185
0.00393590104020242
0.00759066629181895
0.0115265673320214
0.0120888389091931
0.014900196795052
0.0101208883890919
0.0160247399493956
0.0137756536407085
0.000843407365757661
0.0165870115265673
0.0171492831037391
0.00506044419454597
0.0177115546809109
0.0115265673320214
0.0126511104863649
0.0171492831037391
0.0115265673320214
0.017430418892325
0.0115265673320214
0.00674725892606129
0.014900196795052
0.0182738262580827
0.00983975260050604
0.0300815293786899
0.0314872083216193
0.0300815293786899
0.0129322462749508
0.0126511104863649
0.0331740230531347
0.0337362946303064
0.0331740230531347
0.0334551588417206
0.0328928872645488
0.0328928872645488
0.0337362946303064
0.0328928872645488
0.0328928872645488
0.0326117514759629
0.0191172336238403
0.0219285915096992
0.0244588136069722
0.00899634523474838
0.00899634523474838
0.0087152094461625
0.00983975260050604
0.00787180208040484
0.00702839471464717
0.0129322462749508
0.0106831599662637
0.00899634523474838
0.0132133820635367
0.0216474557211133
0.0064661231374754
0.0132133820635367
0.0106831599662637
0.0283947146471746
0.0118077031206073
0.0269890357042451
0.0168681473151532
0.0210851841439415
0.0185549620466685
0.00365476525161653
0.00899634523474838
0.00337362946303064
0.00955861681192016
0.0146190610064661
0.0109642957548496
0.0134945178521226
0.0255833567613157
0.00562271577171774
0.00365476525161653
0.00477930840596008
0.0140567894292943
0.00253022209727298
0.0165870115265673
0.0106831599662637
0.0157436041608097
0.0134945178521226
0.0140567894292943
0.00562271577171774
0.0320494798987911
0.014900196795052
0.0185549620466685
0.017430418892325
0.00281135788585887
0.00281135788585887
0.00899634523474838
0.00112454315434355
0.0120888389091931
0.00815293786899072
0.0140567894292943
0.0118077031206073
0.0087152094461625
0.0120888389091931
0.0106831599662637
0.00983975260050604
0.00787180208040484
0.00168681473151532
0.0253022209727298
0.0146190610064661
0.0129322462749508
0.00253022209727298
0.0208040483553556
0.0208040483553556
0.0134945178521226
0.00702839471464717
0.0115265673320214
0.0134945178521226
0.0120888389091931
0.0244588136069722
0.0112454315434355
0.017430418892325
0.00843407365757661
0.0182738262580827
0.00899634523474838
0.0109642957548496
0.0101208883890919
0.0193983694124262
0.00337362946303064
0.0244588136069722
0.0109642957548496
0.0109642957548496
0.0253022209727298
0.0193983694124262
0.0185549620466685
0.00927748102333427
0.0208040483553556
0.0101208883890919
0.0168681473151532
0.0255833567613157
0.0188360978352544
0.012369974697779
0.00281135788585887
0.0120888389091931
0.0120888389091931
0.00337362946303064
0.0126511104863649
0.0154624683722238
0.00787180208040484
0.0163058757379814
0.0179926904694968
0.0151813325836379
0.00309249367444476
0.00927748102333427
0.0109642957548496
0.0137756536407085
0.0101208883890919
0.0157436041608097
0.0129322462749508
0.0258644925499016
0.0126511104863649
0.0233342704526286
0.00955861681192016
0.012369974697779
0.0191172336238403
0.00674725892606129
0.0283947146471746
0.014900196795052
0.0132133820635367
0.0126511104863649
0.0115265673320214
0.0151813325836379
0.00955861681192016
0.0171492831037391
0.00815293786899072
0.0326117514759629
0.0261456283384875
0.0115265673320214
0.0140567894292943
0.0132133820635367
0.0143379252178802
0.00983975260050604
0.00759066629181895
0.012369974697779
0.00730953050323306
0.00787180208040484
0.0109642957548496
0.0134945178521226
0.00983975260050604
0.0104020241776778
0.014900196795052
0.0106831599662637
0.0143379252178802
0.0269890357042451
0.019960640989598
0.0264267641270734
0.0219285915096992
0.0264267641270734
0.0267078999156593
0.0177115546809109
0.0264267641270734
0.0253022209727298
0.0233342704526286
0.0112454315434355
0.0238965420298004
0.0106831599662637
0.0112454315434355
0.00815293786899072
0.0104020241776778
0.00309249367444476
0.0106831599662637
0.00927748102333427
0.0126511104863649
0.0118077031206073
0.0132133820635367
0.012369974697779
0.0120888389091931
0.0101208883890919
0.0118077031206073
0.0213663199325274
0.0134945178521226
0.0230531346640427
0.0230531346640427
0.00983975260050604
0.0160247399493956
0.0216474557211133
0.0168681473151532
0.00506044419454597
0.017430418892325
0.0202417767781839
0.0168681473151532
0.00702839471464717
0.0222097272982851
0.0165870115265673
0.0177115546809109
0.0208040483553556
0.00168681473151532
0.0196795052010121
0.0227719988754568
0.0250210851841439
0.0255833567613157
0.0317683441102052
0.0264267641270734
0.0247399493955581
0.0253022209727298
0.00815293786899072
0.0236154062412145
0.0222097272982851
0.0236154062412145
0.0230531346640427
0.0241776778183863
0.0112454315434355
0.00899634523474838
0.00590385156030363
0.0202417767781839
0.0202417767781839
0.00506044419454597
0.0120888389091931
0.0222097272982851
0.00843407365757661
0.00449817261737419
0.00393590104020242
0.0126511104863649
0.0106831599662637
0.00927748102333427
0.00702839471464717
0.00899634523474838
0.0126511104863649
0.0143379252178802
0.00477930840596008
0.0171492831037391
0.00449817261737419
0.0143379252178802
0.00759066629181895
0.00702839471464717
0.00730953050323306
0.00702839471464717
0.00393590104020242
0.0109642957548496
0.012369974697779
0.0244588136069722
0.00590385156030363
0.0112454315434355
0.0129322462749508
0.00899634523474838
0.00702839471464717
0.00730953050323306
0.00534157998313185
0.00730953050323306
0.0134945178521226
0.0154624683722238
0.00281135788585887
0.0132133820635367
0.0129322462749508
0.00477930840596008
0.0109642957548496
0.00534157998313185
0.0137756536407085
0.0168681473151532
0.0154624683722238
0.00281135788585887
0.0137756536407085
0.00815293786899072
0.0233342704526286
0.012369974697779
0.00787180208040484
0.0179926904694968
0.00815293786899072
0.00730953050323306
0.00702839471464717
0.00843407365757661
0.0115265673320214
0.0191172336238403
0.0109642957548496
0.0101208883890919
0.0120888389091931
0.00815293786899072
0.00787180208040484
0.0168681473151532
0.00815293786899072
0.0087152094461625
0.0126511104863649
0.00702839471464717
0.00562271577171774
0.00618498734888951
0.0126511104863649
0.00702839471464717
0.0134945178521226
0.0157436041608097
0.0129322462749508
0.0177115546809109
0.014900196795052
0.0143379252178802
0.00843407365757661
0.0118077031206073
0.0087152094461625
0.0126511104863649
0.0168681473151532
0.0238965420298004
0.0168681473151532
0.0146190610064661
0.00787180208040484
0.00393590104020242
0.0171492831037391
0.0191172336238403
0.0087152094461625
0.00899634523474838
0.00899634523474838
0.0064661231374754
0.0193983694124262
0.0188360978352544
0.0222097272982851
0.00618498734888951
0.0151813325836379
0.00674725892606129
0.00843407365757661
0.00702839471464717
0.0196795052010121
0.0118077031206073
0.0216474557211133
0.0126511104863649
0.00815293786899072
0.00843407365757661
0.00843407365757661
0.0179926904694968
0.0188360978352544
0.00506044419454597
0.00815293786899072
0.00843407365757661
0.0087152094461625
0.0087152094461625
0.0132133820635367
0.0087152094461625
0.00702839471464717
0.00702839471464717
0.00843407365757661
0.012369974697779
0.00702839471464717
0.0140567894292943
0.00506044419454597
0.00393590104020242
0.00815293786899072
0.00618498734888951
0.00702839471464717
0.00365476525161653
0.00365476525161653
0.00730953050323306
0.00730953050323306
0.00815293786899072
0.00759066629181895
0.00787180208040484
0.00787180208040484
0.0168681473151532
0.0160247399493956
0.0160247399493956
0.0160247399493956
0.0151813325836379
0.00590385156030363
0.00618498734888951
0.00843407365757661
0.00843407365757661
0.00702839471464717
0.00730953050323306
0.00590385156030363
0.0087152094461625
0.00927748102333427
0.0146190610064661
0.012369974697779
0.012369974697779
0.0109642957548496
0.0146190610064661
0.014900196795052
0.0227719988754568
0.0143379252178802
0.0101208883890919
0.022490863086871
0.0118077031206073
0.0126511104863649
0.00562271577171774
0.00618498734888951
0.0151813325836379
0.0219285915096992
0.014900196795052
0.00534157998313185
0.0126511104863649
0.0115265673320214
0.0143379252178802
0.00702839471464717
0.00702839471464717
0.00702839471464717
0.00702839471464717
0.014900196795052
0.0112454315434355
0.0146190610064661
0.00365476525161653
0.00449817261737419
0.00815293786899072
0.0143379252178802
0.00590385156030363
0.014900196795052
0.0042170368287883
0.0115265673320214
0.0087152094461625
0.00899634523474838
0.00674725892606129
0.0163058757379814
0.00730953050323306
0.0064661231374754
0.0112454315434355
0.0151813325836379
0.00983975260050604
0.00955861681192016
0.0104020241776778
0.0154624683722238
0.00702839471464717
0.012369974697779
0.00590385156030363
0.0064661231374754
0.0104020241776778
0.0112454315434355
0.0151813325836379
0.0118077031206073
0.0101208883890919
0.014900196795052
0.0126511104863649
0.0087152094461625
0.0112454315434355
0.0151813325836379
0.00506044419454597
0.0120888389091931
0.0137756536407085
0.0106831599662637
0.0247399493955581
0.0219285915096992
0.00843407365757661
0.00899634523474838
0.00955861681192016
0.0109642957548496
0.0112454315434355
0.0182738262580827
0.0118077031206073
0.00899634523474838
0.00759066629181895
0.014900196795052
0.0179926904694968
0.0146190610064661
0.0163058757379814
0.00281135788585887
0.00562271577171774
0.0140567894292943
0.0112454315434355
0.00955861681192016
0.0227719988754568
0.0193983694124262
0.0210851841439415
0.0193983694124262
0.0193983694124262
0.0196795052010121
0.0210851841439415
0.0202417767781839
0.0208040483553556
0.0191172336238403
0.0196795052010121
0.00815293786899072
0.0064661231374754
0.0101208883890919
0.00983975260050604
0.0087152094461625
0.0118077031206073
0.00927748102333427
0.0140567894292943
0.0193983694124262
0.0115265673320214
0.00955861681192016
0.0168681473151532
0.0132133820635367
0.0196795052010121
0.0196795052010121
0.0140567894292943
0.00168681473151532
0.0132133820635367
0.00759066629181895
0.0101208883890919
0.00787180208040484
0.012369974697779
0.0191172336238403
0.00983975260050604
0.00562271577171774
0.0109642957548496
0.00562271577171774
0.0132133820635367
0.0106831599662637
0.014900196795052
0.0137756536407085
0.00562271577171774
0.00618498734888951
0.0134945178521226
0.00337362946303064
0.0087152094461625
0.00843407365757661
0.0132133820635367
0.0188360978352544
0.0188360978352544
0.0185549620466685
0.0143379252178802
0.0154624683722238
0.0179926904694968
0.0163058757379814
0.0171492831037391
0.0140567894292943
0.0132133820635367
0.00562271577171774
0.0104020241776778
0.0109642957548496
0.0120888389091931
0.000562271577171774
0.00843407365757661
0.00759066629181895
0.000843407365757661
0.00730953050323306
0.0109642957548496
0.00477930840596008
0.00562271577171774
0.0104020241776778
0.00477930840596008
0.0126511104863649
0.000281135788585887
0.0109642957548496
0.0087152094461625
0.00899634523474838
0.0106831599662637
0.00140567894292943
0.00618498734888951
0.00759066629181895
0.00393590104020242
0.00112454315434355
0.00590385156030363
0.00506044419454597
0.00787180208040484
0.00955861681192016
0.00562271577171774
0.00674725892606129
0.0101208883890919
0.0064661231374754
0.0140567894292943
0.00759066629181895
0.00562271577171774
0.0118077031206073
0.0126511104863649
0.012369974697779
0.00759066629181895
0.0126511104863649
0.012369974697779
0.0126511104863649
0.00590385156030363
0.012369974697779
0.0115265673320214
0.00562271577171774
0.00393590104020242
0.012369974697779
0.00787180208040484
0.0126511104863649
0.0118077031206073
0.00618498734888951
0.00899634523474838
0.00562271577171774
0.00562271577171774
0.00787180208040484
0.000562271577171774
0.00534157998313185
0.0134945178521226
0.00730953050323306
0.0120888389091931
0.00730953050323306
0.00590385156030363
0.00674725892606129
0.000562271577171774
0.00253022209727298
0.0109642957548496
0.00618498734888951
0.00702839471464717
0.00168681473151532
0.0151813325836379
0.00759066629181895
0.00196795052010121
0.0132133820635367
0.0115265673320214
0.00955861681192016
0.0042170368287883
0.00674725892606129
0.0042170368287883
0.0134945178521226
0.0120888389091931
0.00506044419454597
0.0064661231374754
0.00112454315434355
0.0129322462749508
0.0132133820635367
0.0115265673320214
0.00787180208040484
0.00759066629181895
0.00309249367444476
0.0022490863086871
0.00702839471464717
0.00618498734888951
0.00759066629181895
0.00759066629181895
0.00955861681192016
0.0104020241776778
0.0129322462749508
0.0064661231374754
0.00702839471464717
0.00787180208040484
0.00674725892606129
0.00759066629181895
0.00590385156030363
0.00506044419454597
0.00562271577171774
0.00983975260050604
0.0104020241776778
0.0112454315434355
0.00449817261737419
0.00309249367444476
0.00506044419454597
0.00927748102333427
0.00477930840596008
0.00787180208040484
0.0042170368287883
0.00590385156030363
0.00562271577171774
0.00618498734888951
0.00534157998313185
0.00730953050323306
0.00759066629181895
0.0064661231374754
0.00562271577171774
0.00562271577171774
0.00281135788585887
0.00562271577171774
0.00702839471464717
0.00562271577171774
0.00674725892606129
0.00281135788585887
0.00112454315434355
0.00168681473151532
0.0132133820635367
0.0104020241776778
0.0179926904694968
0.00674725892606129
0.0042170368287883
0.0146190610064661
0.0064661231374754
0.0104020241776778
0.0188360978352544
0.0196795052010121
0.0064661231374754
0.00618498734888951
0.0230531346640427
0.0193983694124262
0.0188360978352544
0.0129322462749508
0.00449817261737419
0.00337362946303064
0.00506044419454597
0.00927748102333427
0.0132133820635367
0.0134945178521226
0.0137756536407085
0.0134945178521226
0.00365476525161653
0.0087152094461625
0.0193983694124262
0.0241776778183863
0.0101208883890919
0.0112454315434355
0.0064661231374754
0.0064661231374754
0.022490863086871
0.0216474557211133
0.0193983694124262
0.0202417767781839
0.00534157998313185
0.0230531346640427
0.00702839471464717
0.00674725892606129
0.0129322462749508
0.0188360978352544
0.0193983694124262
0.0118077031206073
0.00618498734888951
0.0193983694124262
0.0238965420298004
0.0064661231374754
0.0193983694124262
0.0205229125667697
0.0191172336238403
0.0191172336238403
0.0177115546809109
0.0196795052010121
0.0238965420298004
0.0154624683722238
0.0177115546809109
0.0222097272982851
0.019960640989598
0.0134945178521226
0.0227719988754568
0.0216474557211133
0.0236154062412145
0.0241776778183863
0.0241776778183863
0.0233342704526286
0.0193983694124262
0.00562271577171774
0.00618498734888951
0.00730953050323306
0.012369974697779
0.00983975260050604
0.0118077031206073
0.00674725892606129
0.0208040483553556
0.0134945178521226
0.0188360978352544
0.00477930840596008
0.0208040483553556
0.0193983694124262
0.0210851841439415
0.019960640989598
0.0132133820635367
0.0109642957548496
0.0163058757379814
0.0202417767781839
0.0115265673320214
0.017430418892325
0.0188360978352544
0.0185549620466685
0.0182738262580827
0.0208040483553556
0.0202417767781839
0.0202417767781839
0.0196795052010121
0.0151813325836379
0.0193983694124262
0.0188360978352544
0.0191172336238403
0.0227719988754568
0.019960640989598
0.0165870115265673
0.0193983694124262
0.0202417767781839
0.0188360978352544
0.0208040483553556
0.017430418892325
0.0188360978352544
0.0213663199325274
0.0193983694124262
0.0134945178521226
0.0222097272982851
0.0208040483553556
0.022490863086871
0.0233342704526286
0.0137756536407085
0.0154624683722238
0.0205229125667697
0.0064661231374754
0.0191172336238403
0.0168681473151532
0.0177115546809109
0.022490863086871
0.022490863086871
0.00787180208040484
0.019960640989598
0.0205229125667697
0.019960640989598
0.019960640989598
0.0205229125667697
0.0132133820635367
0.0064661231374754
0.00955861681192016
0.0213663199325274
0.00253022209727298
0.0230531346640427
0.0241776778183863
0.0230531346640427
0.0230531346640427
0.0160247399493956
0.0222097272982851
0.0230531346640427
0.0112454315434355
0.0222097272982851
0.0143379252178802
0.0210851841439415
0.022490863086871
0.0230531346640427
0.0236154062412145
0.0230531346640427
0.0227719988754568
0.0236154062412145
0.0146190610064661
0.0137756536407085
0.0115265673320214
0.0132133820635367
0.014900196795052
0.0126511104863649
0.0227719988754568
0.022490863086871
0.0137756536407085
0.0219285915096992
0.0104020241776778
0.000843407365757661
0.0191172336238403
0.0202417767781839
0.0219285915096992
0.0179926904694968
0.00590385156030363
0.00618498734888951
0.00140567894292943
0.017430418892325
0.0222097272982851
0.0064661231374754
0.0219285915096992
0.0216474557211133
0.00899634523474838
0.0222097272982851
0.0213663199325274
0.022490863086871
0.0222097272982851
0.00843407365757661
0.0222097272982851
0.0140567894292943
0.0140567894292943
0.0126511104863649
0.0208040483553556
0.0179926904694968
0.0213663199325274
0.0222097272982851
0.0165870115265673
0.0163058757379814
0.0241776778183863
0.00843407365757661
0.00674725892606129
0.00702839471464717
0.0134945178521226
0.0244588136069722
0.00730953050323306
0.00843407365757661
0.00787180208040484
0.00759066629181895
0.00815293786899072
0.00702839471464717
0.0219285915096992
0.0222097272982851
0.0157436041608097
0.00702839471464717
0.0191172336238403
0.00674725892606129
0.017430418892325
0.00674725892606129
0.0165870115265673
0.0163058757379814
0.0143379252178802
0.0140567894292943
0.00899634523474838
0.0101208883890919
0.0160247399493956
0.0168681473151532
0.0140567894292943
0.0143379252178802
0.0140567894292943
0.014900196795052
0.0129322462749508
0.0151813325836379
0.0163058757379814
0.0160247399493956
0.0140567894292943
0.0157436041608097
0.0140567894292943
0.0163058757379814
0.00365476525161653
0.0146190610064661
0.0168681473151532
0.00534157998313185
0.0140567894292943
0.0165870115265673
0.0171492831037391
0.0143379252178802
0.0112454315434355
0.00337362946303064
0.012369974697779
0.00393590104020242
0.0168681473151532
0.00253022209727298
0.00196795052010121
0.0143379252178802
0.0064661231374754
0.00449817261737419
0.0140567894292943
0.0168681473151532
0.0134945178521226
0.0064661231374754
0.0168681473151532
0.0165870115265673
0.0165870115265673
0.0042170368287883
0.00815293786899072
0.0163058757379814
0.00730953050323306
0.00702839471464717
0.0160247399493956
0.0157436041608097
0.00534157998313185
0.00506044419454597
0.0165870115265673
0.0112454315434355
0.00337362946303064
0.00309249367444476
0.00393590104020242
0.00590385156030363
0.00365476525161653
0.00168681473151532
0.000281135788585887
0.00281135788585887
0.00253022209727298
0.00196795052010121
0.00140567894292943
0.00112454315434355
0.00112454315434355
0.000843407365757661
0.00112454315434355
0.0022490863086871
0.00112454315434355
0.000562271577171774
0.000281135788585887
0.00168681473151532
0.000843407365757661
0.00112454315434355
0.00196795052010121
0.0022490863086871
0.00168681473151532
0.000562271577171774
0.000843407365757661
0.000562271577171774
0.00140567894292943
0.000562271577171774
0.0064661231374754
0.000562271577171774
0.00253022209727298
0.00168681473151532
0.000843407365757661
0.00140567894292943
0.00112454315434355
0.00253022209727298
0.00140567894292943
0.00112454315434355
0.000843407365757661
0.000562271577171774
0.000281135788585887
0.000281135788585887
0.000562271577171774
0.00309249367444476
0.000843407365757661
0.0022490863086871
0.00112454315434355
0.00449817261737419
0.00506044419454597
0.00112454315434355
0.000843407365757661
0.00140567894292943
0.000843407365757661
0.00140567894292943
0.000281135788585887
0.000562271577171774
0.00365476525161653
0.00168681473151532
0.00112454315434355
0.00112454315434355
0.00309249367444476
0.00253022209727298
0.00168681473151532
0.00112454315434355
0.00112454315434355
0.000843407365757661
0.0042170368287883
0.00140567894292943
0.000843407365757661
0.000281135788585887
0.00253022209727298
0.00309249367444476
0.00393590104020242
0.0042170368287883
0.00168681473151532
0.00253022209727298
0.00112454315434355
0.00168681473151532
0.00112454315434355
0.00196795052010121
0.000843407365757661
0.00112454315434355
0.000562271577171774
0.00281135788585887
0.00759066629181895
0.00281135788585887
0.00196795052010121
0.00112454315434355
0.000843407365757661
0.0042170368287883
0.00196795052010121
0.00112454315434355
0.0022490863086871
0.00196795052010121
0.00112454315434355
0.000843407365757661
0.00196795052010121
0.00253022209727298
0.00309249367444476
0.00281135788585887
0.0022490863086871
0.00337362946303064
0.00393590104020242
0.00365476525161653
0.00449817261737419
0.00281135788585887
0.00309249367444476
0.0022490863086871
0.000843407365757661
0.0022490863086871
0.00253022209727298
0.000843407365757661
0.00365476525161653
0.022490863086871
0.0160247399493956
0.00730953050323306
0.00196795052010121
0.000281135788585887
0.00309249367444476
0.00168681473151532
0.00112454315434355
0.000843407365757661
0.00787180208040484
0.0064661231374754
0.00843407365757661
0.00618498734888951
0.00759066629181895
0.00618498734888951
0.00590385156030363
0.00477930840596008
0.00759066629181895
0.00168681473151532
0.0101208883890919
0.00365476525161653
0.00534157998313185
0.00730953050323306
0.00253022209727298
0.000562271577171774
0.000281135788585887
0.000281135788585887
0.0022490863086871
0.0022490863086871
0.00393590104020242
0.00253022209727298
0.00281135788585887
0.00168681473151532
0.00112454315434355
0.000843407365757661
0.0042170368287883
0.0101208883890919
0.00562271577171774
0.00140567894292943
0.0042170368287883
0.00337362946303064
0.00309249367444476
0.00393590104020242
0.000562271577171774
0.00281135788585887
0.00337362946303064
0.00196795052010121
0.00168681473151532
0.00534157998313185
0.00309249367444476
0.000562271577171774
0.0022490863086871
0.00337362946303064
0.00112454315434355
0.000562271577171774
0.0236154062412145
0.0146190610064661
0.00196795052010121
0.00168681473151532
0.00196795052010121
0.00168681473151532
0.00196795052010121
0.00365476525161653
0.00674725892606129
0.00281135788585887
0.00337362946303064
0.00140567894292943
0.00196795052010121
0.00393590104020242
0.00253022209727298
0.00477930840596008
0.000281135788585887
0.000281135788585887
0.00196795052010121
0.00140567894292943
0.000843407365757661
0.000843407365757661
0.000562271577171774
0.00787180208040484
0.0104020241776778
0.00281135788585887
0.00337362946303064
0.00309249367444476
0.00477930840596008
0.000843407365757661
0.0022490863086871
0.0042170368287883
0.0042170368287883
0.0022490863086871
0.00393590104020242
0.00281135788585887
0.0042170368287883
0.00140567894292943
0.0022490863086871
0.000843407365757661
0.00196795052010121
0.00112454315434355
0.00196795052010121
0.0022490863086871
0.00196795052010121
0.00168681473151532
0.00168681473151532
0.00281135788585887
0.000843407365757661
0.000562271577171774
0.0022490863086871
0.000562271577171774
0.00674725892606129
0.00899634523474838
0.0118077031206073
0.0163058757379814
0.00955861681192016
0.00253022209727298
0.0022490863086871
0.000843407365757661
0.00253022209727298
0.0087152094461625
0.00674725892606129
0.000562271577171774
0.000281135788585887
0.0126511104863649
0.0129322462749508
0.0112454315434355
0.0022490863086871
0.00140567894292943
0.000281135788585887
0.00702839471464717
0.012369974697779
0.012369974697779
0.0112454315434355
0.00787180208040484
0.00590385156030363
0.00955861681192016
0.0042170368287883
0.0146190610064661
0.0022490863086871
0.00955861681192016
0.0064661231374754
0.00787180208040484
0.00534157998313185
0.00815293786899072
0.0109642957548496
0.00702839471464717
0.00365476525161653
0.0112454315434355
0.00477930840596008
0.000562271577171774
0.000562271577171774
0.000843407365757661
0.00449817261737419
0.0134945178521226
0.0087152094461625
0.00309249367444476
0.00140567894292943
0.0236154062412145
0.0104020241776778
0.0165870115265673
0.00393590104020242
0.00787180208040484
0.00562271577171774
