3.37362946303064e-05
0.000112454315434355
6.74725892606129e-05
7.87180208040484e-05
7.87180208040484e-05
0.000112454315434355
0.00012369974697779
0.00012369974697779
0.00012369974697779
0.000134945178521226
7.87180208040484e-05
7.87180208040484e-05
0.000101208883890919
8.99634523474838e-05
0.00012369974697779
5.62271577171774e-05
6.74725892606129e-05
5.62271577171774e-05
5.62271577171774e-05
6.74725892606129e-05
0.00012369974697779
1.12454315434355e-05
3.37362946303064e-05
4.49817261737419e-05
7.87180208040484e-05
3.37362946303064e-05
4.49817261737419e-05
3.37362946303064e-05
7.87180208040484e-05
0.000146190610064661
4.49817261737419e-05
8.99634523474838e-05
0.000134945178521226
4.49817261737419e-05
0.000134945178521226
4.49817261737419e-05
7.87180208040484e-05
0.00012369974697779
0.000112454315434355
8.99634523474838e-05
3.37362946303064e-05
1.12454315434355e-05
1.12454315434355e-05
3.37362946303064e-05
0.000146190610064661
0.000101208883890919
0.000134945178521226
0.000134945178521226
5.62271577171774e-05
0.000134945178521226
0.00012369974697779
0.000134945178521226
2.2490863086871e-05
4.49817261737419e-05
4.49817261737419e-05
2.2490863086871e-05
7.87180208040484e-05
0.000101208883890919
3.37362946303064e-05
2.2490863086871e-05
5.62271577171774e-05
5.62271577171774e-05
2.2490863086871e-05
4.49817261737419e-05
3.37362946303064e-05
7.87180208040484e-05
8.99634523474838e-05
3.37362946303064e-05
7.87180208040484e-05
7.87180208040484e-05
4.49817261737419e-05
8.99634523474838e-05
0.000101208883890919
3.37362946303064e-05
1.12454315434355e-05
2.2490863086871e-05
3.37362946303064e-05
3.37362946303064e-05
3.37362946303064e-05
3.37362946303064e-05
6.74725892606129e-05
6.74725892606129e-05
6.74725892606129e-05
3.37362946303064e-05
4.49817261737419e-05
0.000101208883890919
0.000101208883890919
0.000101208883890919
8.99634523474838e-05
1.12454315434355e-05
0.000101208883890919
4.49817261737419e-05
7.87180208040484e-05
6.74725892606129e-05
7.87180208040484e-05
6.74725892606129e-05
5.62271577171774e-05
2.2490863086871e-05
4.49817261737419e-05
0.000247399493955581
0.000236154062412145
0.000247399493955581
0.000179926904694968
0.000191172336238403
3.37362946303064e-05
0.000247399493955581
1.12454315434355e-05
0.000236154062412145
0.000258644925499016
0.0003486083778465
0.000269890357042451
0.000314872083216193
0.000236154062412145
0.000449817261737419
0.000236154062412145
0.000191172336238403
0.00022490863086871
0.000179926904694968
6.74725892606129e-05
0.000281135788585887
0.000247399493955581
3.37362946303064e-05
1.12454315434355e-05
0.0003486083778465
0.000213663199325274
0.000258644925499016
0.000236154062412145
0.000191172336238403
0.000191172336238403
0.000213663199325274
7.87180208040484e-05
0.000303626651672758
0.000213663199325274
0.000292381220129322
0.000269890357042451
0.000236154062412145
0.000258644925499016
0.000213663199325274
0.000258644925499016
0.000404835535563677
0.000303626651672758
0.0003486083778465
0.000101208883890919
0.000101208883890919
0.000101208883890919
0.000101208883890919
3.37362946303064e-05
4.49817261737419e-05
0.000101208883890919
0.000101208883890919
8.99634523474838e-05
0.000112454315434355
6.74725892606129e-05
7.87180208040484e-05
0.000101208883890919
0.000112454315434355
0.000101208883890919
4.49817261737419e-05
0.000101208883890919
0.000101208883890919
8.99634523474838e-05
3.37362946303064e-05
4.49817261737419e-05
4.49817261737419e-05
8.99634523474838e-05
8.99634523474838e-05
5.62271577171774e-05
8.99634523474838e-05
7.87180208040484e-05
5.62271577171774e-05
0.000101208883890919
3.37362946303064e-05
1.12454315434355e-05
6.74725892606129e-05
6.74725892606129e-05
6.74725892606129e-05
7.87180208040484e-05
6.74725892606129e-05
0.000101208883890919
0.000101208883890919
0.000101208883890919
0.000101208883890919
0.000101208883890919
0.000112454315434355
8.99634523474838e-05
3.37362946303064e-05
5.62271577171774e-05
2.2490863086871e-05
2.2490863086871e-05
4.49817261737419e-05
4.49817261737419e-05
4.49817261737419e-05
7.87180208040484e-05
7.87180208040484e-05
6.74725892606129e-05
3.37362946303064e-05
0.000101208883890919
0.000101208883890919
7.87180208040484e-05
7.87180208040484e-05
3.37362946303064e-05
6.74725892606129e-05
0.000236154062412145
7.87180208040484e-05
0.000112454315434355
4.49817261737419e-05
3.37362946303064e-05
0.000146190610064661
1.12454315434355e-05
8.99634523474838e-05
4.49817261737419e-05
3.37362946303064e-05
6.74725892606129e-05
2.2490863086871e-05
4.49817261737419e-05
6.74725892606129e-05
8.99634523474838e-05
3.37362946303064e-05
3.37362946303064e-05
4.49817261737419e-05
6.74725892606129e-05
0.00012369974697779
0.000213663199325274
6.74725892606129e-05
6.74725892606129e-05
7.87180208040484e-05
4.49817261737419e-05
0.000202417767781839
4.49817261737419e-05
3.37362946303064e-05
7.87180208040484e-05
0.00022490863086871
0.000202417767781839
0.000213663199325274
0.000101208883890919
8.99634523474838e-05
8.99634523474838e-05
7.87180208040484e-05
5.62271577171774e-05
0.000213663199325274
0.000101208883890919
6.74725892606129e-05
4.49817261737419e-05
8.99634523474838e-05
0.000168681473151532
0.000236154062412145
0.000101208883890919
0.000179926904694968
6.74725892606129e-05
5.62271577171774e-05
4.49817261737419e-05
5.62271577171774e-05
0.000202417767781839
0.000213663199325274
0.000168681473151532
8.99634523474838e-05
0.00022490863086871
0.000168681473151532
0.000213663199325274
0.000101208883890919
5.62271577171774e-05
0.000112454315434355
0.00012369974697779
0.000101208883890919
7.87180208040484e-05
0.000101208883890919
3.37362946303064e-05
0.000101208883890919
0.000191172336238403
5.62271577171774e-05
0.000101208883890919
8.99634523474838e-05
0.000236154062412145
6.74725892606129e-05
5.62271577171774e-05
0.000146190610064661
0.00012369974697779
0.000146190610064661
0.000146190610064661
7.87180208040484e-05
0.00012369974697779
0.000146190610064661
2.2490863086871e-05
5.62271577171774e-05
5.62271577171774e-05
0.000157436041608097
4.49817261737419e-05
8.99634523474838e-05
5.62271577171774e-05
3.37362946303064e-05
8.99634523474838e-05
0.000101208883890919
0.000146190610064661
0.000146190610064661
5.62271577171774e-05
0.000146190610064661
7.87180208040484e-05
6.74725892606129e-05
5.62271577171774e-05
6.74725892606129e-05
4.49817261737419e-05
0.000134945178521226
0.000168681473151532
0.000236154062412145
4.49817261737419e-05
0.000157436041608097
0.000168681473151532
0.000258644925499016
7.87180208040484e-05
0.000101208883890919
0.000157436041608097
0.000168681473151532
0.000258644925499016
7.87180208040484e-05
0.000146190610064661
0.00012369974697779
0.000157436041608097
0.000168681473151532
0.000168681473151532
6.74725892606129e-05
5.62271577171774e-05
4.49817261737419e-05
4.49817261737419e-05
7.87180208040484e-05
0.000101208883890919
0.000112454315434355
0.000146190610064661
0.000134945178521226
0.000134945178521226
0.000146190610064661
5.62271577171774e-05
5.62271577171774e-05
6.74725892606129e-05
0.000236154062412145
0.000213663199325274
0.000236154062412145
0.000247399493955581
0.000157436041608097
0.000247399493955581
0.000179926904694968
0.000247399493955581
0.000202417767781839
0.000236154062412145
0.000146190610064661
0.000213663199325274
0.00012369974697779
0.000179926904694968
0.000168681473151532
0.000157436041608097
5.62271577171774e-05
0.00012369974697779
0.00012369974697779
0.00012369974697779
1.12454315434355e-05
3.37362946303064e-05
0.000101208883890919
7.87180208040484e-05
0.000157436041608097
0.000382344672476806
0.000179926904694968
6.74725892606129e-05
0.000168681473151532
7.87180208040484e-05
7.87180208040484e-05
0.000281135788585887
0.000146190610064661
0.000101208883890919
0.000292381220129322
0.000168681473151532
0.000292381220129322
0.000101208883890919
3.37362946303064e-05
2.2490863086871e-05
0.000157436041608097
0.000134945178521226
0.000269890357042451
6.74725892606129e-05
6.74725892606129e-05
0.000168681473151532
0.000269890357042451
0.000157436041608097
0.000258644925499016
7.87180208040484e-05
6.74725892606129e-05
8.99634523474838e-05
4.49817261737419e-05
7.87180208040484e-05
8.99634523474838e-05
0.00012369974697779
6.74725892606129e-05
7.87180208040484e-05
7.87180208040484e-05
0.000247399493955581
0.000303626651672758
0.000101208883890919
7.87180208040484e-05
8.99634523474838e-05
6.74725892606129e-05
7.87180208040484e-05
6.74725892606129e-05
0.00022490863086871
0.000157436041608097
0.00022490863086871
0.000292381220129322
0.000292381220129322
0.000247399493955581
8.99634523474838e-05
4.49817261737419e-05
7.87180208040484e-05
8.99634523474838e-05
8.99634523474838e-05
0.000269890357042451
0.000269890357042451
0.00022490863086871
5.62271577171774e-05
0.000247399493955581
0.000112454315434355
0.000168681473151532
0.000281135788585887
0.000258644925499016
0.000281135788585887
0.000101208883890919
0.000281135788585887
0.000168681473151532
7.87180208040484e-05
0.000134945178521226
0.000134945178521226
5.62271577171774e-05
2.2490863086871e-05
3.37362946303064e-05
2.2490863086871e-05
0.000191172336238403
0.000157436041608097
0.000157436041608097
0.000146190610064661
0.000236154062412145
0.000202417767781839
0.000236154062412145
0.000157436041608097
0.000202417767781839
0.000168681473151532
0.000157436041608097
0.000281135788585887
0.000281135788585887
0.000269890357042451
8.99634523474838e-05
0.000269890357042451
4.49817261737419e-05
5.62271577171774e-05
0.000101208883890919
4.49817261737419e-05
4.49817261737419e-05
6.74725892606129e-05
0.000213663199325274
0.000168681473151532
0.000179926904694968
0.000247399493955581
7.87180208040484e-05
0.000247399493955581
0.000168681473151532
7.87180208040484e-05
1.12454315434355e-05
0.000281135788585887
0.000168681473151532
4.49817261737419e-05
0.000213663199325274
0.000314872083216193
7.87180208040484e-05
0.000179926904694968
8.99634523474838e-05
0.000303626651672758
0.000281135788585887
5.62271577171774e-05
6.74725892606129e-05
0.000281135788585887
7.87180208040484e-05
6.74725892606129e-05
0.000303626651672758
0.000292381220129322
7.87180208040484e-05
8.99634523474838e-05
0.000157436041608097
0.000303626651672758
7.87180208040484e-05
0.00012369974697779
7.87180208040484e-05
4.49817261737419e-05
0.000281135788585887
0.000314872083216193
0.000168681473151532
0.000281135788585887
5.62271577171774e-05
0.000292381220129322
0.000292381220129322
2.2490863086871e-05
0.000101208883890919
3.37362946303064e-05
4.49817261737419e-05
0.000213663199325274
3.37362946303064e-05
0.000292381220129322
0.000303626651672758
0.000101208883890919
0.00012369974697779
0.000281135788585887
7.87180208040484e-05
0.000112454315434355
6.74725892606129e-05
0.000303626651672758
3.37362946303064e-05
6.74725892606129e-05
7.87180208040484e-05
5.62271577171774e-05
0.000168681473151532
0.000134945178521226
5.62271577171774e-05
8.99634523474838e-05
0.000236154062412145
0.000202417767781839
0.000269890357042451
0.000303626651672758
6.74725892606129e-05
0.000337362946303064
0.000314872083216193
0.000191172336238403
0.000281135788585887
7.87180208040484e-05
8.99634523474838e-05
7.87180208040484e-05
0.000101208883890919
0.000112454315434355
8.99634523474838e-05
7.87180208040484e-05
7.87180208040484e-05
0.000168681473151532
0.000134945178521226
0.000179926904694968
7.87180208040484e-05
0.000168681473151532
7.87180208040484e-05
5.62271577171774e-05
8.99634523474838e-05
0.00012369974697779
0.000179926904694968
8.99634523474838e-05
8.99634523474838e-05
0.000101208883890919
4.49817261737419e-05
5.62271577171774e-05
0.000112454315434355
0.00012369974697779
0.00012369974697779
0.000101208883890919
0.00012369974697779
0.000157436041608097
0.00012369974697779
0.000101208883890919
0.00012369974697779
0.000134945178521226
0.000191172336238403
0.000258644925499016
0.000877143660387967
0.000179926904694968
0.000112454315434355
0.000157436041608097
0.000179926904694968
0.00012369974697779
0.00012369974697779
0.000168681473151532
0.000134945178521226
0.000157436041608097
0.000179926904694968
0.000112454315434355
0.00012369974697779
2.2490863086871e-05
0.000134945178521226
8.99634523474838e-05
7.87180208040484e-05
0.000112454315434355
0.000157436041608097
0.000112454315434355
0.00012369974697779
0.000157436041608097
0.000112454315434355
0.000112454315434355
0.000179926904694968
0.000236154062412145
0.000202417767781839
0.000236154062412145
0.000157436041608097
0.000112454315434355
8.99634523474838e-05
0.000134945178521226
0.000112454315434355
0.000134945178521226
7.87180208040484e-05
0.000134945178521226
7.87180208040484e-05
0.000112454315434355
0.000112454315434355
0.000101208883890919
0.000146190610064661
0.000101208883890919
0.000112454315434355
0.000146190610064661
0.000157436041608097
0.000179926904694968
0.000112454315434355
0.000112454315434355
7.87180208040484e-05
8.99634523474838e-05
0.000134945178521226
0.00012369974697779
0.000157436041608097
0.000134945178521226
0.00012369974697779
0.000112454315434355
0.00012369974697779
0.00012369974697779
4.49817261737419e-05
4.49817261737419e-05
0.000101208883890919
0.000101208883890919
0.00012369974697779
4.49817261737419e-05
0.000101208883890919
0.000134945178521226
0.000134945178521226
0.00012369974697779
0.000146190610064661
0.000179926904694968
0.000112454315434355
0.000157436041608097
0.000134945178521226
0.000134945178521226
0.000179926904694968
0.00012369974697779
3.37362946303064e-05
0.00012369974697779
0.000134945178521226
0.000146190610064661
0.000101208883890919
0.000146190610064661
0.000168681473151532
0.000202417767781839
0.000101208883890919
0.000134945178521226
0.00012369974697779
0.000112454315434355
0.000146190610064661
0.000146190610064661
0.000146190610064661
0.000157436041608097
0.000179926904694968
0.000134945178521226
0.000146190610064661
0.000134945178521226
0.000157436041608097
5.62271577171774e-05
8.99634523474838e-05
0.00012369974697779
0.000157436041608097
0.000168681473151532
7.87180208040484e-05
0.000112454315434355
2.2490863086871e-05
7.87180208040484e-05
0.000146190610064661
0.000157436041608097
0.000179926904694968
0.000179926904694968
0.000134945178521226
8.99634523474838e-05
0.000168681473151532
0.000179926904694968
7.87180208040484e-05
0.000157436041608097
0.000146190610064661
0.000134945178521226
8.99634523474838e-05
8.99634523474838e-05
0.000101208883890919
0.000101208883890919
0.000112454315434355
8.99634523474838e-05
3.37362946303064e-05
0.000134945178521226
0.000629744166432387
0.000134945178521226
0.000112454315434355
0.000157436041608097
7.87180208040484e-05
0.000146190610064661
0.000146190610064661
0.000157436041608097
0.000157436041608097
0.000157436041608097
0.000112454315434355
0.00012369974697779
5.62271577171774e-05
0.000112454315434355
5.62271577171774e-05
0.000101208883890919
8.99634523474838e-05
8.99634523474838e-05
0.000933370818105145
0.000236154062412145
0.000899634523474838
0.000910879955018274
0.00082091650267079
0.00047230812482429
0.000832161934214226
0.000494798987911161
0.000910879955018274
0.000427326398650548
0.000854652797301096
0.000922125386561709
0.000933370818105145
0.000922125386561709
0.000281135788585887
0.000506044419454597
0.000449817261737419
0.00094461624964858
0.000101208883890919
0.000753443913410177
0.000101208883890919
0.000910879955018274
0.000697216755693
0.000101208883890919
0.000269890357042451
0.000832161934214226
0.000146190610064661
3.37362946303064e-05
0.000922125386561709
0.00094461624964858
0.000112454315434355
0.000798425639583919
0.000933370818105145
0.000798425639583919
0.000506044419454597
0.000753443913410177
0.000517289850998032
0.000899634523474838
0.000809671071127355
0.000483553556367726
0.000899634523474838
0.000371099240933371
0.000775934776497048
0.000528535282541468
0.000292381220129322
0.000865898228844532
0.000775934776497048
0.00094461624964858
0.000179926904694968
0.000236154062412145
0.000146190610064661
0.000134945178521226
0.000933370818105145
0.000393590104020242
0.000157436041608097
2.2490863086871e-05
8.99634523474838e-05
0.000832161934214226
0.000168681473151532
0.000832161934214226
0.000843407365757661
0.000854652797301096
0.000427326398650548
0.000922125386561709
0.00094461624964858
0.000640989597975822
0.000112454315434355
7.87180208040484e-05
0.000506044419454597
0.000359853809389935
4.49817261737419e-05
0.000303626651672758
0.000753443913410177
0.000933370818105145
0.000933370818105145
0.000281135788585887
0.000112454315434355
0.000922125386561709
0.000753443913410177
0.000877143660387967
0.000416080967107113
0.000303626651672758
0.000258644925499016
0.000326117514759629
7.87180208040484e-05
0.000292381220129322
0.000191172336238403
0.000798425639583919
0.000562271577171774
0.000798425639583919
0.000213663199325274
0.000877143660387967
6.74725892606129e-05
0.000101208883890919
0.000663480461062693
0.000708462187236435
0.000854652797301096
0.000877143660387967
0.000438571830193984
0.000101208883890919
0.000146190610064661
0.000742198481866742
0.00047230812482429
0.000832161934214226
0.000922125386561709
0.000483553556367726
5.62271577171774e-05
0.000663480461062693
0.000404835535563677
8.99634523474838e-05
0.000179926904694968
0.000292381220129322
6.74725892606129e-05
0.000832161934214226
5.62271577171774e-05
0.000865898228844532
0.000281135788585887
0.000191172336238403
0.00012369974697779
0.000112454315434355
0.000404835535563677
0.000269890357042451
0.00082091650267079
0.000168681473151532
0.000809671071127355
0.000146190610064661
0.00082091650267079
0.000416080967107113
0.000708462187236435
0.000910879955018274
0.000629744166432387
0.000922125386561709
0.000854652797301096
0.000899634523474838
0.000427326398650548
0.000427326398650548
0.000562271577171774
0.000607253303345516
0.000416080967107113
0.000506044419454597
0.000967107112735451
0.000854652797301096
0.000416080967107113
0.000730953050323306
0.000843407365757661
0.000955861681192016
0.000854652797301096
0.000877143660387967
0.000719707618779871
0.000798425639583919
0.000764689344953613
0.000787180208040484
0.000753443913410177
0.00082091650267079
0.00082091650267079
0.000809671071127355
6.74725892606129e-05
0.000168681473151532
0.000303626651672758
0.000663480461062693
0.000697216755693
0.000314872083216193
0.000359853809389935
0.00022490863086871
0.000157436041608097
0.000562271577171774
0.000404835535563677
0.000382344672476806
0.00012369974697779
6.74725892606129e-05
0.000247399493955581
0.000258644925499016
0.000168681473151532
0.000157436041608097
0.000168681473151532
0.000101208883890919
5.62271577171774e-05
3.37362946303064e-05
0.000371099240933371
0.000416080967107113
0.000393590104020242
0.000371099240933371
0.000281135788585887
0.000427326398650548
0.000382344672476806
0.000416080967107113
0.000416080967107113
0.000427326398650548
0.000404835535563677
0.000416080967107113
0.000281135788585887
0.000393590104020242
0.000157436041608097
0.000404835535563677
0.000303626651672758
0.000134945178521226
0.000382344672476806
0.000269890357042451
0.000146190610064661
0.000326117514759629
0.000281135788585887
0.000427326398650548
0.000258644925499016
0.000326117514759629
0.0003486083778465
0.000292381220129322
0.000404835535563677
0.000404835535563677
0.000371099240933371
0.000247399493955581
0.000281135788585887
0.00047230812482429
0.000179926904694968
0.000168681473151532
0.000281135788585887
0.000213663199325274
0.000685971324149564
0.000685971324149564
0.000281135788585887
0.000191172336238403
0.000202417767781839
0.000382344672476806
0.000404835535563677
0.000337362946303064
0.000393590104020242
0.000258644925499016
0.000359853809389935
0.000314872083216193
0.000258644925499016
0.000247399493955581
0.000359853809389935
0.000427326398650548
0.000281135788585887
0.0003486083778465
0.000314872083216193
0.000281135788585887
0.000247399493955581
0.000292381220129322
0.000168681473151532
0.000461062693280855
0.000359853809389935
0.000337362946303064
0.000438571830193984
0.000247399493955581
0.000404835535563677
0.000461062693280855
0.000404835535563677
0.000326117514759629
0.000314872083216193
0.000281135788585887
0.0003486083778465
0.000359853809389935
0.000359853809389935
2.2490863086871e-05
0.000269890357042451
0.000359853809389935
0.000438571830193984
0.000269890357042451
0.000393590104020242
0.000247399493955581
0.000359853809389935
0.000269890357042451
0.000236154062412145
0.0003486083778465
0.000359853809389935
0.000303626651672758
0.0003486083778465
0.000404835535563677
0.000326117514759629
0.000371099240933371
0.000337362946303064
0.000404835535563677
0.000461062693280855
0.000416080967107113
0.000382344672476806
6.74725892606129e-05
0.000640989597975822
4.49817261737419e-05
0.000359853809389935
0.000438571830193984
0.000663480461062693
0.000449817261737419
0.000314872083216193
0.000517289850998032
0.000314872083216193
0.000269890357042451
0.000371099240933371
0.000247399493955581
0.000303626651672758
0.000292381220129322
0.000517289850998032
0.000292381220129322
0.000427326398650548
0.000303626651672758
0.000247399493955581
0.000303626651672758
0.000303626651672758
0.000494798987911161
0.000371099240933371
0.000303626651672758
0.000326117514759629
0.000281135788585887
0.000326117514759629
0.000427326398650548
0.000506044419454597
0.000562271577171774
0.000438571830193984
0.000281135788585887
0.000393590104020242
0.000314872083216193
0.000213663199325274
0.000382344672476806
0.000258644925499016
0.000247399493955581
0.000438571830193984
0.000303626651672758
0.000269890357042451
0.000202417767781839
0.000314872083216193
0.000236154062412145
0.000314872083216193
0.000371099240933371
0.000461062693280855
0.000416080967107113
0.000281135788585887
0.000607253303345516
2.2490863086871e-05
0.000303626651672758
0.000461062693280855
0.000179926904694968
0.000303626651672758
0.000393590104020242
5.62271577171774e-05
0.000416080967107113
0.000269890357042451
0.000337362946303064
0.000371099240933371
0.000416080967107113
0.000269890357042451
7.87180208040484e-05
0.00022490863086871
0.000247399493955581
0.000607253303345516
0.000382344672476806
0.000303626651672758
0.000483553556367726
0.000337362946303064
0.000404835535563677
0.000314872083216193
0.0003486083778465
0.000359853809389935
0.000382344672476806
0.000618498734888951
0.0003486083778465
0.000326117514759629
0.0003486083778465
0.000314872083216193
0.0003486083778465
0.000359853809389935
0.000213663199325274
0.000269890357042451
0.00022490863086871
0.000281135788585887
0.000371099240933371
0.000359853809389935
0.000382344672476806
0.000157436041608097
0.000157436041608097
0.000292381220129322
0.000247399493955581
0.000179926904694968
1.12454315434355e-05
0.00022490863086871
5.62271577171774e-05
0.000247399493955581
0.000359853809389935
3.37362946303064e-05
2.2490863086871e-05
0.000213663199325274
2.2490863086871e-05
0.000326117514759629
0.000404835535563677
8.99634523474838e-05
6.74725892606129e-05
8.99634523474838e-05
0.000269890357042451
0.000112454315434355
0.00012369974697779
7.87180208040484e-05
0.000134945178521226
0.000382344672476806
0.000404835535563677
0.000134945178521226
0.000371099240933371
0.000359853809389935
0.000393590104020242
0.000258644925499016
0.000213663199325274
0.000326117514759629
0.000337362946303064
0.000292381220129322
4.49817261737419e-05
0.000101208883890919
0.000371099240933371
0.000303626651672758
8.99634523474838e-05
0.0003486083778465
7.87180208040484e-05
0.00012369974697779
0.000157436041608097
0.000101208883890919
0.00012369974697779
0.0003486083778465
7.87180208040484e-05
0.000157436041608097
0.000134945178521226
0.000157436041608097
6.74725892606129e-05
7.87180208040484e-05
0.000112454315434355
3.37362946303064e-05
0.000112454315434355
0.000134945178521226
0.000382344672476806
0.000292381220129322
6.74725892606129e-05
0.000371099240933371
0.000292381220129322
8.99634523474838e-05
5.62271577171774e-05
0.000337362946303064
0.000303626651672758
5.62271577171774e-05
0.000168681473151532
8.99634523474838e-05
0.000112454315434355
0.000371099240933371
0.000247399493955581
0.000303626651672758
8.99634523474838e-05
8.99634523474838e-05
0.000393590104020242
0.000101208883890919
0.000101208883890919
8.99634523474838e-05
0.000112454315434355
0.0003486083778465
0.000112454315434355
2.2490863086871e-05
0.000292381220129322
0.000303626651672758
7.87180208040484e-05
0.000303626651672758
0.000303626651672758
0.000101208883890919
0.000303626651672758
4.49817261737419e-05
0.000359853809389935
8.99634523474838e-05
7.87180208040484e-05
0.000168681473151532
0.000134945178521226
0.000371099240933371
0.00012369974697779
0.00012369974697779
0.000157436041608097
0.000179926904694968
0.00022490863086871
0.000146190610064661
8.99634523474838e-05
0.00012369974697779
0.000359853809389935
7.87180208040484e-05
7.87180208040484e-05
5.62271577171774e-05
8.99634523474838e-05
7.87180208040484e-05
0.000404835535563677
0.000303626651672758
0.000371099240933371
0.000416080967107113
0.000281135788585887
0.000337362946303064
0.000393590104020242
0.000292381220129322
0.000303626651672758
0.000292381220129322
0.00012369974697779
5.62271577171774e-05
4.49817261737419e-05
0.000292381220129322
0.000292381220129322
0.000247399493955581
0.000269890357042451
0.000269890357042451
0.000247399493955581
6.74725892606129e-05
0.000101208883890919
0.000101208883890919
7.87180208040484e-05
6.74725892606129e-05
0.00012369974697779
7.87180208040484e-05
5.62271577171774e-05
0.000101208883890919
8.99634523474838e-05
7.87180208040484e-05
0.000326117514759629
0.000371099240933371
0.000258644925499016
0.000404835535563677
0.000168681473151532
0.000247399493955581
0.000179926904694968
0.000303626651672758
0.000236154062412145
0.000371099240933371
0.000146190610064661
0.000157436041608097
0.000236154062412145
0.000179926904694968
0.000191172336238403
0.000168681473151532
7.87180208040484e-05
0.000168681473151532
0.000134945178521226
0.000382344672476806
0.000134945178521226
4.49817261737419e-05
0.000112454315434355
0.000112454315434355
0.000146190610064661
0.000494798987911161
0.000438571830193984
0.000337362946303064
0.000483553556367726
0.000101208883890919
5.62271577171774e-05
0.000168681473151532
0.000191172336238403
0.000269890357042451
0.000157436041608097
7.87180208040484e-05
0.000404835535563677
0.000303626651672758
0.000168681473151532
0.000258644925499016
0.0003486083778465
0.000438571830193984
0.000112454315434355
0.000236154062412145
0.000382344672476806
8.99634523474838e-05
5.62271577171774e-05
0.000371099240933371
0.000179926904694968
0.000404835535563677
5.62271577171774e-05
0.000179926904694968
0.000427326398650548
0.000146190610064661
0.000337362946303064
0.000269890357042451
0.000191172336238403
0.000314872083216193
0.000337362946303064
0.000247399493955581
0.000314872083216193
0.000382344672476806
0.000157436041608097
4.49817261737419e-05
0.000146190610064661
0.000101208883890919
0.000236154062412145
4.49817261737419e-05
0.000191172336238403
0.000359853809389935
0.000112454315434355
0.000112454315434355
0.000146190610064661
0.000191172336238403
0.000191172336238403
0.000101208883890919
8.99634523474838e-05
0.000213663199325274
8.99634523474838e-05
0.000247399493955581
2.2490863086871e-05
0.000191172336238403
0.000191172336238403
0.00047230812482429
0.000326117514759629
0.000314872083216193
0.0003486083778465
0.000134945178521226
8.99634523474838e-05
6.74725892606129e-05
0.000269890357042451
0.000168681473151532
0.000101208883890919
0.000157436041608097
0.000134945178521226
6.74725892606129e-05
0.000157436041608097
0.000438571830193984
0.000101208883890919
0.000258644925499016
0.000146190610064661
0.00012369974697779
0.000337362946303064
0.000191172336238403
0.000146190610064661
6.74725892606129e-05
0.000191172336238403
0.000157436041608097
4.49817261737419e-05
0.000157436041608097
0.000101208883890919
0.000168681473151532
0.000179926904694968
0.000292381220129322
0.000337362946303064
0.000303626651672758
0.000202417767781839
0.000247399493955581
0.000101208883890919
0.000157436041608097
0.000112454315434355
0.00012369974697779
0.000168681473151532
0.000179926904694968
0.000168681473151532
0.000146190610064661
0.000146190610064661
0.00012369974697779
0.000146190610064661
0.000157436041608097
0.000157436041608097
0.000112454315434355
0.000101208883890919
0.00012369974697779
0.00012369974697779
0.00012369974697779
0.000146190610064661
0.000146190610064661
0.000146190610064661
0.000168681473151532
0.000146190610064661
0.000382344672476806
0.000438571830193984
0.000449817261737419
5.62271577171774e-05
0.000112454315434355
8.99634523474838e-05
0.000112454315434355
0.000112454315434355
0.00012369974697779
0.000112454315434355
0.000101208883890919
0.000179926904694968
0.000202417767781839
0.000168681473151532
0.000213663199325274
0.000292381220129322
0.00022490863086871
0.000202417767781839
0.000168681473151532
4.49817261737419e-05
6.74725892606129e-05
4.49817261737419e-05
4.49817261737419e-05
8.99634523474838e-05
0.000179926904694968
0.000179926904694968
0.000269890357042451
0.000326117514759629
0.000359853809389935
0.000179926904694968
0.000393590104020242
0.000157436041608097
0.000146190610064661
0.000112454315434355
0.000157436041608097
0.000146190610064661
0.000168681473151532
6.74725892606129e-05
0.000112454315434355
0.000179926904694968
0.000146190610064661
0.000157436041608097
0.000157436041608097
0.000843407365757661
0.000910879955018274
0.000888389091931403
0.000899634523474838
0.000517289850998032
0.000865898228844532
0.000775934776497048
0.000854652797301096
0.000888389091931403
0.000809671071127355
0.000337362946303064
0.000494798987911161
0.000910879955018274
0.000708462187236435
0.000517289850998032
0.000506044419454597
0.000787180208040484
0.000719707618779871
0.000798425639583919
0.00082091650267079
0.00059600787180208
0.00059600787180208
0.000584762440258645
0.00047230812482429
0.000584762440258645
0.000640989597975822
0.000112454315434355
0.000764689344953613
0.000798425639583919
0.000877143660387967
0.000764689344953613
0.000787180208040484
0.00012369974697779
0.000967107112735451
0.000764689344953613
0.000607253303345516
0.000551026145628339
0.00112454315434355
0.00106831599662637
0.000506044419454597
0.000854652797301096
0.000539780714084903
0.000877143660387967
0.000101208883890919
0.000528535282541468
0.000326117514759629
0.000933370818105145
0.000427326398650548
0.00047230812482429
0.000719707618779871
0.000629744166432387
0.000236154062412145
0.000607253303345516
0.000337362946303064
0.00012369974697779
0.00107956142816981
0.000787180208040484
0.000618498734888951
0.000607253303345516
0.000832161934214226
0.00047230812482429
0.000877143660387967
0.000539780714084903
0.000742198481866742
7.87180208040484e-05
0.000404835535563677
0.000551026145628339
0.00094461624964858
0.000528535282541468
0.000865898228844532
0.000382344672476806
0.000157436041608097
0.000168681473151532
0.000854652797301096
0.000730953050323306
0.000955861681192016
0.000461062693280855
0.000404835535563677
0.00047230812482429
0.000775934776497048
0.000551026145628339
0.000753443913410177
0.000910879955018274
0.000798425639583919
0.000382344672476806
0.000955861681192016
0.000539780714084903
0.000292381220129322
0.000584762440258645
0.00094461624964858
0.000438571830193984
0.000854652797301096
0.000494798987911161
0.000269890357042451
0.000404835535563677
0.000551026145628339
0.00100084340736576
0.000506044419454597
0.000584762440258645
0.00102333427045263
0.000933370818105145
0.000922125386561709
0.000967107112735451
0.000551026145628339
0.000798425639583919
0.000798425639583919
0.000483553556367726
0.000753443913410177
0.000483553556367726
0.000416080967107113
0.000427326398650548
0.000708462187236435
0.000326117514759629
0.000157436041608097
0.000404835535563677
0.000640989597975822
0.000685971324149564
0.00082091650267079
0.000843407365757661
0.000584762440258645
0.00059600787180208
0.000865898228844532
0.000494798987911161
0.00101208883890919
0.000764689344953613
0.000888389091931403
0.000461062693280855
0.000337362946303064
0.000764689344953613
0.000528535282541468
0.000854652797301096
0.000798425639583919
0.000787180208040484
0.000854652797301096
0.000506044419454597
0.000258644925499016
0.000573517008715209
0.000359853809389935
0.000427326398650548
0.000404835535563677
0.000708462187236435
0.000517289850998032
0.000326117514759629
0.000922125386561709
0.000933370818105145
0.000134945178521226
0.000157436041608097
0.000506044419454597
0.000506044419454597
0.000292381220129322
0.000438571830193984
0.000528535282541468
0.000562271577171774
0.000551026145628339
0.000697216755693
0.000809671071127355
0.000854652797301096
0.000888389091931403
0.00082091650267079
0.000843407365757661
0.000843407365757661
0.000877143660387967
0.000382344672476806
8.99634523474838e-05
7.87180208040484e-05
0.000236154062412145
0.000326117514759629
0.000449817261737419
0.000281135788585887
0.000506044419454597
0.000607253303345516
0.00059600787180208
0.000506044419454597
0.000494798987911161
0.000404835535563677
0.000517289850998032
0.000652235029519258
0.000539780714084903
0.000573517008715209
0.000506044419454597
0.000607253303345516
0.000652235029519258
0.000461062693280855
0.000955861681192016
0.000416080967107113
0.000314872083216193
0.00059600787180208
0.000865898228844532
0.000809671071127355
0.000854652797301096
0.000899634523474838
0.00106831599662637
0.00059600787180208
0.000326117514759629
0.000303626651672758
0.000326117514759629
0.000461062693280855
0.000506044419454597
0.00012369974697779
7.87180208040484e-05
6.74725892606129e-05
8.99634523474838e-05
0.000292381220129322
0.000112454315434355
0.000112454315434355
6.74725892606129e-05
0.000112454315434355
0.000213663199325274
0.000236154062412145
0.000236154062412145
0.00012369974697779
0.000134945178521226
8.99634523474838e-05
0.000112454315434355
0.00012369974697779
0.000157436041608097
0.000191172336238403
0.000157436041608097
0.000134945178521226
0.000157436041608097
0.000157436041608097
8.99634523474838e-05
0.000157436041608097
8.99634523474838e-05
0.000236154062412145
0.000236154062412145
6.74725892606129e-05
0.000168681473151532
0.00012369974697779
0.000168681473151532
0.000157436041608097
0.000101208883890919
0.000202417767781839
0.000202417767781839
4.49817261737419e-05
6.74725892606129e-05
5.62271577171774e-05
0.000157436041608097
5.62271577171774e-05
0.000157436041608097
0.000146190610064661
0.000191172336238403
7.87180208040484e-05
0.000157436041608097
0.000247399493955581
6.74725892606129e-05
7.87180208040484e-05
4.49817261737419e-05
0.000202417767781839
0.000213663199325274
7.87180208040484e-05
8.99634523474838e-05
0.000134945178521226
0.000112454315434355
0.000146190610064661
0.00012369974697779
0.00012369974697779
0.000168681473151532
0.000179926904694968
0.000202417767781839
0.00012369974697779
8.99634523474838e-05
0.000157436041608097
0.000134945178521226
7.87180208040484e-05
6.74725892606129e-05
0.000247399493955581
5.62271577171774e-05
0.000112454315434355
6.74725892606129e-05
0.000157436041608097
0.000438571830193984
0.000112454315434355
0.0003486083778465
0.000112454315434355
8.99634523474838e-05
7.87180208040484e-05
0.000236154062412145
0.000179926904694968
8.99634523474838e-05
8.99634523474838e-05
0.000112454315434355
0.000157436041608097
0.000168681473151532
0.000179926904694968
7.87180208040484e-05
8.99634523474838e-05
7.87180208040484e-05
0.000202417767781839
0.000202417767781839
0.000179926904694968
0.000179926904694968
0.000168681473151532
0.000134945178521226
0.000213663199325274
0.000202417767781839
0.000191172336238403
0.000191172336238403
0.000146190610064661
8.99634523474838e-05
0.000101208883890919
0.000101208883890919
8.99634523474838e-05
0.000134945178521226
0.000134945178521226
0.000202417767781839
8.99634523474838e-05
8.99634523474838e-05
0.000292381220129322
0.000281135788585887
8.99634523474838e-05
0.000101208883890919
0.000236154062412145
0.000168681473151532
0.000168681473151532
7.87180208040484e-05
7.87180208040484e-05
6.74725892606129e-05
4.49817261737419e-05
0.000168681473151532
2.2490863086871e-05
3.37362946303064e-05
0.000269890357042451
0.000517289850998032
0.000427326398650548
0.0003486083778465
0.000461062693280855
0.000461062693280855
0.00047230812482429
0.000359853809389935
0.000314872083216193
0.000483553556367726
0.000191172336238403
0.000506044419454597
0.000326117514759629
0.00106831599662637
0.00047230812482429
0.000326117514759629
0.000337362946303064
0.000326117514759629
0.000269890357042451
0.000269890357042451
0.000269890357042451
0.000202417767781839
0.000382344672476806
0.000517289850998032
0.000506044419454597
0.000775934776497048
0.000416080967107113
0.000506044419454597
0.000281135788585887
0.00047230812482429
0.000179926904694968
0.000236154062412145
0.000517289850998032
0.000506044419454597
0.000404835535563677
0.000416080967107113
0.000168681473151532
0.000517289850998032
0.000506044419454597
0.000416080967107113
0.000416080967107113
0.000258644925499016
0.000371099240933371
0.000303626651672758
0.000461062693280855
0.000438571830193984
0.000461062693280855
0.000371099240933371
0.000494798987911161
0.00113578858588698
0.000337362946303064
0.000382344672476806
0.000416080967107113
0.000416080967107113
0.000404835535563677
0.000551026145628339
0.000314872083216193
0.000809671071127355
0.000371099240933371
0.000269890357042451
0.00047230812482429
0.000528535282541468
0.000483553556367726
0.000483553556367726
0.000438571830193984
0.00047230812482429
0.000618498734888951
0.000494798987911161
0.000506044419454597
0.000494798987911161
0.000528535282541468
0.00134945178521226
0.00047230812482429
0.000461062693280855
0.000449817261737419
0.000393590104020242
0.00119201574360416
0.000146190610064661
0.00133820635366882
0.00137194264829913
0.00118077031206073
0.00114703401743042
0.000337362946303064
0.00127073376440821
0.000494798987911161
0.00118077031206073
0.00113578858588698
0.00012369974697779
0.000371099240933371
0.000416080967107113
0.000393590104020242
0.000449817261737419
0.000427326398650548
0.000416080967107113
0.000404835535563677
0.000539780714084903
0.000168681473151532
0.000539780714084903
0.000438571830193984
0.00131571549058195
0.000404835535563677
0.000382344672476806
0.000506044419454597
0.000506044419454597
0.000483553556367726
0.000393590104020242
0.00047230812482429
0.000393590104020242
0.000427326398650548
0.00022490863086871
0.000337362946303064
0.000326117514759629
0.000427326398650548
0.000517289850998032
0.00129322462749508
0.0003486083778465
0.0003486083778465
0.000337362946303064
0.000337362946303064
0.000438571830193984
0.000674725892606129
0.0003486083778465
0.000449817261737419
0.000461062693280855
0.00103457970199606
0.000449817261737419
0.00107956142816981
0.000371099240933371
0.000326117514759629
0.000393590104020242
0.00047230812482429
0.000427326398650548
0.000551026145628339
0.000652235029519258
0.000157436041608097
0.000359853809389935
0.000506044419454597
0.000494798987911161
0.0003486083778465
0.000359853809389935
0.000517289850998032
0.0010458251335395
0.000213663199325274
0.000483553556367726
0.000269890357042451
0.000258644925499016
0.000494798987911161
0.000438571830193984
0.000449817261737419
0.00022490863086871
0.000528535282541468
0.000461062693280855
0.000269890357042451
0.000236154062412145
0.000337362946303064
0.000461062693280855
0.000168681473151532
0.000382344672476806
0.000449817261737419
0.00102333427045263
0.000202417767781839
0.000404835535563677
0.00047230812482429
0.00047230812482429
0.000258644925499016
0.000236154062412145
0.000528535282541468
0.00047230812482429
0.000303626651672758
0.000314872083216193
0.000337362946303064
0.00047230812482429
0.000494798987911161
0.000483553556367726
0.000247399493955581
0.0010458251335395
0.00047230812482429
0.000640989597975822
0.000506044419454597
0.000517289850998032
0.000618498734888951
0.000337362946303064
0.000326117514759629
0.000483553556367726
0.000483553556367726
0.000494798987911161
0.000146190610064661
0.000269890357042451
0.000269890357042451
0.000236154062412145
0.00022490863086871
0.000179926904694968
0.000281135788585887
0.000258644925499016
0.000168681473151532
0.000213663199325274
0.000191172336238403
0.000258644925499016
0.000247399493955581
0.000202417767781839
0.000371099240933371
0.000528535282541468
0.000483553556367726
0.000528535282541468
0.000506044419454597
0.000359853809389935
0.000461062693280855
0.00105707056508294
0.000393590104020242
0.00047230812482429
0.000337362946303064
0.000461062693280855
0.000483553556367726
0.000461062693280855
0.000483553556367726
0.000449817261737419
0.000629744166432387
0.00047230812482429
0.000461062693280855
0.000157436041608097
0.000314872083216193
0.000202417767781839
0.000573517008715209
0.000337362946303064
0.000337362946303064
0.000258644925499016
0.000337362946303064
0.000134945178521226
0.000247399493955581
0.000112454315434355
0.00012369974697779
0.00012369974697779
0.000258644925499016
0.000157436041608097
0.000191172336238403
0.00012369974697779
0.000179926904694968
0.00022490863086871
0.00012369974697779
0.00012369974697779
8.99634523474838e-05
0.000146190610064661
7.87180208040484e-05
8.99634523474838e-05
0.000202417767781839
0.000168681473151532
3.37362946303064e-05
0.000236154062412145
0.000168681473151532
0.000168681473151532
0.00012369974697779
0.000179926904694968
0.000168681473151532
0.00022490863086871
6.74725892606129e-05
7.87180208040484e-05
0.000202417767781839
0.000134945178521226
0.000101208883890919
0.00022490863086871
0.000101208883890919
0.000112454315434355
8.99634523474838e-05
0.000157436041608097
0.000101208883890919
8.99634523474838e-05
0.000134945178521226
0.000101208883890919
0.000101208883890919
0.000146190610064661
0.00022490863086871
5.62271577171774e-05
0.000134945178521226
0.000134945178521226
7.87180208040484e-05
8.99634523474838e-05
8.99634523474838e-05
0.000202417767781839
0.000146190610064661
6.74725892606129e-05
6.74725892606129e-05
0.000146190610064661
0.000101208883890919
0.000146190610064661
0.000179926904694968
0.000236154062412145
0.000157436041608097
5.62271577171774e-05
0.000157436041608097
0.00022490863086871
0.000168681473151532
7.87180208040484e-05
0.000134945178521226
0.000179926904694968
0.000101208883890919
0.000146190610064661
0.000146190610064661
0.000157436041608097
0.000134945178521226
8.99634523474838e-05
0.000168681473151532
7.87180208040484e-05
0.000112454315434355
0.000146190610064661
8.99634523474838e-05
0.000157436041608097
0.000247399493955581
0.000213663199325274
6.74725892606129e-05
8.99634523474838e-05
8.99634523474838e-05
0.000157436041608097
0.000269890357042451
0.000134945178521226
0.000101208883890919
0.000134945178521226
0.000134945178521226
0.000157436041608097
0.00012369974697779
6.74725892606129e-05
3.37362946303064e-05
0.00012369974697779
3.37362946303064e-05
3.37362946303064e-05
3.37362946303064e-05
0.000157436041608097
8.99634523474838e-05
0.000112454315434355
0.000146190610064661
0.000101208883890919
7.87180208040484e-05
0.000101208883890919
0.000179926904694968
0.000179926904694968
8.99634523474838e-05
4.49817261737419e-05
0.000146190610064661
8.99634523474838e-05
3.37362946303064e-05
0.000213663199325274
0.000191172336238403
0.000202417767781839
0.00022490863086871
0.000247399493955581
8.99634523474838e-05
0.00012369974697779
8.99634523474838e-05
0.000157436041608097
0.000168681473151532
0.000112454315434355
0.000157436041608097
4.49817261737419e-05
0.000168681473151532
0.000112454315434355
0.000157436041608097
0.000157436041608097
0.00022490863086871
0.000247399493955581
0.000157436041608097
0.000236154062412145
0.000112454315434355
8.99634523474838e-05
7.87180208040484e-05
0.000213663199325274
0.000168681473151532
0.000179926904694968
0.000168681473151532
8.99634523474838e-05
0.000146190610064661
0.000146190610064661
0.000146190610064661
0.000157436041608097
0.000157436041608097
0.000168681473151532
0.000146190610064661
0.000191172336238403
0.000112454315434355
0.000146190610064661
0.000168681473151532
0.000168681473151532
0.000157436041608097
0.000168681473151532
0.000168681473151532
8.99634523474838e-05
8.99634523474838e-05
8.99634523474838e-05
8.99634523474838e-05
0.000101208883890919
0.000101208883890919
8.99634523474838e-05
7.87180208040484e-05
7.87180208040484e-05
8.99634523474838e-05
8.99634523474838e-05
3.37362946303064e-05
0.000101208883890919
0.000101208883890919
0.000483553556367726
0.00110205229125668
0.00109080685971324
0.000393590104020242
0.000506044419454597
0.000494798987911161
0.00101208883890919
0.000843407365757661
0.000663480461062693
0.000393590104020242
0.00105707056508294
0.00111329772280011
0.00109080685971324
0.000101208883890919
0.000562271577171774
0.000359853809389935
0.00100084340736576
0.000517289850998032
0.00111329772280011
0.000213663199325274
0.000528535282541468
0.00106831599662637
0.00103457970199606
0.000404835535563677
0.00110205229125668
0.00047230812482429
0.000393590104020242
0.0010458251335395
0.00106831599662637
0.0003486083778465
0.000933370818105145
0.000775934776497048
0.00110205229125668
0.00106831599662637
0.000337362946303064
0.000371099240933371
0.000506044419454597
0.000359853809389935
0.000427326398650548
0.00047230812482429
0.000449817261737419
0.000494798987911161
0.000607253303345516
0.000404835535563677
0.000404835535563677
0.000685971324149564
0.000697216755693
0.000674725892606129
0.000382344672476806
0.000393590104020242
0.00022490863086871
0.000584762440258645
5.62271577171774e-05
0.000269890357042451
7.87180208040484e-05
0.000506044419454597
0.000393590104020242
0.000989597975822322
0.000922125386561709
0.000922125386561709
0.000708462187236435
0.000528535282541468
0.000517289850998032
0.000955861681192016
0.000708462187236435
0.00094461624964858
0.000674725892606129
0.000157436041608097
0.00094461624964858
0.000427326398650548
0.000416080967107113
0.00147315153219005
0.000416080967107113
0.000742198481866742
0.000978352544278887
0.00131571549058195
0.00131571549058195
0.00146190610064661
0.000978352544278887
0.00136069721675569
0.00151813325836379
0.00137194264829913
0.000955861681192016
0.000697216755693
0.000494798987911161
0.000708462187236435
0.000685971324149564
0.000382344672476806
0.000506044419454597
0.000539780714084903
0.000618498734888951
0.000461062693280855
0.000674725892606129
0.00140567894292943
0.000416080967107113
0.000640989597975822
0.000281135788585887
0.000573517008715209
0.000551026145628339
0.000539780714084903
0.00047230812482429
0.000517289850998032
0.000573517008715209
0.000438571830193984
0.000899634523474838
0.000832161934214226
0.000506044419454597
0.000506044419454597
0.00059600787180208
0.000303626651672758
0.000461062693280855
0.000562271577171774
0.000427326398650548
0.0003486083778465
0.000337362946303064
0.000461062693280855
0.000427326398650548
0.000337362946303064
0.000494798987911161
0.000562271577171774
0.000269890357042451
0.000562271577171774
0.0003486083778465
0.000416080967107113
0.000775934776497048
0.000539780714084903
0.000922125386561709
0.000663480461062693
0.000179926904694968
8.99634523474838e-05
0.000393590104020242
0.000404835535563677
0.000933370818105145
0.000371099240933371
0.000258644925499016
0.00082091650267079
0.000562271577171774
0.000494798987911161
0.000416080967107113
0.00110205229125668
0.000517289850998032
0.000281135788585887
0.000573517008715209
0.000303626651672758
0.000573517008715209
0.00138318807984256
0.00134945178521226
0.00133820635366882
0.00201293224627495
0.00133820635366882
0.00130447005903852
0.000888389091931403
0.000404835535563677
0.000483553556367726
0.000382344672476806
0.000652235029519258
0.000404835535563677
0.000449817261737419
0.000877143660387967
0.000910879955018274
0.00103457970199606
0.000865898228844532
0.000416080967107113
0.000899634523474838
0.000978352544278887
0.000134945178521226
0.000618498734888951
0.000449817261737419
0.000393590104020242
0.000461062693280855
0.000438571830193984
0.000416080967107113
0.000371099240933371
0.000404835535563677
0.0003486083778465
0.000337362946303064
0.000269890357042451
0.000607253303345516
0.000449817261737419
0.000292381220129322
0.000438571830193984
4.49817261737419e-05
0.0003486083778465
0.000551026145628339
0.000483553556367726
0.000494798987911161
0.000494798987911161
0.00110205229125668
0.000607253303345516
0.000584762440258645
0.0003486083778465
0.000843407365757661
0.000764689344953613
0.000775934776497048
0.000764689344953613
0.000775934776497048
0.00111329772280011
0.000764689344953613
0.000933370818105145
0.00059600787180208
0.000584762440258645
0.000685971324149564
0.000708462187236435
0.000461062693280855
0.000483553556367726
0.00111329772280011
0.000865898228844532
0.000292381220129322
0.00047230812482429
0.000269890357042451
0.000483553556367726
0.000652235029519258
0.000404835535563677
0.000719707618779871
0.000168681473151532
0.000281135788585887
0.000685971324149564
0.000562271577171774
0.000506044419454597
0.000685971324149564
0.000269890357042451
0.000303626651672758
0.000888389091931403
0.000551026145628339
0.000213663199325274
0.000269890357042451
0.000303626651672758
0.000584762440258645
0.000483553556367726
0.00059600787180208
0.000404835535563677
0.000663480461062693
0.000551026145628339
3.37362946303064e-05
0.000663480461062693
0.000843407365757661
0.000202417767781839
0.00111329772280011
0.000584762440258645
0.000506044419454597
0.000809671071127355
0.000528535282541468
0.000742198481866742
0.00059600787180208
0.000269890357042451
0.00059600787180208
0.000798425639583919
0.000393590104020242
0.00170930559460219
0.0022828226033174
0.00170930559460219
0.000775934776497048
0.000764689344953613
0.00239527691875176
0.0024402586449255
0.00242901321338206
0.00239527691875176
0.00238403148720832
0.00238403148720832
0.00242901321338206
0.00236154062412145
0.00227157717177397
0.00239527691875176
0.00127073376440821
0.00138318807984256
0.00136069721675569
0.000359853809389935
0.000359853809389935
0.0003486083778465
0.000393590104020242
0.000314872083216193
0.000281135788585887
0.000517289850998032
0.000427326398650548
0.000359853809389935
0.000528535282541468
0.000922125386561709
0.000258644925499016
0.000573517008715209
0.000461062693280855
0.00116952488051729
0.00047230812482429
0.00111329772280011
0.000719707618779871
0.00094461624964858
0.000910879955018274
0.000247399493955581
0.000506044419454597
0.000134945178521226
0.000382344672476806
0.000584762440258645
0.000438571830193984
0.000539780714084903
0.00127073376440821
0.00022490863086871
0.000146190610064661
0.000191172336238403
0.000685971324149564
0.000101208883890919
0.000798425639583919
0.000461062693280855
0.000652235029519258
0.000573517008715209
0.000607253303345516
0.00022490863086871
0.00168681473151532
0.00101208883890919
0.00113578858588698
0.00109080685971324
0.000112454315434355
0.000112454315434355
0.000382344672476806
4.49817261737419e-05
0.000494798987911161
0.000326117514759629
0.000573517008715209
0.00047230812482429
0.0003486083778465
0.000483553556367726
0.000427326398650548
0.000393590104020242
0.000314872083216193
6.74725892606129e-05
0.00109080685971324
0.000697216755693
0.000629744166432387
0.000101208883890919
0.000877143660387967
0.00110205229125668
0.000652235029519258
0.000281135788585887
0.000461062693280855
0.000652235029519258
0.00059600787180208
0.00105707056508294
0.000449817261737419
0.00094461624964858
0.000337362946303064
0.000888389091931403
0.000359853809389935
0.000438571830193984
0.000404835535563677
0.00125948833286477
0.000134945178521226
0.0010458251335395
0.000438571830193984
0.000438571830193984
0.00146190610064661
0.000798425639583919
0.000764689344953613
0.000371099240933371
0.000967107112735451
0.000404835535563677
0.000697216755693
0.00110205229125668
0.000843407365757661
0.000494798987911161
0.000112454315434355
0.000483553556367726
0.000483553556367726
0.000134945178521226
0.000506044419454597
0.000933370818105145
0.000314872083216193
0.000719707618779871
0.000764689344953613
0.000708462187236435
0.00012369974697779
0.000449817261737419
0.000438571830193984
0.000551026145628339
0.000404835535563677
0.000685971324149564
0.000517289850998032
0.00116952488051729
0.000506044419454597
0.00100084340736576
0.000382344672476806
0.000494798987911161
0.000787180208040484
0.000269890357042451
0.00119201574360416
0.00059600787180208
0.000528535282541468
0.000618498734888951
0.000461062693280855
0.000607253303345516
0.000382344672476806
0.000730953050323306
0.000326117514759629
0.00152937868990723
0.00112454315434355
0.000461062693280855
0.000562271577171774
0.000640989597975822
0.000573517008715209
0.000393590104020242
0.000303626651672758
0.000494798987911161
0.000292381220129322
0.000314872083216193
0.000438571830193984
0.000551026145628339
0.000393590104020242
0.000416080967107113
0.000607253303345516
0.000438571830193984
0.000573517008715209
0.00156311498453753
0.00130447005903852
0.00154062412145066
0.00150688782682035
0.00154062412145066
0.0015518695529941
0.0012032611751476
0.00177677818386281
0.00150688782682035
0.00143941523755974
0.000449817261737419
0.00136069721675569
0.000427326398650548
0.000449817261737419
0.000326117514759629
0.000416080967107113
0.00012369974697779
0.000427326398650548
0.000371099240933371
0.000506044419454597
0.00047230812482429
0.000528535282541468
0.000494798987911161
0.000483553556367726
0.000404835535563677
0.00047230812482429
0.00094461624964858
0.000573517008715209
0.00102333427045263
0.000955861681192016
0.000393590104020242
0.000685971324149564
0.00133820635366882
0.00106831599662637
0.000202417767781839
0.00107956142816981
0.00118077031206073
0.00107956142816981
0.000281135788585887
0.00125948833286477
0.00106831599662637
0.00112454315434355
0.00130447005903852
6.74725892606129e-05
0.000877143660387967
0.00137194264829913
0.00138318807984256
0.00141692437447287
0.00169806016305876
0.001394433511386
0.00148439696373348
0.00140567894292943
0.000326117514759629
0.00150688782682035
0.00132696092212539
0.00141692437447287
0.000967107112735451
0.00149564239527692
0.000494798987911161
0.000438571830193984
0.000236154062412145
0.000955861681192016
0.000832161934214226
0.000202417767781839
0.000483553556367726
0.000888389091931403
0.000337362946303064
0.000179926904694968
0.000157436041608097
0.000506044419454597
0.000427326398650548
0.000371099240933371
0.000281135788585887
0.000359853809389935
0.000506044419454597
0.000573517008715209
0.000191172336238403
0.000764689344953613
0.000179926904694968
0.000584762440258645
0.000303626651672758
0.000281135788585887
0.000292381220129322
0.000281135788585887
0.000157436041608097
0.000438571830193984
0.000494798987911161
0.00137194264829913
0.000236154062412145
0.000449817261737419
0.000517289850998032
0.000359853809389935
0.000281135788585887
0.000292381220129322
0.000213663199325274
0.000292381220129322
0.000539780714084903
0.000764689344953613
0.000112454315434355
0.000528535282541468
0.000652235029519258
0.000191172336238403
0.000438571830193984
0.000213663199325274
0.000618498734888951
0.000798425639583919
0.000742198481866742
0.000112454315434355
0.000618498734888951
0.000326117514759629
0.00137194264829913
0.000494798987911161
0.000314872083216193
0.000798425639583919
0.000326117514759629
0.000292381220129322
0.000281135788585887
0.000337362946303064
0.000461062693280855
0.000809671071127355
0.000438571830193984
0.000404835535563677
0.000483553556367726
0.000326117514759629
0.000314872083216193
0.000764689344953613
0.000326117514759629
0.0003486083778465
0.000506044419454597
0.000281135788585887
0.00022490863086871
0.000247399493955581
0.000506044419454597
0.000281135788585887
0.000607253303345516
0.000640989597975822
0.000607253303345516
0.000798425639583919
0.000742198481866742
0.000685971324149564
0.000337362946303064
0.000483553556367726
0.0003486083778465
0.000517289850998032
0.000685971324149564
0.00103457970199606
0.000764689344953613
0.000708462187236435
0.000314872083216193
0.000157436041608097
0.000775934776497048
0.000865898228844532
0.0003486083778465
0.000359853809389935
0.000359853809389935
0.000258644925499016
0.000865898228844532
0.000832161934214226
0.000989597975822322
0.000247399493955581
0.000764689344953613
0.000269890357042451
0.000337362946303064
0.000281135788585887
0.000832161934214226
0.00047230812482429
0.000877143660387967
0.000506044419454597
0.000326117514759629
0.000337362946303064
0.000337362946303064
0.000809671071127355
0.000753443913410177
0.000202417767781839
0.000326117514759629
0.000337362946303064
0.0003486083778465
0.0003486083778465
0.000528535282541468
0.0003486083778465
0.000281135788585887
0.000281135788585887
0.000337362946303064
0.000494798987911161
0.000281135788585887
0.000562271577171774
0.000202417767781839
0.000157436041608097
0.000326117514759629
0.000247399493955581
0.000281135788585887
0.000146190610064661
0.000146190610064661
0.000292381220129322
0.000292381220129322
0.000326117514759629
0.000303626651672758
0.000314872083216193
0.000314872083216193
0.000775934776497048
0.000798425639583919
0.000764689344953613
0.000640989597975822
0.000764689344953613
0.000236154062412145
0.000247399493955581
0.000337362946303064
0.000337362946303064
0.000281135788585887
0.000292381220129322
0.000236154062412145
0.0003486083778465
0.000371099240933371
0.000584762440258645
0.000494798987911161
0.000494798987911161
0.000438571830193984
0.000584762440258645
0.00059600787180208
0.00100084340736576
0.000573517008715209
0.000404835535563677
0.000978352544278887
0.00047230812482429
0.000506044419454597
0.00022490863086871
0.000247399493955581
0.000697216755693
0.000955861681192016
0.000607253303345516
0.000213663199325274
0.000551026145628339
0.000483553556367726
0.000618498734888951
0.000281135788585887
0.000281135788585887
0.000281135788585887
0.000281135788585887
0.00059600787180208
0.000629744166432387
0.000584762440258645
0.000146190610064661
0.000179926904694968
0.000326117514759629
0.000573517008715209
0.000236154062412145
0.00059600787180208
0.000168681473151532
0.000461062693280855
0.0003486083778465
0.000359853809389935
0.000269890357042451
0.000685971324149564
0.000292381220129322
0.000258644925499016
0.000449817261737419
0.000607253303345516
0.000393590104020242
0.000382344672476806
0.000438571830193984
0.000877143660387967
0.000281135788585887
0.000494798987911161
0.000236154062412145
0.000258644925499016
0.000416080967107113
0.000449817261737419
0.000607253303345516
0.00047230812482429
0.000404835535563677
0.000629744166432387
0.000506044419454597
0.0003486083778465
0.000449817261737419
0.000607253303345516
0.000202417767781839
0.000483553556367726
0.000551026145628339
0.000427326398650548
0.00132696092212539
0.00133820635366882
0.000337362946303064
0.000359853809389935
0.000382344672476806
0.000438571830193984
0.00047230812482429
0.00094461624964858
0.000685971324149564
0.000359853809389935
0.000303626651672758
0.000607253303345516
0.000730953050323306
0.000843407365757661
0.000910879955018274
0.000112454315434355
0.00022490863086871
0.000573517008715209
0.000449817261737419
0.000382344672476806
0.00134945178521226
0.00110205229125668
0.00119201574360416
0.00105707056508294
0.00107956142816981
0.00112454315434355
0.00118077031206073
0.00114703401743042
0.00116952488051729
0.00106831599662637
0.00112454315434355
0.000326117514759629
0.000258644925499016
0.000404835535563677
0.000393590104020242
0.0003486083778465
0.000652235029519258
0.000371099240933371
0.000787180208040484
0.00100084340736576
0.000663480461062693
0.000382344672476806
0.000922125386561709
0.000562271577171774
0.00102333427045263
0.00102333427045263
0.000573517008715209
6.74725892606129e-05
0.000640989597975822
0.000303626651672758
0.000404835535563677
0.000314872083216193
0.000494798987911161
0.00105707056508294
0.000416080967107113
0.00022490863086871
0.000438571830193984
0.00022490863086871
0.000685971324149564
0.000427326398650548
0.000663480461062693
0.000674725892606129
0.00022490863086871
0.000247399493955581
0.000685971324149564
0.000134945178521226
0.0003486083778465
0.000337362946303064
0.000775934776497048
0.00102333427045263
0.00100084340736576
0.000967107112735451
0.000742198481866742
0.000798425639583919
0.00094461624964858
0.000843407365757661
0.000899634523474838
0.00082091650267079
0.000787180208040484
0.00022490863086871
0.000528535282541468
0.000438571830193984
0.000483553556367726
2.2490863086871e-05
0.000337362946303064
0.000303626651672758
3.37362946303064e-05
0.000292381220129322
0.000438571830193984
0.000191172336238403
0.00022490863086871
0.000416080967107113
0.000191172336238403
0.000506044419454597
1.12454315434355e-05
0.000438571830193984
0.0003486083778465
0.000359853809389935
0.000427326398650548
5.62271577171774e-05
0.000247399493955581
0.000303626651672758
0.000157436041608097
4.49817261737419e-05
0.000236154062412145
0.000202417767781839
0.000314872083216193
0.000382344672476806
0.00022490863086871
0.000269890357042451
0.000404835535563677
0.000258644925499016
0.000562271577171774
0.000303626651672758
0.00022490863086871
0.00047230812482429
0.000506044419454597
0.000494798987911161
0.000303626651672758
0.000506044419454597
0.000494798987911161
0.000506044419454597
0.000236154062412145
0.000494798987911161
0.000461062693280855
0.00022490863086871
0.000157436041608097
0.000494798987911161
0.000314872083216193
0.000506044419454597
0.00047230812482429
0.000247399493955581
0.000359853809389935
0.00022490863086871
0.00022490863086871
0.000314872083216193
2.2490863086871e-05
0.000213663199325274
0.000539780714084903
0.000292381220129322
0.000483553556367726
0.000292381220129322
0.000236154062412145
0.000269890357042451
2.2490863086871e-05
0.000101208883890919
0.000438571830193984
0.000247399493955581
0.000281135788585887
6.74725892606129e-05
0.000708462187236435
0.000303626651672758
7.87180208040484e-05
0.000528535282541468
0.000461062693280855
0.000382344672476806
0.000168681473151532
0.000269890357042451
0.000168681473151532
0.000539780714084903
0.000483553556367726
0.000202417767781839
0.000258644925499016
4.49817261737419e-05
0.000764689344953613
0.000528535282541468
0.000461062693280855
0.000314872083216193
0.000303626651672758
0.00012369974697779
8.99634523474838e-05
0.000281135788585887
0.000247399493955581
0.000303626651672758
0.000303626651672758
0.000449817261737419
0.000416080967107113
0.000517289850998032
0.000258644925499016
0.000281135788585887
0.000314872083216193
0.000269890357042451
0.000303626651672758
0.000236154062412145
0.000202417767781839
0.00022490863086871
0.000393590104020242
0.000416080967107113
0.000449817261737419
0.000179926904694968
0.00012369974697779
0.000202417767781839
0.000371099240933371
0.000191172336238403
0.000314872083216193
0.000168681473151532
0.000236154062412145
0.00022490863086871
0.000247399493955581
0.000213663199325274
0.000292381220129322
0.000303626651672758
0.000258644925499016
0.00022490863086871
0.00022490863086871
0.000112454315434355
0.00022490863086871
0.000281135788585887
0.00022490863086871
0.000269890357042451
0.000112454315434355
4.49817261737419e-05
6.74725892606129e-05
0.000697216755693
0.000416080967107113
0.000899634523474838
0.000269890357042451
0.000168681473151532
0.000640989597975822
0.000258644925499016
0.000416080967107113
0.000967107112735451
0.00107956142816981
0.000258644925499016
0.000247399493955581
0.00114703401743042
0.00106831599662637
0.0010458251335395
0.000640989597975822
0.000179926904694968
0.000134945178521226
0.000202417767781839
0.000371099240933371
0.000719707618779871
0.000742198481866742
0.000753443913410177
0.000730953050323306
0.000146190610064661
0.0003486083778465
0.00101208883890919
0.00118077031206073
0.000404835535563677
0.000449817261737419
0.000258644925499016
0.000258644925499016
0.00105707056508294
0.00102333427045263
0.00106831599662637
0.00109080685971324
0.000213663199325274
0.00114703401743042
0.000281135788585887
0.000269890357042451
0.000517289850998032
0.0010458251335395
0.00102333427045263
0.00047230812482429
0.000247399493955581
0.00106831599662637
0.00114703401743042
0.000258644925499016
0.00103457970199606
0.00111329772280011
0.00105707056508294
0.00105707056508294
0.000854652797301096
0.00107956142816981
0.00114703401743042
0.000832161934214226
0.000877143660387967
0.00111329772280011
0.00102333427045263
0.000719707618779871
0.00113578858588698
0.00109080685971324
0.00112454315434355
0.00118077031206073
0.00116952488051729
0.00110205229125668
0.00101208883890919
0.00022490863086871
0.000247399493955581
0.000292381220129322
0.000494798987911161
0.000393590104020242
0.00047230812482429
0.000269890357042451
0.00112454315434355
0.000719707618779871
0.000978352544278887
0.000191172336238403
0.00112454315434355
0.00106831599662637
0.000978352544278887
0.00109080685971324
0.000629744166432387
0.000438571830193984
0.000865898228844532
0.00094461624964858
0.000461062693280855
0.000854652797301096
0.000978352544278887
0.00094461624964858
0.000922125386561709
0.00105707056508294
0.00110205229125668
0.00110205229125668
0.00105707056508294
0.000618498734888951
0.00106831599662637
0.0010458251335395
0.00105707056508294
0.00127073376440821
0.00109080685971324
0.000877143660387967
0.00106831599662637
0.00110205229125668
0.0010458251335395
0.00112454315434355
0.000910879955018274
0.0010458251335395
0.00116952488051729
0.00106831599662637
0.000697216755693
0.00121450660669103
0.00111329772280011
0.00130447005903852
0.00132696092212539
0.000551026145628339
0.000832161934214226
0.00111329772280011
0.000258644925499016
0.00113578858588698
0.000888389091931403
0.000922125386561709
0.00129322462749508
0.00130447005903852
0.000314872083216193
0.00109080685971324
0.00111329772280011
0.00109080685971324
0.00109080685971324
0.00111329772280011
0.000528535282541468
0.000258644925499016
0.000382344672476806
0.00115827944897385
0.000101208883890919
0.00130447005903852
0.00115827944897385
0.00131571549058195
0.00131571549058195
0.000719707618779871
0.0012369974697779
0.00109080685971324
0.000449817261737419
0.00129322462749508
0.000787180208040484
0.00127073376440821
0.0012369974697779
0.00131571549058195
0.00133820635366882
0.00131571549058195
0.00128197919595164
0.00132696092212539
0.000899634523474838
0.000551026145628339
0.000461062693280855
0.000528535282541468
0.00059600787180208
0.000506044419454597
0.00131571549058195
0.00130447005903852
0.000551026145628339
0.00129322462749508
0.000719707618779871
3.37362946303064e-05
0.00115827944897385
0.00121450660669103
0.00129322462749508
0.00094461624964858
0.000236154062412145
0.000247399493955581
5.62271577171774e-05
0.0010458251335395
0.00129322462749508
0.000258644925499016
0.00129322462749508
0.00129322462749508
0.000359853809389935
0.00129322462749508
0.00128197919595164
0.00130447005903852
0.00129322462749508
0.000629744166432387
0.00129322462749508
0.000640989597975822
0.000877143660387967
0.000832161934214226
0.00125948833286477
0.00107956142816981
0.00128197919595164
0.00129322462749508
0.000989597975822322
0.000967107112735451
0.00119201574360416
0.000629744166432387
0.000281135788585887
0.000416080967107113
0.000674725892606129
0.0012032611751476
0.000494798987911161
0.000618498734888951
0.000551026145628339
0.000528535282541468
0.000584762440258645
0.000449817261737419
0.00122575203823447
0.00130447005903852
0.000955861681192016
0.000449817261737419
0.000888389091931403
0.000461062693280855
0.000798425639583919
0.000449817261737419
0.000663480461062693
0.000652235029519258
0.000573517008715209
0.000562271577171774
0.000359853809389935
0.000404835535563677
0.000640989597975822
0.000674725892606129
0.000562271577171774
0.000573517008715209
0.000562271577171774
0.00059600787180208
0.000517289850998032
0.000607253303345516
0.000652235029519258
0.000640989597975822
0.000562271577171774
0.000629744166432387
0.000562271577171774
0.000652235029519258
0.000146190610064661
0.000584762440258645
0.000674725892606129
0.000213663199325274
0.000562271577171774
0.000663480461062693
0.000685971324149564
0.000573517008715209
0.000449817261737419
0.000134945178521226
0.000494798987911161
0.000157436041608097
0.000674725892606129
0.000101208883890919
7.87180208040484e-05
0.000573517008715209
0.000258644925499016
0.000179926904694968
0.000562271577171774
0.000674725892606129
0.000539780714084903
0.000258644925499016
0.000674725892606129
0.000663480461062693
0.000663480461062693
0.000168681473151532
0.000326117514759629
0.000652235029519258
0.000292381220129322
0.000438571830193984
0.000640989597975822
0.000629744166432387
0.000213663199325274
0.000202417767781839
0.000663480461062693
0.000449817261737419
0.000134945178521226
0.00012369974697779
0.000157436041608097
0.000236154062412145
0.000146190610064661
6.74725892606129e-05
1.12454315434355e-05
0.000112454315434355
0.000101208883890919
7.87180208040484e-05
5.62271577171774e-05
4.49817261737419e-05
4.49817261737419e-05
3.37362946303064e-05
4.49817261737419e-05
8.99634523474838e-05
4.49817261737419e-05
2.2490863086871e-05
1.12454315434355e-05
6.74725892606129e-05
3.37362946303064e-05
4.49817261737419e-05
7.87180208040484e-05
8.99634523474838e-05
6.74725892606129e-05
2.2490863086871e-05
3.37362946303064e-05
2.2490863086871e-05
5.62271577171774e-05
2.2490863086871e-05
0.000258644925499016
2.2490863086871e-05
0.000101208883890919
6.74725892606129e-05
3.37362946303064e-05
5.62271577171774e-05
4.49817261737419e-05
0.000101208883890919
5.62271577171774e-05
4.49817261737419e-05
3.37362946303064e-05
2.2490863086871e-05
1.12454315434355e-05
1.12454315434355e-05
2.2490863086871e-05
0.00012369974697779
3.37362946303064e-05
8.99634523474838e-05
4.49817261737419e-05
0.000179926904694968
0.000202417767781839
4.49817261737419e-05
3.37362946303064e-05
5.62271577171774e-05
3.37362946303064e-05
5.62271577171774e-05
1.12454315434355e-05
2.2490863086871e-05
0.000146190610064661
6.74725892606129e-05
4.49817261737419e-05
4.49817261737419e-05
0.00012369974697779
0.000101208883890919
6.74725892606129e-05
4.49817261737419e-05
4.49817261737419e-05
3.37362946303064e-05
0.000168681473151532
5.62271577171774e-05
3.37362946303064e-05
1.12454315434355e-05
0.000101208883890919
0.00012369974697779
0.000157436041608097
0.000168681473151532
6.74725892606129e-05
0.000101208883890919
4.49817261737419e-05
6.74725892606129e-05
4.49817261737419e-05
7.87180208040484e-05
3.37362946303064e-05
4.49817261737419e-05
2.2490863086871e-05
0.000112454315434355
0.000303626651672758
0.000112454315434355
7.87180208040484e-05
4.49817261737419e-05
3.37362946303064e-05
0.000168681473151532
7.87180208040484e-05
4.49817261737419e-05
8.99634523474838e-05
7.87180208040484e-05
4.49817261737419e-05
3.37362946303064e-05
7.87180208040484e-05
0.000101208883890919
0.00012369974697779
0.000112454315434355
8.99634523474838e-05
0.000134945178521226
0.000157436041608097
0.000146190610064661
0.000179926904694968
0.000112454315434355
0.00012369974697779
8.99634523474838e-05
3.37362946303064e-05
8.99634523474838e-05
0.000101208883890919
3.37362946303064e-05
0.000146190610064661
0.000899634523474838
0.000640989597975822
0.000292381220129322
7.87180208040484e-05
1.12454315434355e-05
0.00012369974697779
6.74725892606129e-05
4.49817261737419e-05
3.37362946303064e-05
0.000314872083216193
0.000258644925499016
0.000337362946303064
0.000247399493955581
0.000303626651672758
0.000247399493955581
0.000236154062412145
0.000191172336238403
0.000303626651672758
6.74725892606129e-05
0.000404835535563677
0.000146190610064661
0.000213663199325274
0.000292381220129322
0.000101208883890919
2.2490863086871e-05
1.12454315434355e-05
1.12454315434355e-05
8.99634523474838e-05
8.99634523474838e-05
0.000157436041608097
0.000101208883890919
0.000112454315434355
6.74725892606129e-05
4.49817261737419e-05
3.37362946303064e-05
0.000168681473151532
0.000404835535563677
0.00022490863086871
5.62271577171774e-05
0.000168681473151532
0.000134945178521226
0.00012369974697779
0.000157436041608097
2.2490863086871e-05
0.000112454315434355
0.000134945178521226
7.87180208040484e-05
6.74725892606129e-05
0.000213663199325274
0.00012369974697779
2.2490863086871e-05
8.99634523474838e-05
0.000134945178521226
4.49817261737419e-05
2.2490863086871e-05
0.00094461624964858
0.000584762440258645
7.87180208040484e-05
6.74725892606129e-05
7.87180208040484e-05
6.74725892606129e-05
7.87180208040484e-05
0.000146190610064661
0.000269890357042451
0.000112454315434355
0.000134945178521226
5.62271577171774e-05
7.87180208040484e-05
0.000157436041608097
0.000101208883890919
0.000191172336238403
1.12454315434355e-05
1.12454315434355e-05
7.87180208040484e-05
5.62271577171774e-05
3.37362946303064e-05
3.37362946303064e-05
2.2490863086871e-05
0.000314872083216193
0.000416080967107113
0.000112454315434355
0.000134945178521226
0.00012369974697779
0.000191172336238403
3.37362946303064e-05
8.99634523474838e-05
0.000168681473151532
0.000168681473151532
8.99634523474838e-05
0.000157436041608097
0.000112454315434355
0.000168681473151532
5.62271577171774e-05
8.99634523474838e-05
3.37362946303064e-05
7.87180208040484e-05
4.49817261737419e-05
7.87180208040484e-05
8.99634523474838e-05
7.87180208040484e-05
6.74725892606129e-05
6.74725892606129e-05
0.000112454315434355
3.37362946303064e-05
2.2490863086871e-05
8.99634523474838e-05
2.2490863086871e-05
0.000269890357042451
0.000359853809389935
0.00047230812482429
0.000652235029519258
0.000382344672476806
0.000101208883890919
8.99634523474838e-05
3.37362946303064e-05
0.000101208883890919
0.0003486083778465
0.000269890357042451
2.2490863086871e-05
1.12454315434355e-05
0.000506044419454597
0.000517289850998032
0.000449817261737419
8.99634523474838e-05
5.62271577171774e-05
1.12454315434355e-05
0.000281135788585887
0.000494798987911161
0.000494798987911161
0.000449817261737419
0.000314872083216193
0.000236154062412145
0.000382344672476806
0.000168681473151532
0.000584762440258645
8.99634523474838e-05
0.000382344672476806
0.000258644925499016
0.000314872083216193
0.000213663199325274
0.000326117514759629
0.000438571830193984
0.000281135788585887
0.000146190610064661
0.000449817261737419
0.000191172336238403
2.2490863086871e-05
2.2490863086871e-05
3.37362946303064e-05
0.000179926904694968
0.000685971324149564
0.0003486083778465
0.00012369974697779
5.62271577171774e-05
0.00112454315434355
0.000416080967107113
0.000663480461062693
0.000157436041608097
0.000314872083216193
0.00022490863086871
